CMDLINE /home/dn16382/anaconda3/bin/python mnist_example.py
MEM 1.929688 1567445410.6278
MEM 18.253906 1567445410.7366
MEM 32.945312 1567445410.8515
MEM 41.171875 1567445410.9596
MEM 57.273438 1567445411.0676
MEM 70.921875 1567445411.1762
MEM 78.437500 1567445411.2903
MEM 82.753906 1567445411.3986
MEM 126.199219 1567445411.5070
MEM 161.613281 1567445411.6155
MEM 162.582031 1567445411.7278
MEM 171.015625 1567445411.8359
MEM 179.226562 1567445411.9440
MEM 184.507812 1567445412.0567
MEM 192.843750 1567445412.1665
MEM 203.449219 1567445412.2745
MEM 212.488281 1567445412.3825
MEM 215.957031 1567445412.4905
MEM 228.261719 1567445412.5985
MEM 235.785156 1567445412.7065
MEM 252.074219 1567445412.8152
MEM 256.675781 1567445412.9236
MEM 263.226562 1567445413.0316
MEM 276.062500 1567445413.1426
MEM 292.304688 1567445413.2507
MEM 309.062500 1567445413.3589
MEM 317.945312 1567445413.4674
MEM 362.882812 1567445413.5822
MEM 485.343750 1567445413.6957
MEM 647.765625 1567445413.8056
MEM 676.960938 1567445413.9140
MEM 647.976562 1567445414.0235
MEM 708.187500 1567445414.1318
CHLD 0 601.121094 1567445414.1423
CHLD 1 601.113281 1567445414.1424
CHLD 2 601.113281 1567445414.1424
MEM 708.210938 1567445414.2546
CHLD 0 601.121094 1567445414.3117
CHLD 1 601.113281 1567445414.3118
CHLD 2 601.113281 1567445414.3119
CHLD 3 601.113281 1567445414.3119
CHLD 4 608.847656 1567445414.3120
CHLD 5 608.906250 1567445414.3120
CHLD 6 605.425781 1567445414.3121
CHLD 7 605.117188 1567445414.3122
CHLD 8 604.777344 1567445414.3122
CHLD 9 605.117188 1567445414.3123
CHLD 10 605.000000 1567445414.3123
CHLD 11 9.625000 1567445414.3124
CHLD 12 0.007812 1567445414.3124
CHLD 13 8.156250 1567445414.3125
MEM 708.222656 1567445414.4129
CHLD 0 601.121094 1567445414.4406
CHLD 1 601.113281 1567445414.4406
CHLD 2 601.113281 1567445414.4407
CHLD 3 601.113281 1567445414.4407
CHLD 4 611.371094 1567445414.4408
CHLD 5 611.718750 1567445414.4409
CHLD 6 608.910156 1567445414.4409
CHLD 7 607.234375 1567445414.4410
CHLD 8 605.425781 1567445414.4410
CHLD 9 605.648438 1567445414.4411
CHLD 10 605.476562 1567445414.4412
CHLD 11 605.210938 1567445414.4412
CHLD 12 0.007812 1567445414.4413
CHLD 13 6.957031 1567445414.4413
CHLD 14 5.957031 1567445414.4414
CHLD 15 7.097656 1567445414.4415
CHLD 16 10.914062 1567445414.4415
CHLD 17 10.156250 1567445414.4416
CHLD 18 9.914062 1567445414.4416
MEM 708.222656 1567445414.5420
CHLD 0 601.121094 1567445414.5741
CHLD 1 601.113281 1567445414.5741
CHLD 2 601.113281 1567445414.5742
CHLD 3 601.113281 1567445414.5742
CHLD 4 614.277344 1567445414.5744
CHLD 5 614.898438 1567445414.5745
CHLD 6 612.367188 1567445414.5745
CHLD 7 609.714844 1567445414.5746
CHLD 8 609.300781 1567445414.5746
CHLD 9 609.343750 1567445414.5747
CHLD 10 608.484375 1567445414.5748
CHLD 11 606.582031 1567445414.5748
CHLD 12 7.558594 1567445414.5749
CHLD 13 8.441406 1567445414.5749
CHLD 14 8.863281 1567445414.5750
CHLD 15 10.835938 1567445414.5751
CHLD 16 8.742188 1567445414.5751
CHLD 17 10.914062 1567445414.5752
CHLD 18 10.863281 1567445414.5752
CHLD 19 10.894531 1567445414.5753
MEM 708.222656 1567445414.6757
CHLD 0 601.121094 1567445414.6996
CHLD 1 601.113281 1567445414.6996
CHLD 2 601.113281 1567445414.6997
CHLD 3 601.113281 1567445414.6997
CHLD 4 617.722656 1567445414.6998
CHLD 5 618.003906 1567445414.6998
CHLD 6 617.753906 1567445414.6999
CHLD 7 613.750000 1567445414.7000
CHLD 8 614.898438 1567445414.7000
CHLD 9 612.046875 1567445414.7001
CHLD 10 611.371094 1567445414.7001
CHLD 11 609.566406 1567445414.7002
CHLD 12 9.359375 1567445414.7002
CHLD 13 10.800781 1567445414.7003
CHLD 14 10.640625 1567445414.7004
CHLD 15 10.835938 1567445414.7004
CHLD 16 10.570312 1567445414.7005
CHLD 17 10.914062 1567445414.7005
CHLD 18 10.863281 1567445414.7006
CHLD 19 10.894531 1567445414.7006
MEM 708.222656 1567445414.8010
CHLD 0 601.121094 1567445414.8162
CHLD 1 601.113281 1567445414.8163
CHLD 2 601.113281 1567445414.8164
CHLD 3 601.113281 1567445414.8164
CHLD 4 617.894531 1567445414.8165
CHLD 5 618.355469 1567445414.8165
CHLD 6 618.167969 1567445414.8166
CHLD 7 617.832031 1567445414.8167
CHLD 8 617.832031 1567445414.8167
CHLD 9 616.656250 1567445414.8168
CHLD 10 614.277344 1567445414.8168
CHLD 11 614.031250 1567445414.8169
CHLD 12 10.875000 1567445414.8169
CHLD 13 10.800781 1567445414.8170
CHLD 14 10.914062 1567445414.8171
CHLD 15 10.835938 1567445414.8171
CHLD 16 10.843750 1567445414.8172
CHLD 17 10.914062 1567445414.8172
CHLD 18 10.863281 1567445414.8173
CHLD 19 10.894531 1567445414.8173
MEM 708.222656 1567445414.9177
CHLD 0 601.121094 1567445414.9489
CHLD 1 601.113281 1567445414.9490
CHLD 2 601.113281 1567445414.9490
CHLD 3 601.113281 1567445414.9491
CHLD 4 618.167969 1567445414.9491
CHLD 5 619.359375 1567445414.9492
CHLD 6 620.453125 1567445414.9492
CHLD 7 618.167969 1567445414.9493
CHLD 8 618.355469 1567445414.9494
CHLD 9 618.003906 1567445414.9494
CHLD 10 617.832031 1567445414.9495
CHLD 11 617.832031 1567445414.9495
CHLD 12 10.875000 1567445414.9496
CHLD 13 10.800781 1567445414.9496
CHLD 14 10.914062 1567445414.9497
CHLD 15 10.835938 1567445414.9497
CHLD 16 10.843750 1567445414.9498
CHLD 17 10.914062 1567445414.9498
CHLD 18 10.863281 1567445414.9499
CHLD 19 10.894531 1567445414.9500
MEM 708.222656 1567445415.0504
CHLD 0 601.121094 1567445415.0864
CHLD 1 601.113281 1567445415.0865
CHLD 2 601.113281 1567445415.0866
CHLD 3 601.113281 1567445415.0866
CHLD 4 618.503906 1567445415.0867
CHLD 5 622.976562 1567445415.0868
CHLD 6 622.714844 1567445415.0868
CHLD 7 618.503906 1567445415.0869
CHLD 8 620.023438 1567445415.0870
CHLD 9 618.355469 1567445415.0870
CHLD 10 618.167969 1567445415.0871
CHLD 11 618.101562 1567445415.0871
CHLD 12 10.875000 1567445415.0872
CHLD 13 10.800781 1567445415.0873
CHLD 14 10.914062 1567445415.0873
CHLD 15 10.835938 1567445415.0874
CHLD 16 10.843750 1567445415.0874
CHLD 17 10.914062 1567445415.0875
CHLD 18 10.863281 1567445415.0875
CHLD 19 10.894531 1567445415.0876
MEM 708.222656 1567445415.1880
CHLD 0 601.121094 1567445415.2181
CHLD 1 601.113281 1567445415.2182
CHLD 2 601.113281 1567445415.2182
CHLD 3 601.113281 1567445415.2204
CHLD 4 620.250000 1567445415.2205
CHLD 5 630.039062 1567445415.2206
CHLD 6 630.039062 1567445415.2206
CHLD 7 620.929688 1567445415.2207
CHLD 8 623.226562 1567445415.2208
CHLD 9 619.359375 1567445415.2208
CHLD 10 618.453125 1567445415.2209
CHLD 11 618.453125 1567445415.2209
CHLD 12 10.875000 1567445415.2210
CHLD 13 10.800781 1567445415.2210
CHLD 14 10.914062 1567445415.2211
CHLD 15 10.835938 1567445415.2212
CHLD 16 10.843750 1567445415.2212
CHLD 17 10.914062 1567445415.2213
CHLD 18 10.863281 1567445415.2213
CHLD 19 10.894531 1567445415.2214
MEM 708.222656 1567445415.3218
CHLD 0 601.121094 1567445415.3416
CHLD 1 601.113281 1567445415.3417
CHLD 2 601.113281 1567445415.3417
CHLD 3 601.113281 1567445415.3418
CHLD 4 622.226562 1567445415.3418
CHLD 5 633.832031 1567445415.3419
CHLD 6 634.628906 1567445415.3420
CHLD 7 622.644531 1567445415.3420
CHLD 8 632.339844 1567445415.3421
CHLD 9 621.328125 1567445415.3421
CHLD 10 619.648438 1567445415.3422
CHLD 11 619.359375 1567445415.3423
CHLD 12 10.875000 1567445415.3423
CHLD 13 10.800781 1567445415.3424
CHLD 14 10.914062 1567445415.3424
CHLD 15 10.835938 1567445415.3425
CHLD 16 10.843750 1567445415.3426
CHLD 17 10.914062 1567445415.3426
CHLD 18 10.863281 1567445415.3427
CHLD 19 10.894531 1567445415.3427
MEM 708.222656 1567445415.4431
CHLD 0 601.121094 1567445415.4671
CHLD 1 601.113281 1567445415.4671
CHLD 2 601.113281 1567445415.4672
CHLD 3 601.113281 1567445415.4673
CHLD 4 623.453125 1567445415.4673
CHLD 5 634.937500 1567445415.4674
CHLD 6 634.875000 1567445415.4674
CHLD 7 624.312500 1567445415.4675
CHLD 8 634.433594 1567445415.4675
CHLD 9 622.757812 1567445415.4676
CHLD 10 621.671875 1567445415.4677
CHLD 11 621.328125 1567445415.4677
CHLD 12 10.875000 1567445415.4678
CHLD 13 10.800781 1567445415.4678
CHLD 14 10.914062 1567445415.4679
CHLD 15 10.835938 1567445415.4680
CHLD 16 10.843750 1567445415.4680
CHLD 17 10.914062 1567445415.4681
CHLD 18 10.863281 1567445415.4681
CHLD 19 10.894531 1567445415.4682
MEM 708.222656 1567445415.5686
CHLD 0 601.121094 1567445415.6002
CHLD 1 601.113281 1567445415.6002
CHLD 2 601.113281 1567445415.6003
CHLD 3 601.113281 1567445415.6003
CHLD 4 630.886719 1567445415.6005
CHLD 5 635.335938 1567445415.6006
CHLD 6 635.128906 1567445415.6006
CHLD 7 630.777344 1567445415.6007
CHLD 8 635.128906 1567445415.6007
CHLD 9 625.031250 1567445415.6008
CHLD 10 622.925781 1567445415.6008
CHLD 11 623.226562 1567445415.6009
CHLD 12 10.875000 1567445415.6010
CHLD 13 10.800781 1567445415.6010
CHLD 14 10.914062 1567445415.6011
CHLD 15 10.835938 1567445415.6011
CHLD 16 10.843750 1567445415.6012
CHLD 17 10.914062 1567445415.6013
CHLD 18 10.863281 1567445415.6013
CHLD 19 10.894531 1567445415.6014
MEM 708.222656 1567445415.7018
CHLD 0 601.121094 1567445415.7474
CHLD 1 601.113281 1567445415.7475
CHLD 2 601.113281 1567445415.7476
CHLD 3 601.113281 1567445415.7476
CHLD 4 634.531250 1567445415.7477
CHLD 5 637.066406 1567445415.7478
CHLD 6 635.128906 1567445415.7478
CHLD 7 633.808594 1567445415.7479
CHLD 8 637.097656 1567445415.7480
CHLD 9 633.835938 1567445415.7480
CHLD 10 630.039062 1567445415.7481
CHLD 11 630.039062 1567445415.7481
CHLD 12 10.875000 1567445415.7482
CHLD 13 10.800781 1567445415.7483
CHLD 14 10.914062 1567445415.7483
CHLD 15 10.835938 1567445415.7484
CHLD 16 10.843750 1567445415.7484
CHLD 17 10.914062 1567445415.7485
CHLD 18 10.863281 1567445415.7486
CHLD 19 10.894531 1567445415.7486
MEM 708.222656 1567445415.8490
CHLD 0 601.121094 1567445415.8836
CHLD 1 601.113281 1567445415.8837
CHLD 2 601.113281 1567445415.8837
CHLD 3 601.113281 1567445415.8838
CHLD 4 634.878906 1567445415.8839
CHLD 5 637.414062 1567445415.8839
CHLD 6 636.187500 1567445415.8840
CHLD 7 634.628906 1567445415.8840
CHLD 8 637.367188 1567445415.8841
CHLD 9 634.628906 1567445415.8841
CHLD 10 633.933594 1567445415.8842
CHLD 11 634.531250 1567445415.8843
CHLD 12 10.875000 1567445415.8843
CHLD 13 10.800781 1567445415.8844
CHLD 14 10.914062 1567445415.8844
CHLD 15 10.835938 1567445415.8845
CHLD 16 10.843750 1567445415.8846
CHLD 17 10.914062 1567445415.8846
CHLD 18 10.863281 1567445415.8847
CHLD 19 10.894531 1567445415.8847
MEM 708.222656 1567445415.9851
CHLD 0 601.121094 1567445416.0293
CHLD 1 601.113281 1567445416.0293
CHLD 2 601.113281 1567445416.0294
CHLD 3 601.113281 1567445416.0294
CHLD 4 635.128906 1567445416.0295
CHLD 5 638.691406 1567445416.0296
CHLD 6 637.289062 1567445416.0296
CHLD 7 634.878906 1567445416.0297
CHLD 8 637.453125 1567445416.0297
CHLD 9 634.628906 1567445416.0298
CHLD 10 634.687500 1567445416.0299
CHLD 11 634.628906 1567445416.0299
CHLD 12 10.875000 1567445416.0300
CHLD 13 10.800781 1567445416.0300
CHLD 14 10.914062 1567445416.0301
CHLD 15 10.835938 1567445416.0301
CHLD 16 10.843750 1567445416.0302
CHLD 17 10.914062 1567445416.0303
CHLD 18 10.863281 1567445416.0303
CHLD 19 10.894531 1567445416.0304
MEM 708.222656 1567445416.1308
CHLD 0 601.121094 1567445416.1693
CHLD 1 601.113281 1567445416.1694
CHLD 2 601.113281 1567445416.1694
CHLD 3 601.113281 1567445416.1695
CHLD 4 637.273438 1567445416.1696
CHLD 5 638.691406 1567445416.1696
CHLD 6 638.628906 1567445416.1697
CHLD 7 635.203125 1567445416.1697
CHLD 8 638.546875 1567445416.1698
CHLD 9 634.878906 1567445416.1698
CHLD 10 634.687500 1567445416.1699
CHLD 11 637.207031 1567445416.1699
CHLD 12 10.875000 1567445416.1700
CHLD 13 10.800781 1567445416.1700
CHLD 14 10.914062 1567445416.1701
CHLD 15 10.835938 1567445416.1701
CHLD 16 10.843750 1567445416.1702
CHLD 17 10.914062 1567445416.1702
CHLD 18 10.863281 1567445416.1703
CHLD 19 10.894531 1567445416.1704
MEM 708.222656 1567445416.2708
CHLD 0 601.121094 1567445416.2988
CHLD 1 601.113281 1567445416.2989
CHLD 2 601.113281 1567445416.2989
CHLD 3 601.113281 1567445416.2990
CHLD 4 639.410156 1567445416.2990
CHLD 5 640.523438 1567445416.2991
CHLD 6 638.628906 1567445416.2992
CHLD 7 637.042969 1567445416.2992
CHLD 8 640.554688 1567445416.2993
CHLD 9 635.128906 1567445416.2993
CHLD 10 634.937500 1567445416.2994
CHLD 11 637.535156 1567445416.2995
CHLD 12 10.875000 1567445416.2995
CHLD 13 10.800781 1567445416.2996
CHLD 14 10.914062 1567445416.2996
CHLD 15 10.835938 1567445416.2997
CHLD 16 10.843750 1567445416.2998
CHLD 17 10.914062 1567445416.2998
CHLD 18 10.863281 1567445416.2999
CHLD 19 10.894531 1567445416.2999
MEM 708.222656 1567445416.4004
CHLD 0 601.121094 1567445416.4323
CHLD 1 601.113281 1567445416.4324
CHLD 2 601.113281 1567445416.4324
CHLD 3 601.113281 1567445416.4325
CHLD 4 640.722656 1567445416.4325
CHLD 5 640.964844 1567445416.4326
CHLD 6 640.695312 1567445416.4327
CHLD 7 637.445312 1567445416.4327
CHLD 8 641.246094 1567445416.4328
CHLD 9 636.835938 1567445416.4328
CHLD 10 635.187500 1567445416.4329
CHLD 11 637.535156 1567445416.4330
CHLD 12 10.875000 1567445416.4330
CHLD 13 10.800781 1567445416.4331
CHLD 14 10.914062 1567445416.4331
CHLD 15 10.835938 1567445416.4332
CHLD 16 10.843750 1567445416.4333
CHLD 17 10.914062 1567445416.4333
CHLD 18 10.863281 1567445416.4344
CHLD 19 10.894531 1567445416.4344
MEM 708.222656 1567445416.5349
CHLD 0 601.121094 1567445416.5583
CHLD 1 601.113281 1567445416.5584
CHLD 2 601.113281 1567445416.5584
CHLD 3 601.113281 1567445416.5585
CHLD 4 641.148438 1567445416.5585
CHLD 5 641.394531 1567445416.5586
CHLD 6 641.085938 1567445416.5586
CHLD 7 638.003906 1567445416.5587
CHLD 8 641.593750 1567445416.5588
CHLD 9 637.269531 1567445416.5588
CHLD 10 637.269531 1567445416.5589
CHLD 11 640.582031 1567445416.5589
CHLD 12 10.875000 1567445416.5590
CHLD 13 10.800781 1567445416.5590
CHLD 14 10.914062 1567445416.5591
CHLD 15 10.835938 1567445416.5591
CHLD 16 10.843750 1567445416.5592
CHLD 17 10.914062 1567445416.5592
CHLD 18 10.863281 1567445416.5593
CHLD 19 10.894531 1567445416.5593
MEM 708.222656 1567445416.6598
CHLD 0 601.121094 1567445416.6825
CHLD 1 601.113281 1567445416.6826
CHLD 2 601.113281 1567445416.6827
CHLD 3 601.113281 1567445416.6827
CHLD 4 641.550781 1567445416.6828
CHLD 5 641.566406 1567445416.6828
CHLD 6 641.250000 1567445416.6829
CHLD 7 638.003906 1567445416.6829
CHLD 8 641.921875 1567445416.6830
CHLD 9 637.269531 1567445416.6830
CHLD 10 639.589844 1567445416.6831
CHLD 11 640.835938 1567445416.6831
CHLD 12 10.875000 1567445416.6832
CHLD 13 10.800781 1567445416.6832
CHLD 14 10.914062 1567445416.6833
CHLD 15 10.835938 1567445416.6833
CHLD 16 10.843750 1567445416.6834
CHLD 17 10.914062 1567445416.6834
CHLD 18 10.863281 1567445416.6835
CHLD 19 10.894531 1567445416.6836
MEM 708.222656 1567445416.7840
CHLD 0 601.121094 1567445416.8078
CHLD 1 601.113281 1567445416.8078
CHLD 2 601.113281 1567445416.8079
CHLD 3 601.113281 1567445416.8079
CHLD 4 641.886719 1567445416.8080
CHLD 5 641.882812 1567445416.8081
CHLD 6 641.644531 1567445416.8081
CHLD 7 640.734375 1567445416.8082
CHLD 8 642.234375 1567445416.8082
CHLD 9 640.640625 1567445416.8083
CHLD 10 639.589844 1567445416.8084
CHLD 11 641.312500 1567445416.8084
CHLD 12 10.875000 1567445416.8085
CHLD 13 10.800781 1567445416.8085
CHLD 14 10.914062 1567445416.8086
CHLD 15 10.835938 1567445416.8087
CHLD 16 10.843750 1567445416.8087
CHLD 17 10.914062 1567445416.8088
CHLD 18 10.863281 1567445416.8088
CHLD 19 10.894531 1567445416.8089
MEM 708.222656 1567445416.9093
CHLD 0 601.121094 1567445416.9334
CHLD 1 601.113281 1567445416.9334
CHLD 2 601.113281 1567445416.9335
CHLD 3 601.113281 1567445416.9336
CHLD 4 642.144531 1567445416.9336
CHLD 5 642.238281 1567445416.9337
CHLD 6 641.984375 1567445416.9337
CHLD 7 641.128906 1567445416.9338
CHLD 8 649.386719 1567445416.9339
CHLD 9 641.062500 1567445416.9339
CHLD 10 640.652344 1567445416.9340
CHLD 11 641.644531 1567445416.9340
CHLD 12 10.875000 1567445416.9341
CHLD 13 10.800781 1567445416.9342
CHLD 14 10.914062 1567445416.9342
CHLD 15 10.835938 1567445416.9504
CHLD 16 10.843750 1567445416.9505
CHLD 17 10.914062 1567445416.9505
CHLD 18 10.863281 1567445416.9506
CHLD 19 10.894531 1567445416.9507
MEM 708.222656 1567445417.0511
CHLD 0 601.121094 1567445417.0711
CHLD 1 601.113281 1567445417.0712
CHLD 2 601.113281 1567445417.0712
CHLD 3 601.113281 1567445417.0713
CHLD 4 642.546875 1567445417.0713
CHLD 5 642.757812 1567445417.0714
CHLD 6 642.324219 1567445417.0715
CHLD 7 641.644531 1567445417.0715
CHLD 8 653.347656 1567445417.0716
CHLD 9 641.234375 1567445417.0716
CHLD 10 641.070312 1567445417.0717
CHLD 11 648.984375 1567445417.0718
CHLD 12 10.875000 1567445417.0718
CHLD 13 10.800781 1567445417.0719
CHLD 14 10.914062 1567445417.0719
CHLD 15 10.835938 1567445417.0720
CHLD 16 10.843750 1567445417.0720
CHLD 17 10.914062 1567445417.0721
CHLD 18 10.863281 1567445417.0722
CHLD 19 10.894531 1567445417.0722
MEM 708.222656 1567445417.1726
CHLD 0 601.121094 1567445417.2046
CHLD 1 601.113281 1567445417.2047
CHLD 2 601.113281 1567445417.2048
CHLD 3 601.113281 1567445417.2048
CHLD 4 642.972656 1567445417.2049
CHLD 5 643.183594 1567445417.2049
CHLD 6 642.492188 1567445417.2050
CHLD 7 641.894531 1567445417.2051
CHLD 8 654.316406 1567445417.2051
CHLD 9 641.628906 1567445417.2052
CHLD 10 641.449219 1567445417.2052
CHLD 11 653.351562 1567445417.2053
CHLD 12 10.875000 1567445417.2054
CHLD 13 10.800781 1567445417.2054
CHLD 14 10.914062 1567445417.2055
CHLD 15 10.835938 1567445417.2055
CHLD 16 10.843750 1567445417.2056
CHLD 17 10.914062 1567445417.2057
CHLD 18 10.863281 1567445417.2057
CHLD 19 10.894531 1567445417.2058
MEM 708.222656 1567445417.3062
CHLD 0 601.121094 1567445417.3312
CHLD 1 601.113281 1567445417.3312
CHLD 2 601.113281 1567445417.3313
CHLD 3 601.113281 1567445417.3314
CHLD 4 645.039062 1567445417.3314
CHLD 5 652.972656 1567445417.3315
CHLD 6 642.996094 1567445417.3316
CHLD 7 642.144531 1567445417.3316
CHLD 8 654.632812 1567445417.3317
CHLD 9 641.964844 1567445417.3317
CHLD 10 641.628906 1567445417.3318
CHLD 11 653.660156 1567445417.3318
CHLD 12 10.875000 1567445417.3319
CHLD 13 10.800781 1567445417.3320
CHLD 14 10.914062 1567445417.3320
CHLD 15 10.835938 1567445417.3321
CHLD 16 10.843750 1567445417.3321
CHLD 17 10.914062 1567445417.3322
CHLD 18 10.863281 1567445417.3323
CHLD 19 10.894531 1567445417.3323
MEM 708.222656 1567445417.4328
CHLD 0 601.121094 1567445417.4566
CHLD 1 601.113281 1567445417.4567
CHLD 2 601.113281 1567445417.4567
CHLD 3 601.113281 1567445417.4568
CHLD 4 651.632812 1567445417.4569
CHLD 5 656.808594 1567445417.4569
CHLD 6 643.171875 1567445417.4570
CHLD 7 642.468750 1567445417.4570
CHLD 8 654.632812 1567445417.4571
CHLD 9 642.394531 1567445417.4572
CHLD 10 641.894531 1567445417.4572
CHLD 11 653.789062 1567445417.4573
CHLD 12 10.875000 1567445417.4573
CHLD 13 10.800781 1567445417.4574
CHLD 14 10.914062 1567445417.4574
CHLD 15 10.835938 1567445417.4575
CHLD 16 10.843750 1567445417.4576
CHLD 17 10.914062 1567445417.4576
CHLD 18 10.863281 1567445417.4577
CHLD 19 10.894531 1567445417.4577
MEM 708.222656 1567445417.5582
CHLD 0 601.121094 1567445417.5852
CHLD 1 601.113281 1567445417.5853
CHLD 2 601.113281 1567445417.5853
CHLD 3 601.113281 1567445417.5854
CHLD 4 655.074219 1567445417.5854
CHLD 5 659.808594 1567445417.5855
CHLD 6 643.644531 1567445417.5855
CHLD 7 642.894531 1567445417.5856
CHLD 8 654.828125 1567445417.5856
CHLD 9 643.105469 1567445417.5857
CHLD 10 642.238281 1567445417.5857
CHLD 11 653.984375 1567445417.5858
CHLD 12 10.875000 1567445417.5859
CHLD 13 10.800781 1567445417.5859
CHLD 14 10.914062 1567445417.5860
CHLD 15 10.835938 1567445417.5860
CHLD 16 10.843750 1567445417.5861
CHLD 17 10.914062 1567445417.5861
CHLD 18 10.863281 1567445417.5862
CHLD 19 10.894531 1567445417.5862
MEM 708.222656 1567445417.6865
CHLD 0 601.121094 1567445417.7183
CHLD 1 601.113281 1567445417.7184
CHLD 2 601.113281 1567445417.7184
CHLD 3 601.113281 1567445417.7185
CHLD 4 655.382812 1567445417.7186
CHLD 5 662.789062 1567445417.7186
CHLD 6 643.828125 1567445417.7187
CHLD 7 643.062500 1567445417.7187
CHLD 8 655.945312 1567445417.7188
CHLD 9 649.742188 1567445417.7189
CHLD 10 642.535156 1567445417.7189
CHLD 11 659.175781 1567445417.7190
CHLD 12 10.875000 1567445417.7190
CHLD 13 10.800781 1567445417.7191
CHLD 14 10.914062 1567445417.7192
CHLD 15 10.835938 1567445417.7192
CHLD 16 10.843750 1567445417.7193
CHLD 17 10.914062 1567445417.7193
CHLD 18 10.863281 1567445417.7194
CHLD 19 10.894531 1567445417.7195
MEM 708.222656 1567445417.8199
CHLD 0 601.121094 1567445417.8635
CHLD 1 601.113281 1567445417.8635
CHLD 2 601.113281 1567445417.8636
CHLD 3 601.113281 1567445417.8636
CHLD 4 655.636719 1567445417.8637
CHLD 5 662.789062 1567445417.8638
CHLD 6 644.144531 1567445417.8638
CHLD 7 643.437500 1567445417.8639
CHLD 8 662.214844 1567445417.8639
CHLD 9 652.062500 1567445417.8640
CHLD 10 651.062500 1567445417.8641
CHLD 11 661.769531 1567445417.8641
CHLD 12 10.875000 1567445417.8642
CHLD 13 10.800781 1567445417.8642
CHLD 14 10.914062 1567445417.8643
CHLD 15 10.835938 1567445417.8643
CHLD 16 10.843750 1567445417.8644
CHLD 17 10.914062 1567445417.8644
CHLD 18 10.863281 1567445417.8645
CHLD 19 10.894531 1567445417.8645
MEM 708.222656 1567445417.9650
CHLD 0 601.121094 1567445418.0107
CHLD 1 601.113281 1567445418.0107
CHLD 2 601.113281 1567445418.0108
CHLD 3 601.113281 1567445418.0109
CHLD 4 655.636719 1567445418.0109
CHLD 5 662.789062 1567445418.0110
CHLD 6 644.320312 1567445418.0110
CHLD 7 643.617188 1567445418.0111
CHLD 8 662.472656 1567445418.0112
CHLD 9 653.472656 1567445418.0112
CHLD 10 652.726562 1567445418.0113
CHLD 11 662.542969 1567445418.0113
CHLD 12 10.875000 1567445418.0114
CHLD 13 10.800781 1567445418.0115
CHLD 14 10.914062 1567445418.0115
CHLD 15 10.835938 1567445418.0116
CHLD 16 10.843750 1567445418.0117
CHLD 17 10.914062 1567445418.0117
CHLD 18 10.863281 1567445418.0118
CHLD 19 10.894531 1567445418.0118
MEM 708.222656 1567445418.1128
CHLD 0 601.121094 1567445418.1537
CHLD 1 601.113281 1567445418.1537
CHLD 2 601.113281 1567445418.1538
CHLD 3 601.113281 1567445418.1539
CHLD 4 655.636719 1567445418.1539
CHLD 5 662.789062 1567445418.1540
CHLD 6 644.503906 1567445418.1540
CHLD 7 643.804688 1567445418.1541
CHLD 8 662.472656 1567445418.1541
CHLD 9 654.699219 1567445418.1542
CHLD 10 656.117188 1567445418.1673
CHLD 11 662.800781 1567445418.1674
CHLD 12 10.875000 1567445418.1731
CHLD 13 10.800781 1567445418.1732
CHLD 14 10.914062 1567445418.1733
CHLD 15 10.835938 1567445418.1816
CHLD 16 10.843750 1567445418.1818
CHLD 17 10.914062 1567445418.1818
CHLD 18 10.863281 1567445418.1819
CHLD 19 10.894531 1567445418.1819
MEM 708.222656 1567445418.2825
CHLD 0 601.121094 1567445418.3321
CHLD 1 601.113281 1567445418.3322
CHLD 2 601.113281 1567445418.3323
CHLD 3 601.113281 1567445418.3324
CHLD 4 655.832031 1567445418.3324
CHLD 5 662.789062 1567445418.3325
CHLD 6 644.644531 1567445418.3326
CHLD 7 644.148438 1567445418.3326
CHLD 8 662.472656 1567445418.3327
CHLD 9 654.699219 1567445418.3327
CHLD 10 656.433594 1567445418.3328
CHLD 11 662.800781 1567445418.3329
CHLD 12 10.875000 1567445418.3329
CHLD 13 10.800781 1567445418.3330
CHLD 14 10.914062 1567445418.3331
CHLD 15 10.835938 1567445418.3331
CHLD 16 10.843750 1567445418.3332
CHLD 17 10.914062 1567445418.3332
CHLD 18 10.863281 1567445418.3333
CHLD 19 10.894531 1567445418.3334
MEM 708.222656 1567445418.4338
CHLD 0 601.121094 1567445418.4836
CHLD 1 601.113281 1567445418.4836
CHLD 2 601.113281 1567445418.4837
CHLD 3 601.113281 1567445418.4837
CHLD 4 655.832031 1567445418.4838
CHLD 5 662.789062 1567445418.4839
CHLD 6 645.007812 1567445418.4839
CHLD 7 644.324219 1567445418.4840
CHLD 8 662.726562 1567445418.4840
CHLD 9 655.253906 1567445418.4841
CHLD 10 659.105469 1567445418.4841
CHLD 11 662.800781 1567445418.4842
CHLD 12 10.875000 1567445418.4843
CHLD 13 10.800781 1567445418.4843
CHLD 14 10.914062 1567445418.4844
CHLD 15 10.835938 1567445418.4844
CHLD 16 10.843750 1567445418.4845
CHLD 17 10.914062 1567445418.4845
CHLD 18 10.863281 1567445418.4846
CHLD 19 10.894531 1567445418.4846
MEM 708.222656 1567445418.5852
CHLD 0 601.121094 1567445418.6681
CHLD 1 601.113281 1567445418.6681
CHLD 2 601.113281 1567445418.6682
CHLD 3 601.113281 1567445418.6682
CHLD 4 655.832031 1567445418.6683
CHLD 5 690.195312 1567445418.6683
CHLD 6 645.378906 1567445418.6684
CHLD 7 646.398438 1567445418.6684
CHLD 8 663.242188 1567445418.6685
CHLD 9 655.253906 1567445418.6685
CHLD 10 659.105469 1567445418.6686
CHLD 11 662.800781 1567445418.6686
CHLD 12 10.875000 1567445418.6687
CHLD 13 10.800781 1567445418.6688
CHLD 14 10.914062 1567445418.6688
CHLD 15 10.835938 1567445418.6689
CHLD 16 10.843750 1567445418.6689
CHLD 17 10.914062 1567445418.6690
CHLD 18 10.863281 1567445418.6690
CHLD 19 10.894531 1567445418.6691
MEM 708.222656 1567445418.7695
CHLD 0 601.121094 1567445418.8415
CHLD 1 601.113281 1567445418.8417
CHLD 2 601.113281 1567445418.8418
CHLD 3 601.113281 1567445418.8418
CHLD 4 660.812500 1567445418.8419
CHLD 5 710.355469 1567445418.8419
CHLD 6 645.644531 1567445418.8420
CHLD 7 651.726562 1567445418.8420
CHLD 8 663.242188 1567445418.8421
CHLD 9 655.253906 1567445418.8422
CHLD 10 659.105469 1567445418.8422
CHLD 11 662.800781 1567445418.8423
CHLD 12 10.875000 1567445418.8423
CHLD 13 10.800781 1567445418.8424
CHLD 14 10.914062 1567445418.8424
CHLD 15 10.835938 1567445418.8425
CHLD 16 10.843750 1567445418.8426
CHLD 17 10.914062 1567445418.8426
CHLD 18 10.863281 1567445418.8427
CHLD 19 10.894531 1567445418.8427
MEM 708.222656 1567445418.9433
CHLD 0 601.121094 1567445418.9861
CHLD 1 601.113281 1567445418.9861
CHLD 2 601.113281 1567445418.9862
CHLD 3 601.113281 1567445418.9863
CHLD 4 661.390625 1567445418.9863
CHLD 5 723.761719 1567445418.9864
CHLD 6 645.816406 1567445418.9865
CHLD 7 652.726562 1567445418.9865
CHLD 8 663.242188 1567445418.9866
CHLD 9 655.578125 1567445418.9867
CHLD 10 659.105469 1567445418.9867
CHLD 11 662.800781 1567445418.9868
CHLD 12 10.875000 1567445418.9868
CHLD 13 10.800781 1567445418.9869
CHLD 14 10.914062 1567445418.9870
CHLD 15 10.835938 1567445418.9870
CHLD 16 10.843750 1567445418.9871
CHLD 17 10.914062 1567445418.9871
CHLD 18 10.863281 1567445418.9872
CHLD 19 10.894531 1567445418.9872
MEM 708.222656 1567445419.0876
CHLD 0 601.121094 1567445419.1029
CHLD 1 601.113281 1567445419.1029
CHLD 2 601.113281 1567445419.1030
CHLD 3 601.113281 1567445419.1030
CHLD 4 661.390625 1567445419.1031
CHLD 5 726.597656 1567445419.1032
CHLD 6 647.507812 1567445419.1032
CHLD 7 654.781250 1567445419.1033
CHLD 8 663.242188 1567445419.1033
CHLD 9 655.578125 1567445419.1034
CHLD 10 659.105469 1567445419.1034
CHLD 11 662.800781 1567445419.1035
CHLD 12 10.875000 1567445419.1035
CHLD 13 10.800781 1567445419.1036
CHLD 14 10.914062 1567445419.1036
CHLD 15 10.835938 1567445419.1037
CHLD 16 10.843750 1567445419.1037
CHLD 17 10.914062 1567445419.1038
CHLD 18 10.863281 1567445419.1039
CHLD 19 10.894531 1567445419.1039
MEM 708.222656 1567445419.2044
CHLD 0 601.121094 1567445419.3003
CHLD 1 601.113281 1567445419.3004
CHLD 2 601.113281 1567445419.3004
CHLD 3 601.113281 1567445419.3005
CHLD 4 661.648438 1567445419.3006
CHLD 5 735.621094 1567445419.3006
CHLD 6 653.285156 1567445419.3007
CHLD 7 654.781250 1567445419.3007
CHLD 8 663.242188 1567445419.3008
CHLD 9 655.578125 1567445419.3009
CHLD 10 659.105469 1567445419.3009
CHLD 11 662.800781 1567445419.3010
CHLD 12 10.875000 1567445419.3011
CHLD 13 10.800781 1567445419.3011
CHLD 14 10.914062 1567445419.3012
CHLD 15 10.835938 1567445419.3012
CHLD 16 10.843750 1567445419.3013
CHLD 17 10.914062 1567445419.3013
CHLD 18 10.863281 1567445419.3014
CHLD 19 10.894531 1567445419.3015
MEM 708.222656 1567445419.4019
CHLD 0 601.121094 1567445419.4424
CHLD 1 601.113281 1567445419.4425
CHLD 2 601.113281 1567445419.4426
CHLD 3 601.113281 1567445419.4426
CHLD 4 661.906250 1567445419.4427
CHLD 5 735.621094 1567445419.4427
CHLD 6 655.109375 1567445419.4428
CHLD 7 654.781250 1567445419.4428
CHLD 8 663.242188 1567445419.4429
CHLD 9 657.929688 1567445419.4429
CHLD 10 686.921875 1567445419.4430
CHLD 11 663.335938 1567445419.4430
CHLD 12 10.875000 1567445419.4431
CHLD 13 10.800781 1567445419.4432
CHLD 14 10.914062 1567445419.4432
CHLD 15 10.835938 1567445419.4433
CHLD 16 10.843750 1567445419.4433
CHLD 17 10.914062 1567445419.4434
CHLD 18 10.863281 1567445419.4434
CHLD 19 10.894531 1567445419.4435
MEM 708.222656 1567445419.5440
CHLD 0 601.121094 1567445419.6194
CHLD 1 601.113281 1567445419.6195
CHLD 2 601.113281 1567445419.6196
CHLD 3 601.113281 1567445419.6196
CHLD 4 661.906250 1567445419.6197
CHLD 5 735.621094 1567445419.6198
CHLD 6 655.296875 1567445419.6198
CHLD 7 656.410156 1567445419.6199
CHLD 8 663.242188 1567445419.6199
CHLD 9 663.804688 1567445419.6200
CHLD 10 697.246094 1567445419.6200
CHLD 11 663.335938 1567445419.6201
CHLD 12 10.875000 1567445419.6201
CHLD 13 10.800781 1567445419.6202
CHLD 14 10.914062 1567445419.6202
CHLD 15 10.835938 1567445419.6203
CHLD 16 10.843750 1567445419.6204
CHLD 17 10.914062 1567445419.6204
CHLD 18 10.863281 1567445419.6205
CHLD 19 10.894531 1567445419.6206
MEM 708.222656 1567445419.7210
CHLD 0 601.121094 1567445419.7525
CHLD 1 601.113281 1567445419.7525
CHLD 2 601.113281 1567445419.7526
CHLD 3 601.113281 1567445419.7526
CHLD 4 661.906250 1567445419.7527
CHLD 5 735.621094 1567445419.7528
CHLD 6 655.296875 1567445419.7528
CHLD 7 656.410156 1567445419.7529
CHLD 8 663.242188 1567445419.7529
CHLD 9 664.320312 1567445419.7530
CHLD 10 697.503906 1567445419.7531
CHLD 11 663.335938 1567445419.7531
CHLD 12 10.875000 1567445419.7532
CHLD 13 10.800781 1567445419.7532
CHLD 14 10.914062 1567445419.7533
CHLD 15 10.835938 1567445419.7534
CHLD 16 10.843750 1567445419.7534
CHLD 17 10.914062 1567445419.7535
CHLD 18 10.863281 1567445419.7535
CHLD 19 10.894531 1567445419.7536
MEM 708.222656 1567445419.8540
CHLD 0 601.121094 1567445419.8928
CHLD 1 601.113281 1567445419.8928
CHLD 2 601.113281 1567445419.8929
CHLD 3 601.113281 1567445419.8929
CHLD 4 661.906250 1567445419.8930
CHLD 5 735.878906 1567445419.8931
CHLD 6 657.433594 1567445419.8931
CHLD 7 656.593750 1567445419.8932
CHLD 8 663.242188 1567445419.8932
CHLD 9 664.320312 1567445419.8933
CHLD 10 697.503906 1567445419.8933
CHLD 11 663.335938 1567445419.8934
CHLD 12 10.875000 1567445419.8934
CHLD 13 10.800781 1567445419.8935
CHLD 14 10.914062 1567445419.8936
CHLD 15 10.835938 1567445419.8936
CHLD 16 10.843750 1567445419.8937
CHLD 17 10.914062 1567445419.8937
CHLD 18 10.863281 1567445419.8938
CHLD 19 10.894531 1567445419.8938
MEM 708.222656 1567445419.9943
CHLD 0 601.121094 1567445420.0211
CHLD 1 601.113281 1567445420.0212
CHLD 2 601.113281 1567445420.0213
CHLD 3 601.113281 1567445420.0213
CHLD 4 661.906250 1567445420.0214
CHLD 5 735.878906 1567445420.0214
CHLD 6 657.503906 1567445420.0215
CHLD 7 656.656250 1567445420.0216
CHLD 8 663.242188 1567445420.0216
CHLD 9 664.578125 1567445420.0217
CHLD 10 697.503906 1567445420.0217
CHLD 11 663.335938 1567445420.0218
CHLD 12 10.875000 1567445420.0219
CHLD 13 10.800781 1567445420.0219
CHLD 14 10.914062 1567445420.0220
CHLD 15 10.835938 1567445420.0220
CHLD 16 10.843750 1567445420.0221
CHLD 17 10.914062 1567445420.0221
CHLD 18 10.863281 1567445420.0222
CHLD 19 10.894531 1567445420.0223
MEM 708.222656 1567445420.1230
CHLD 0 601.121094 1567445420.1656
CHLD 1 601.113281 1567445420.1656
CHLD 2 601.113281 1567445420.1657
CHLD 3 601.113281 1567445420.1657
CHLD 4 661.906250 1567445420.1658
CHLD 5 735.878906 1567445420.1659
CHLD 6 658.414062 1567445420.1659
CHLD 7 656.656250 1567445420.1660
CHLD 8 663.242188 1567445420.1660
CHLD 9 665.093750 1567445420.1661
CHLD 10 697.503906 1567445420.1661
CHLD 11 663.335938 1567445420.1662
CHLD 12 10.875000 1567445420.1663
CHLD 13 10.800781 1567445420.1664
CHLD 14 10.914062 1567445420.1664
CHLD 15 10.835938 1567445420.1665
CHLD 16 10.843750 1567445420.1665
CHLD 17 10.914062 1567445420.1666
CHLD 18 10.863281 1567445420.1666
CHLD 19 10.894531 1567445420.1667
MEM 708.222656 1567445420.2673
CHLD 0 601.121094 1567445420.2910
CHLD 1 601.113281 1567445420.2910
CHLD 2 601.113281 1567445420.2911
CHLD 3 601.113281 1567445420.2912
CHLD 4 661.906250 1567445420.2912
CHLD 5 735.878906 1567445420.2913
CHLD 6 658.789062 1567445420.2913
CHLD 7 656.718750 1567445420.2914
CHLD 8 663.242188 1567445420.2914
CHLD 9 665.093750 1567445420.2915
CHLD 10 697.503906 1567445420.2915
CHLD 11 663.335938 1567445420.2916
CHLD 12 10.875000 1567445420.2916
CHLD 13 10.800781 1567445420.2917
CHLD 14 10.914062 1567445420.2918
CHLD 15 10.835938 1567445420.2918
CHLD 16 10.843750 1567445420.2919
CHLD 17 10.914062 1567445420.2919
CHLD 18 10.863281 1567445420.2920
CHLD 19 10.894531 1567445420.2921
MEM 708.222656 1567445420.3925
CHLD 0 601.121094 1567445420.4685
CHLD 1 601.113281 1567445420.4686
CHLD 2 601.113281 1567445420.4687
CHLD 3 601.113281 1567445420.4687
CHLD 4 661.906250 1567445420.4688
CHLD 5 736.652344 1567445420.4688
CHLD 6 658.789062 1567445420.4689
CHLD 7 656.718750 1567445420.4689
CHLD 8 663.242188 1567445420.4690
CHLD 9 665.093750 1567445420.4690
CHLD 10 697.503906 1567445420.4691
CHLD 11 663.335938 1567445420.4692
CHLD 12 10.875000 1567445420.4692
CHLD 13 10.800781 1567445420.4693
CHLD 14 10.914062 1567445420.4693
CHLD 15 10.835938 1567445420.4694
CHLD 16 10.843750 1567445420.4694
CHLD 17 10.914062 1567445420.4695
CHLD 18 10.863281 1567445420.4695
CHLD 19 10.894531 1567445420.4696
MEM 708.222656 1567445420.5700
CHLD 0 601.121094 1567445420.6817
CHLD 1 601.113281 1567445420.6817
CHLD 2 601.113281 1567445420.7338
CHLD 3 601.113281 1567445420.7339
CHLD 4 661.906250 1567445420.7340
CHLD 5 736.652344 1567445420.7340
CHLD 6 660.070312 1567445420.7341
CHLD 7 656.847656 1567445420.7342
CHLD 8 663.242188 1567445420.7342
CHLD 9 665.609375 1567445420.7343
CHLD 10 699.824219 1567445420.7344
CHLD 11 663.335938 1567445420.7345
CHLD 12 10.875000 1567445420.7345
CHLD 13 10.800781 1567445420.7346
CHLD 14 10.914062 1567445420.7347
CHLD 15 10.835938 1567445420.7347
CHLD 16 10.843750 1567445420.7348
CHLD 17 10.914062 1567445420.7349
CHLD 18 10.863281 1567445420.7349
CHLD 19 10.894531 1567445420.7350
MEM 708.222656 1567445420.8356
CHLD 0 601.121094 1567445420.8835
CHLD 1 601.113281 1567445420.8836
CHLD 2 601.113281 1567445420.8836
CHLD 3 601.113281 1567445420.8837
CHLD 4 661.906250 1567445420.8837
CHLD 5 736.652344 1567445420.8838
CHLD 6 660.070312 1567445420.8838
CHLD 7 656.847656 1567445420.8839
CHLD 8 663.242188 1567445420.8839
CHLD 9 666.125000 1567445420.8840
CHLD 10 699.824219 1567445420.8840
CHLD 11 663.335938 1567445420.8841
CHLD 12 10.875000 1567445420.8842
CHLD 13 10.800781 1567445420.8842
CHLD 14 10.914062 1567445420.8843
CHLD 15 10.835938 1567445420.8843
CHLD 16 10.843750 1567445420.8844
CHLD 17 10.914062 1567445420.8844
CHLD 18 10.863281 1567445420.8845
CHLD 19 10.894531 1567445420.8845
MEM 708.222656 1567445420.9850
CHLD 0 601.121094 1567445421.0037
CHLD 1 601.113281 1567445421.0038
CHLD 2 601.113281 1567445421.0038
CHLD 3 601.113281 1567445421.0039
CHLD 4 661.906250 1567445421.0039
CHLD 5 736.652344 1567445421.0040
CHLD 6 660.070312 1567445421.0040
CHLD 7 656.847656 1567445421.0041
CHLD 8 663.242188 1567445421.0042
CHLD 9 666.125000 1567445421.0042
CHLD 10 700.597656 1567445421.0043
CHLD 11 663.335938 1567445421.0043
CHLD 12 10.875000 1567445421.0044
CHLD 13 10.800781 1567445421.0045
CHLD 14 10.914062 1567445421.0045
CHLD 15 10.835938 1567445421.0046
CHLD 16 10.843750 1567445421.0046
CHLD 17 10.914062 1567445421.0047
CHLD 18 10.863281 1567445421.0047
CHLD 19 10.894531 1567445421.0048
MEM 708.222656 1567445421.1052
CHLD 0 601.121094 1567445421.1250
CHLD 1 601.113281 1567445421.1250
CHLD 2 601.113281 1567445421.1251
CHLD 3 601.113281 1567445421.1251
CHLD 4 661.906250 1567445421.1252
CHLD 5 736.652344 1567445421.1253
CHLD 6 660.070312 1567445421.1253
CHLD 7 656.847656 1567445421.1254
CHLD 8 663.242188 1567445421.1254
CHLD 9 667.156250 1567445421.1255
CHLD 10 700.597656 1567445421.1772
CHLD 11 663.335938 1567445421.1773
CHLD 12 10.875000 1567445421.1773
CHLD 13 10.800781 1567445421.1774
CHLD 14 10.914062 1567445421.1775
CHLD 15 10.835938 1567445421.1775
CHLD 16 10.843750 1567445421.1776
CHLD 17 10.914062 1567445421.1776
CHLD 18 10.863281 1567445421.1777
CHLD 19 10.894531 1567445421.1777
MEM 708.222656 1567445421.2782
CHLD 0 601.121094 1567445421.3057
CHLD 1 601.113281 1567445421.3058
CHLD 2 601.113281 1567445421.3058
CHLD 3 601.113281 1567445421.3059
CHLD 4 661.906250 1567445421.3059
CHLD 5 736.652344 1567445421.3060
CHLD 6 660.070312 1567445421.3060
CHLD 7 656.847656 1567445421.3061
CHLD 8 663.242188 1567445421.3062
CHLD 9 667.929688 1567445421.3062
CHLD 10 700.597656 1567445421.3393
CHLD 11 663.335938 1567445421.3394
CHLD 12 10.875000 1567445421.3395
CHLD 13 10.800781 1567445421.3396
CHLD 14 10.914062 1567445421.3396
CHLD 15 10.835938 1567445421.3397
CHLD 16 10.843750 1567445421.3397
CHLD 17 10.914062 1567445421.3398
CHLD 18 10.863281 1567445421.3399
CHLD 19 10.894531 1567445421.3399
MEM 708.222656 1567445421.4404
CHLD 0 601.121094 1567445421.5098
CHLD 1 601.113281 1567445421.5099
CHLD 2 601.113281 1567445421.5099
CHLD 3 601.113281 1567445421.5100
CHLD 4 661.906250 1567445421.5100
CHLD 5 736.652344 1567445421.5101
CHLD 6 660.070312 1567445421.5102
CHLD 7 656.847656 1567445421.5102
CHLD 8 663.242188 1567445421.5103
CHLD 9 668.703125 1567445421.5103
CHLD 10 700.855469 1567445421.5104
CHLD 11 663.335938 1567445421.5104
CHLD 12 10.875000 1567445421.5105
CHLD 13 10.800781 1567445421.5106
CHLD 14 10.914062 1567445421.5106
CHLD 15 10.835938 1567445421.5107
CHLD 16 10.843750 1567445421.5107
CHLD 17 10.914062 1567445421.5108
CHLD 18 10.863281 1567445421.5108
CHLD 19 10.894531 1567445421.5109
MEM 708.222656 1567445421.6114
CHLD 0 601.121094 1567445421.6542
CHLD 1 601.113281 1567445421.6544
CHLD 2 601.113281 1567445421.6544
CHLD 3 601.113281 1567445421.6545
CHLD 4 661.906250 1567445421.6545
CHLD 5 736.652344 1567445421.6546
CHLD 6 660.070312 1567445421.6547
CHLD 7 657.042969 1567445421.6547
CHLD 8 663.242188 1567445421.6548
CHLD 9 668.703125 1567445421.6548
CHLD 10 700.855469 1567445421.6549
CHLD 11 663.335938 1567445421.6549
CHLD 12 10.875000 1567445421.6550
CHLD 13 10.800781 1567445421.6550
CHLD 14 10.914062 1567445421.6551
CHLD 15 10.835938 1567445421.6551
CHLD 16 10.843750 1567445421.6552
CHLD 17 10.914062 1567445421.6553
CHLD 18 10.863281 1567445421.6553
CHLD 19 10.894531 1567445421.6554
MEM 708.222656 1567445421.7558
CHLD 0 601.121094 1567445421.7758
CHLD 1 601.113281 1567445421.7759
CHLD 2 601.113281 1567445421.7759
CHLD 3 601.113281 1567445421.7760
CHLD 4 662.164062 1567445421.7760
CHLD 5 736.652344 1567445421.7761
CHLD 6 660.070312 1567445421.7761
CHLD 7 657.042969 1567445421.7762
CHLD 8 663.242188 1567445421.7763
CHLD 9 668.703125 1567445421.7763
CHLD 10 700.855469 1567445421.7764
CHLD 11 663.335938 1567445421.7765
CHLD 12 10.875000 1567445421.7766
CHLD 13 10.800781 1567445421.7766
CHLD 14 10.914062 1567445421.7767
CHLD 15 10.835938 1567445421.7768
CHLD 16 10.843750 1567445421.7768
CHLD 17 10.914062 1567445421.7769
CHLD 18 10.863281 1567445421.7769
CHLD 19 10.894531 1567445421.7770
MEM 708.222656 1567445421.8774
CHLD 0 601.121094 1567445421.9157
CHLD 1 601.113281 1567445421.9158
CHLD 2 601.113281 1567445421.9159
CHLD 3 601.113281 1567445421.9159
CHLD 4 662.164062 1567445421.9160
CHLD 5 736.652344 1567445421.9160
CHLD 6 660.070312 1567445421.9161
CHLD 7 657.042969 1567445421.9161
CHLD 8 663.242188 1567445421.9162
CHLD 9 668.703125 1567445421.9162
CHLD 10 701.113281 1567445421.9163
CHLD 11 663.335938 1567445421.9163
CHLD 12 10.875000 1567445421.9164
CHLD 13 10.800781 1567445421.9165
CHLD 14 10.914062 1567445421.9165
CHLD 15 10.835938 1567445421.9166
CHLD 16 10.843750 1567445421.9166
CHLD 17 10.914062 1567445421.9167
CHLD 18 10.863281 1567445421.9168
CHLD 19 10.894531 1567445421.9168
MEM 708.222656 1567445422.0177
CHLD 0 601.121094 1567445422.0682
CHLD 1 601.113281 1567445422.0682
CHLD 2 601.113281 1567445422.0683
CHLD 3 601.113281 1567445422.0684
CHLD 4 662.164062 1567445422.0684
CHLD 5 736.652344 1567445422.0685
CHLD 6 660.070312 1567445422.0685
CHLD 7 657.042969 1567445422.0686
CHLD 8 663.242188 1567445422.0686
CHLD 9 668.703125 1567445422.0687
CHLD 10 701.113281 1567445422.0688
CHLD 11 663.335938 1567445422.0688
CHLD 12 10.875000 1567445422.0689
CHLD 13 10.800781 1567445422.0689
CHLD 14 10.914062 1567445422.0690
CHLD 15 10.835938 1567445422.0690
CHLD 16 10.843750 1567445422.0691
CHLD 17 10.914062 1567445422.0691
CHLD 18 10.863281 1567445422.0692
CHLD 19 10.894531 1567445422.0692
MEM 708.222656 1567445422.1697
CHLD 0 601.121094 1567445422.2010
CHLD 1 601.113281 1567445422.2011
CHLD 2 601.113281 1567445422.2011
CHLD 3 601.113281 1567445422.2012
CHLD 4 662.164062 1567445422.2013
CHLD 5 736.652344 1567445422.2013
CHLD 6 660.070312 1567445422.2014
CHLD 7 657.042969 1567445422.2014
CHLD 8 663.242188 1567445422.2015
CHLD 9 668.703125 1567445422.2016
CHLD 10 701.113281 1567445422.2016
CHLD 11 663.335938 1567445422.2017
CHLD 12 10.875000 1567445422.2017
CHLD 13 10.800781 1567445422.2018
CHLD 14 10.914062 1567445422.2019
CHLD 15 10.835938 1567445422.2019
CHLD 16 10.843750 1567445422.2020
CHLD 17 10.914062 1567445422.2020
CHLD 18 10.863281 1567445422.2021
CHLD 19 10.894531 1567445422.2021
MEM 708.222656 1567445422.3026
CHLD 0 601.121094 1567445422.3800
CHLD 1 601.113281 1567445422.3800
CHLD 2 601.113281 1567445422.3801
CHLD 3 601.113281 1567445422.3802
CHLD 4 662.164062 1567445422.3802
CHLD 5 736.652344 1567445422.3803
CHLD 6 660.070312 1567445422.3803
CHLD 7 657.042969 1567445422.3804
CHLD 8 663.242188 1567445422.3804
CHLD 9 668.703125 1567445422.3805
CHLD 10 701.113281 1567445422.3805
CHLD 11 663.335938 1567445422.3806
CHLD 12 10.875000 1567445422.3807
CHLD 13 10.800781 1567445422.3807
CHLD 14 10.914062 1567445422.3808
CHLD 15 10.835938 1567445422.3808
CHLD 16 10.843750 1567445422.3809
CHLD 17 10.914062 1567445422.3809
CHLD 18 10.863281 1567445422.3810
CHLD 19 10.894531 1567445422.3811
MEM 708.222656 1567445422.4815
CHLD 0 601.121094 1567445422.5342
CHLD 1 601.113281 1567445422.5343
CHLD 2 601.113281 1567445422.5344
CHLD 3 601.113281 1567445422.5344
CHLD 4 662.164062 1567445422.5345
CHLD 5 736.652344 1567445422.5345
CHLD 6 661.968750 1567445422.5346
CHLD 7 657.042969 1567445422.5346
CHLD 8 663.242188 1567445422.5347
CHLD 9 668.960938 1567445422.5347
CHLD 10 701.113281 1567445422.5348
CHLD 11 663.335938 1567445422.5348
CHLD 12 10.875000 1567445422.5349
CHLD 13 10.800781 1567445422.5349
CHLD 14 10.914062 1567445422.5350
CHLD 15 10.835938 1567445422.5350
CHLD 16 10.843750 1567445422.5351
CHLD 17 10.914062 1567445422.5351
CHLD 18 10.863281 1567445422.5352
CHLD 19 10.894531 1567445422.5353
MEM 708.222656 1567445422.6357
CHLD 0 601.121094 1567445422.6884
CHLD 1 601.113281 1567445422.6884
CHLD 2 601.113281 1567445422.6885
CHLD 3 601.113281 1567445422.6886
CHLD 4 662.421875 1567445422.6887
CHLD 5 736.652344 1567445422.6887
CHLD 6 663.000000 1567445422.6888
CHLD 7 657.042969 1567445422.6889
CHLD 8 663.242188 1567445422.6889
CHLD 9 668.960938 1567445422.6890
CHLD 10 701.113281 1567445422.6891
CHLD 11 663.335938 1567445422.6892
CHLD 12 10.875000 1567445422.6893
CHLD 13 10.800781 1567445422.6893
CHLD 14 10.914062 1567445422.6894
CHLD 15 10.835938 1567445422.6895
CHLD 16 10.843750 1567445422.6896
CHLD 17 10.914062 1567445422.6897
CHLD 18 10.863281 1567445422.6897
CHLD 19 10.894531 1567445422.6898
MEM 708.222656 1567445422.7906
CHLD 0 601.121094 1567445422.8839
CHLD 1 601.113281 1567445422.8840
CHLD 2 601.113281 1567445422.8841
CHLD 3 601.113281 1567445422.8842
CHLD 4 662.421875 1567445422.8842
CHLD 5 736.652344 1567445422.8843
CHLD 6 663.257812 1567445422.8844
CHLD 7 657.042969 1567445422.8844
CHLD 8 663.242188 1567445422.8845
CHLD 9 668.960938 1567445422.8846
CHLD 10 701.371094 1567445422.8846
CHLD 11 663.335938 1567445422.8847
CHLD 12 10.875000 1567445422.8847
CHLD 13 10.800781 1567445422.8848
CHLD 14 10.914062 1567445422.8849
CHLD 15 10.835938 1567445422.8849
CHLD 16 10.843750 1567445422.8850
CHLD 17 10.914062 1567445422.8851
CHLD 18 10.863281 1567445422.8851
CHLD 19 10.894531 1567445422.8852
MEM 708.222656 1567445422.9856
CHLD 0 601.121094 1567445423.0804
CHLD 1 601.113281 1567445423.0805
CHLD 2 601.113281 1567445423.0806
CHLD 3 601.113281 1567445423.0806
CHLD 4 662.421875 1567445423.0807
CHLD 5 736.652344 1567445423.0808
CHLD 6 663.257812 1567445423.0808
CHLD 7 657.042969 1567445423.0809
CHLD 8 663.242188 1567445423.0809
CHLD 9 668.960938 1567445423.0810
CHLD 10 701.371094 1567445423.0811
CHLD 11 663.335938 1567445423.0811
CHLD 12 10.875000 1567445423.0812
CHLD 13 10.800781 1567445423.0812
CHLD 14 10.914062 1567445423.0813
CHLD 15 10.835938 1567445423.0814
CHLD 16 10.843750 1567445423.0814
CHLD 17 10.914062 1567445423.0815
CHLD 18 10.863281 1567445423.0815
CHLD 19 10.894531 1567445423.0816
MEM 708.222656 1567445423.1850
CHLD 0 601.121094 1567445423.2259
CHLD 1 601.113281 1567445423.2641
CHLD 2 601.113281 1567445423.2643
CHLD 3 601.113281 1567445423.2643
CHLD 4 662.421875 1567445423.2644
CHLD 5 720.867188 1567445423.2645
CHLD 6 663.257812 1567445423.2645
CHLD 7 657.042969 1567445423.2646
CHLD 8 663.242188 1567445423.2647
CHLD 9 668.960938 1567445423.2647
CHLD 10 701.371094 1567445423.2648
CHLD 11 663.335938 1567445423.2649
CHLD 12 10.875000 1567445423.2649
CHLD 13 10.800781 1567445423.2650
CHLD 14 10.914062 1567445423.2651
CHLD 15 10.835938 1567445423.2651
CHLD 16 10.843750 1567445423.2652
CHLD 17 10.914062 1567445423.2652
CHLD 18 10.863281 1567445423.2653
CHLD 19 10.894531 1567445423.2653
MEM 708.222656 1567445423.3667
CHLD 0 601.121094 1567445423.4330
CHLD 1 601.113281 1567445423.4331
CHLD 2 601.113281 1567445423.4331
CHLD 3 601.113281 1567445423.4332
CHLD 4 662.421875 1567445423.4333
CHLD 5 726.792969 1567445423.4333
CHLD 6 663.257812 1567445423.4334
CHLD 7 657.042969 1567445423.4334
CHLD 8 663.242188 1567445423.4335
CHLD 9 669.476562 1567445423.4335
CHLD 10 701.371094 1567445423.4336
CHLD 11 663.335938 1567445423.4336
CHLD 12 10.875000 1567445423.4337
CHLD 13 10.800781 1567445423.4338
CHLD 14 10.914062 1567445423.4338
CHLD 15 10.835938 1567445423.4339
CHLD 16 10.843750 1567445423.4339
CHLD 17 10.914062 1567445423.4340
CHLD 18 10.863281 1567445423.4341
CHLD 19 10.894531 1567445423.4341
MEM 708.222656 1567445423.5347
CHLD 0 601.121094 1567445423.6253
CHLD 1 601.113281 1567445423.6254
CHLD 2 601.113281 1567445423.6254
CHLD 3 601.113281 1567445423.6255
CHLD 4 662.421875 1567445423.6256
CHLD 5 736.074219 1567445423.6256
CHLD 6 663.257812 1567445423.6257
CHLD 7 659.500000 1567445423.6257
CHLD 8 663.242188 1567445423.6258
CHLD 9 669.476562 1567445423.6258
CHLD 10 701.371094 1567445423.6259
CHLD 11 663.335938 1567445423.6260
CHLD 12 10.875000 1567445423.6260
CHLD 13 10.800781 1567445423.6261
CHLD 14 10.914062 1567445423.6261
CHLD 15 10.835938 1567445423.6262
CHLD 16 10.843750 1567445423.6262
CHLD 17 10.914062 1567445423.6365
CHLD 18 10.863281 1567445423.6367
CHLD 19 10.894531 1567445423.6367
MEM 708.222656 1567445423.7384
CHLD 0 601.121094 1567445423.8503
CHLD 1 601.113281 1567445423.8504
CHLD 2 601.113281 1567445423.8505
CHLD 3 601.113281 1567445423.8506
CHLD 4 662.421875 1567445423.8506
CHLD 5 736.074219 1567445423.8507
CHLD 6 663.257812 1567445423.8507
CHLD 7 665.730469 1567445423.8508
CHLD 8 663.242188 1567445423.8508
CHLD 9 669.476562 1567445423.8509
CHLD 10 701.371094 1567445423.8510
CHLD 11 663.335938 1567445423.8510
CHLD 12 10.875000 1567445423.8511
CHLD 13 10.800781 1567445423.8511
CHLD 14 10.914062 1567445423.8512
CHLD 15 10.835938 1567445423.8512
CHLD 16 10.843750 1567445423.8513
CHLD 17 10.914062 1567445423.8513
CHLD 18 10.863281 1567445423.8514
CHLD 19 10.894531 1567445423.8514
MEM 708.222656 1567445423.9519
CHLD 0 601.121094 1567445424.0810
CHLD 1 601.113281 1567445424.0811
CHLD 2 601.113281 1567445424.0812
CHLD 3 601.113281 1567445424.0812
CHLD 4 662.421875 1567445424.0813
CHLD 5 736.074219 1567445424.0814
CHLD 6 663.257812 1567445424.0814
CHLD 7 666.246094 1567445424.0815
CHLD 8 663.242188 1567445424.0816
CHLD 9 669.476562 1567445424.0816
CHLD 10 701.371094 1567445424.0817
CHLD 11 663.335938 1567445424.0817
CHLD 12 10.875000 1567445424.0818
CHLD 13 10.800781 1567445424.0818
CHLD 14 10.914062 1567445424.0819
CHLD 15 10.835938 1567445424.0819
CHLD 16 10.843750 1567445424.0820
CHLD 17 10.914062 1567445424.0820
CHLD 18 10.863281 1567445424.0821
CHLD 19 10.894531 1567445424.0822
MEM 708.234375 1567445424.1832
CHLD 0 601.121094 1567445424.2608
CHLD 1 601.113281 1567445424.2609
CHLD 2 601.113281 1567445424.2610
CHLD 3 601.113281 1567445424.2610
CHLD 4 662.421875 1567445424.2611
CHLD 5 736.074219 1567445424.2611
CHLD 6 663.257812 1567445424.2612
CHLD 7 666.503906 1567445424.2613
CHLD 8 663.242188 1567445424.2613
CHLD 9 669.476562 1567445424.2614
CHLD 10 701.371094 1567445424.2614
CHLD 11 663.335938 1567445424.2615
CHLD 12 10.875000 1567445424.2615
CHLD 13 10.800781 1567445424.2616
CHLD 14 10.914062 1567445424.2616
CHLD 15 10.835938 1567445424.2617
CHLD 16 10.843750 1567445424.2617
CHLD 17 10.914062 1567445424.2618
CHLD 18 10.863281 1567445424.2619
CHLD 19 10.894531 1567445424.2619
MEM 708.234375 1567445424.3624
CHLD 0 601.121094 1567445424.4101
CHLD 1 601.113281 1567445424.4102
CHLD 2 601.113281 1567445424.4102
CHLD 3 601.113281 1567445424.4769
CHLD 4 662.421875 1567445424.4770
CHLD 5 736.074219 1567445424.4770
CHLD 6 663.257812 1567445424.4771
CHLD 7 666.503906 1567445424.4772
CHLD 8 663.574219 1567445424.4773
CHLD 9 669.476562 1567445424.4773
CHLD 10 704.464844 1567445424.4774
CHLD 11 663.335938 1567445424.4775
CHLD 12 10.875000 1567445424.4775
CHLD 13 10.800781 1567445424.4776
CHLD 14 10.914062 1567445424.4776
CHLD 15 10.835938 1567445424.4777
CHLD 16 10.843750 1567445424.4778
CHLD 17 10.914062 1567445424.4778
CHLD 18 10.863281 1567445424.4779
CHLD 19 10.894531 1567445424.4779
MEM 708.234375 1567445424.5788
CHLD 0 601.121094 1567445424.6300
CHLD 1 601.113281 1567445424.6302
CHLD 2 601.113281 1567445424.6302
CHLD 3 601.113281 1567445424.6303
CHLD 4 662.421875 1567445424.6304
CHLD 5 736.074219 1567445424.6304
CHLD 6 668.039062 1567445424.6305
CHLD 7 666.761719 1567445424.6305
CHLD 8 663.574219 1567445424.6306
CHLD 9 669.476562 1567445424.6307
CHLD 10 704.464844 1567445424.6307
CHLD 11 663.335938 1567445424.6308
CHLD 12 10.875000 1567445424.6309
CHLD 13 10.800781 1567445424.6309
CHLD 14 10.914062 1567445424.6310
CHLD 15 10.835938 1567445424.6310
CHLD 16 10.843750 1567445424.6311
CHLD 17 10.914062 1567445424.6372
CHLD 18 10.863281 1567445424.6374
CHLD 19 10.894531 1567445424.6375
MEM 708.234375 1567445424.7381
CHLD 0 601.121094 1567445424.7960
CHLD 1 601.113281 1567445424.7961
CHLD 2 601.113281 1567445424.7962
CHLD 3 601.113281 1567445424.7962
CHLD 4 662.421875 1567445424.7963
CHLD 5 736.074219 1567445424.7963
CHLD 6 694.617188 1567445424.7964
CHLD 7 666.761719 1567445424.7965
CHLD 8 663.574219 1567445424.7965
CHLD 9 669.476562 1567445424.7966
CHLD 10 704.464844 1567445424.7966
CHLD 11 663.335938 1567445424.7967
CHLD 12 10.875000 1567445424.7967
CHLD 13 10.800781 1567445424.7968
CHLD 14 10.914062 1567445424.7968
CHLD 15 10.835938 1567445424.7969
CHLD 16 10.843750 1567445424.7970
CHLD 17 10.914062 1567445424.7970
CHLD 18 10.863281 1567445424.7971
CHLD 19 10.894531 1567445424.7971
MEM 708.234375 1567445424.8976
CHLD 0 601.121094 1567445425.0357
CHLD 1 601.113281 1567445425.0358
CHLD 2 601.113281 1567445425.0358
CHLD 3 601.113281 1567445425.0359
CHLD 4 662.421875 1567445425.0360
CHLD 5 738.910156 1567445425.0360
CHLD 6 702.089844 1567445425.0361
CHLD 7 666.761719 1567445425.0362
CHLD 8 663.574219 1567445425.0362
CHLD 9 669.476562 1567445425.0363
CHLD 10 704.464844 1567445425.0363
CHLD 11 663.335938 1567445425.0364
CHLD 12 10.875000 1567445425.0365
CHLD 13 10.800781 1567445425.0365
CHLD 14 10.914062 1567445425.0366
CHLD 15 10.835938 1567445425.0367
CHLD 16 10.843750 1567445425.0367
CHLD 17 10.914062 1567445425.0368
CHLD 18 10.863281 1567445425.0368
CHLD 19 10.894531 1567445425.0369
MEM 708.234375 1567445425.1382
CHLD 0 601.121094 1567445425.3931
CHLD 1 601.113281 1567445425.3932
CHLD 2 601.113281 1567445425.3933
CHLD 3 601.113281 1567445425.3933
CHLD 4 662.421875 1567445425.3934
CHLD 5 744.582031 1567445425.3935
CHLD 6 703.894531 1567445425.3935
CHLD 7 666.761719 1567445425.3936
CHLD 8 663.574219 1567445425.3936
CHLD 9 669.476562 1567445425.3937
CHLD 10 704.464844 1567445425.3937
CHLD 11 663.335938 1567445425.3938
CHLD 12 10.875000 1567445425.3938
CHLD 13 10.800781 1567445425.3939
CHLD 14 10.914062 1567445425.3939
CHLD 15 10.835938 1567445425.3940
CHLD 16 10.843750 1567445425.3940
CHLD 17 10.914062 1567445425.3941
CHLD 18 10.863281 1567445425.3942
CHLD 19 10.894531 1567445425.3942
MEM 708.234375 1567445425.4946
CHLD 0 601.121094 1567445425.5349
CHLD 1 601.113281 1567445425.5350
CHLD 2 601.113281 1567445425.5350
CHLD 3 601.113281 1567445425.5351
CHLD 4 662.421875 1567445425.5352
CHLD 5 744.582031 1567445425.5352
CHLD 6 703.894531 1567445425.5353
CHLD 7 666.761719 1567445425.5354
CHLD 8 663.574219 1567445425.5354
CHLD 9 669.476562 1567445425.5355
CHLD 10 704.464844 1567445425.5355
CHLD 11 663.335938 1567445425.5356
CHLD 12 10.875000 1567445425.5357
CHLD 13 10.800781 1567445425.5357
CHLD 14 10.914062 1567445425.5358
CHLD 15 10.835938 1567445425.5358
CHLD 16 10.843750 1567445425.5359
CHLD 17 10.914062 1567445425.5360
CHLD 18 10.863281 1567445425.5360
CHLD 19 10.894531 1567445425.5361
MEM 708.234375 1567445425.6465
CHLD 0 601.121094 1567445425.7001
CHLD 1 601.113281 1567445425.7002
CHLD 2 601.113281 1567445425.7002
CHLD 3 601.113281 1567445425.7003
CHLD 4 662.421875 1567445425.7003
CHLD 5 744.582031 1567445425.7004
CHLD 6 703.894531 1567445425.7004
CHLD 7 666.761719 1567445425.7005
CHLD 8 663.574219 1567445425.7005
CHLD 9 669.476562 1567445425.7006
CHLD 10 704.464844 1567445425.7006
CHLD 11 663.335938 1567445425.7007
CHLD 12 10.875000 1567445425.7008
CHLD 13 10.800781 1567445425.7008
CHLD 14 10.914062 1567445425.7009
CHLD 15 10.835938 1567445425.7010
CHLD 16 10.843750 1567445425.7011
CHLD 17 10.914062 1567445425.7011
CHLD 18 10.863281 1567445425.7012
CHLD 19 10.894531 1567445425.7013
MEM 708.234375 1567445425.8018
CHLD 0 601.121094 1567445425.8566
CHLD 1 601.113281 1567445425.8566
CHLD 2 601.113281 1567445425.8567
CHLD 3 601.113281 1567445425.8568
CHLD 4 662.421875 1567445425.8568
CHLD 5 744.582031 1567445425.8569
CHLD 6 706.988281 1567445425.8569
CHLD 7 666.761719 1567445425.8570
CHLD 8 663.574219 1567445425.8570
CHLD 9 669.476562 1567445425.8571
CHLD 10 704.464844 1567445425.8572
CHLD 11 663.335938 1567445425.8572
CHLD 12 10.875000 1567445425.8573
CHLD 13 10.800781 1567445425.8573
CHLD 14 10.914062 1567445425.8574
CHLD 15 10.835938 1567445425.8575
CHLD 16 10.843750 1567445425.8575
CHLD 17 10.914062 1567445425.8576
CHLD 18 10.863281 1567445425.8576
CHLD 19 10.894531 1567445425.8577
MEM 708.234375 1567445425.9582
CHLD 0 601.121094 1567445426.0402
CHLD 1 601.113281 1567445426.0403
CHLD 2 601.113281 1567445426.0404
CHLD 3 601.113281 1567445426.0404
CHLD 4 662.421875 1567445426.0405
CHLD 5 744.582031 1567445426.0406
CHLD 6 708.535156 1567445426.0406
CHLD 7 666.761719 1567445426.0407
CHLD 8 663.574219 1567445426.0408
CHLD 9 669.476562 1567445426.0409
CHLD 10 704.464844 1567445426.0409
CHLD 11 663.335938 1567445426.0410
CHLD 12 10.875000 1567445426.0411
CHLD 13 10.800781 1567445426.0411
CHLD 14 10.914062 1567445426.0412
CHLD 15 10.835938 1567445426.0413
CHLD 16 10.843750 1567445426.0413
CHLD 17 10.914062 1567445426.0414
CHLD 18 10.863281 1567445426.0415
CHLD 19 10.894531 1567445426.0415
MEM 708.234375 1567445426.1421
CHLD 0 601.121094 1567445426.1971
CHLD 1 601.113281 1567445426.1972
CHLD 2 601.113281 1567445426.1972
CHLD 3 601.113281 1567445426.1973
CHLD 4 662.421875 1567445426.1974
CHLD 5 744.582031 1567445426.1974
CHLD 6 708.535156 1567445426.1975
CHLD 7 666.761719 1567445426.1975
CHLD 8 663.574219 1567445426.1976
CHLD 9 669.476562 1567445426.1976
CHLD 10 704.464844 1567445426.1977
CHLD 11 663.335938 1567445426.1977
CHLD 12 10.875000 1567445426.1978
CHLD 13 10.800781 1567445426.1978
CHLD 14 10.914062 1567445426.1979
CHLD 15 10.835938 1567445426.1980
CHLD 16 10.843750 1567445426.1980
CHLD 17 10.914062 1567445426.1981
CHLD 18 10.863281 1567445426.1981
CHLD 19 10.894531 1567445426.1982
MEM 708.234375 1567445426.3010
CHLD 0 601.121094 1567445426.4375
CHLD 1 601.113281 1567445426.4377
CHLD 2 601.113281 1567445426.4378
CHLD 3 601.113281 1567445426.4379
CHLD 4 662.421875 1567445426.4379
CHLD 5 744.582031 1567445426.4380
CHLD 6 708.535156 1567445426.4380
CHLD 7 666.761719 1567445426.4381
CHLD 8 663.574219 1567445426.4382
CHLD 9 669.476562 1567445426.4382
CHLD 10 704.464844 1567445426.4466
CHLD 11 663.335938 1567445426.4468
CHLD 12 10.875000 1567445426.4469
CHLD 13 10.800781 1567445426.4469
CHLD 14 10.914062 1567445426.4470
CHLD 15 10.835938 1567445426.4471
CHLD 16 10.843750 1567445426.4471
CHLD 17 10.914062 1567445426.4472
CHLD 18 10.863281 1567445426.4472
CHLD 19 10.894531 1567445426.4473
MEM 708.234375 1567445426.5478
CHLD 0 601.121094 1567445426.6250
CHLD 1 601.113281 1567445426.6251
CHLD 2 601.113281 1567445426.6251
CHLD 3 601.113281 1567445426.6252
CHLD 4 662.421875 1567445426.6252
CHLD 5 744.582031 1567445426.6253
CHLD 6 708.535156 1567445426.6253
CHLD 7 666.761719 1567445426.6254
CHLD 8 663.574219 1567445426.6254
CHLD 9 669.476562 1567445426.6255
CHLD 10 704.464844 1567445426.6255
CHLD 11 663.335938 1567445426.6256
CHLD 12 10.875000 1567445426.6256
CHLD 13 10.800781 1567445426.6257
CHLD 14 10.914062 1567445426.6257
CHLD 15 10.835938 1567445426.6258
CHLD 16 10.843750 1567445426.6258
CHLD 17 10.914062 1567445426.6259
CHLD 18 10.863281 1567445426.6259
CHLD 19 10.894531 1567445426.6260
MEM 708.234375 1567445426.7265
CHLD 0 601.121094 1567445426.8123
CHLD 1 601.113281 1567445426.8123
CHLD 2 601.113281 1567445426.8124
CHLD 3 601.113281 1567445426.8125
CHLD 4 662.421875 1567445426.8125
CHLD 5 744.582031 1567445426.8126
CHLD 6 708.535156 1567445426.8126
CHLD 7 666.761719 1567445426.8127
CHLD 8 663.574219 1567445426.8128
CHLD 9 669.476562 1567445426.8128
CHLD 10 704.464844 1567445426.8129
CHLD 11 663.335938 1567445426.8129
CHLD 12 10.875000 1567445426.8130
CHLD 13 10.800781 1567445426.8131
CHLD 14 10.914062 1567445426.8131
CHLD 15 10.835938 1567445426.8132
CHLD 16 10.843750 1567445426.8132
CHLD 17 10.914062 1567445426.8133
CHLD 18 10.863281 1567445426.8133
CHLD 19 10.894531 1567445426.8134
MEM 708.234375 1567445426.9138
CHLD 0 601.121094 1567445426.9377
CHLD 1 601.113281 1567445426.9378
CHLD 2 601.113281 1567445426.9379
CHLD 3 601.113281 1567445426.9380
CHLD 4 662.421875 1567445426.9381
CHLD 5 744.582031 1567445426.9381
CHLD 6 708.535156 1567445426.9382
CHLD 7 666.761719 1567445426.9573
CHLD 8 663.574219 1567445426.9575
CHLD 9 669.476562 1567445426.9575
CHLD 10 704.464844 1567445426.9616
CHLD 11 663.335938 1567445426.9617
CHLD 12 10.875000 1567445426.9618
CHLD 13 10.800781 1567445426.9618
CHLD 14 10.914062 1567445426.9619
CHLD 15 10.835938 1567445426.9620
CHLD 16 10.843750 1567445426.9620
CHLD 17 10.914062 1567445426.9621
CHLD 18 10.863281 1567445426.9621
CHLD 19 10.894531 1567445426.9622
MEM 708.234375 1567445427.0626
CHLD 0 601.121094 1567445427.0913
CHLD 1 601.113281 1567445427.0914
CHLD 2 601.113281 1567445427.0914
CHLD 3 601.113281 1567445427.0915
CHLD 4 662.421875 1567445427.0915
CHLD 5 744.582031 1567445427.0916
CHLD 6 710.082031 1567445427.0917
CHLD 7 666.761719 1567445427.0917
CHLD 8 663.574219 1567445427.0918
CHLD 9 669.476562 1567445427.0918
CHLD 10 704.464844 1567445427.0919
CHLD 11 664.531250 1567445427.0920
CHLD 12 10.875000 1567445427.0920
CHLD 13 10.800781 1567445427.0921
CHLD 14 10.914062 1567445427.0921
CHLD 15 10.835938 1567445427.0922
CHLD 16 10.843750 1567445427.0922
CHLD 17 10.914062 1567445427.0923
CHLD 18 10.863281 1567445427.0923
CHLD 19 10.894531 1567445427.0924
MEM 708.234375 1567445427.1944
CHLD 0 601.121094 1567445427.2774
CHLD 1 601.113281 1567445427.2775
CHLD 2 601.113281 1567445427.2776
CHLD 3 601.113281 1567445427.2776
CHLD 4 662.421875 1567445427.2777
CHLD 5 744.582031 1567445427.2778
CHLD 6 710.082031 1567445427.2778
CHLD 7 666.761719 1567445427.2779
CHLD 8 664.644531 1567445427.2779
CHLD 9 669.476562 1567445427.2780
CHLD 10 704.464844 1567445427.2781
CHLD 11 664.531250 1567445427.2781
CHLD 12 10.875000 1567445427.2782
CHLD 13 10.800781 1567445427.2782
CHLD 14 10.914062 1567445427.2783
CHLD 15 10.835938 1567445427.2784
CHLD 16 10.843750 1567445427.2784
CHLD 17 10.914062 1567445427.2785
CHLD 18 10.863281 1567445427.2785
CHLD 19 10.894531 1567445427.2786
MEM 708.234375 1567445427.3790
CHLD 0 601.121094 1567445427.4116
CHLD 1 601.113281 1567445427.4117
CHLD 2 601.113281 1567445427.4118
CHLD 3 601.113281 1567445427.4118
CHLD 4 662.421875 1567445427.4119
CHLD 5 744.582031 1567445427.4119
CHLD 6 710.082031 1567445427.4120
CHLD 7 667.277344 1567445427.4120
CHLD 8 664.644531 1567445427.4121
CHLD 9 669.476562 1567445427.4122
CHLD 10 704.464844 1567445427.4122
CHLD 11 664.531250 1567445427.4123
CHLD 12 10.875000 1567445427.4123
CHLD 13 10.800781 1567445427.4124
CHLD 14 10.914062 1567445427.4125
CHLD 15 10.835938 1567445427.4125
CHLD 16 10.843750 1567445427.4126
CHLD 17 10.914062 1567445427.4126
CHLD 18 10.863281 1567445427.4127
CHLD 19 10.894531 1567445427.4127
MEM 708.234375 1567445427.5135
CHLD 0 601.121094 1567445427.5630
CHLD 1 601.113281 1567445427.5631
CHLD 2 601.113281 1567445427.5632
CHLD 3 601.113281 1567445427.5632
CHLD 4 662.421875 1567445427.5633
CHLD 5 744.582031 1567445427.5633
CHLD 6 710.082031 1567445427.5634
CHLD 7 667.277344 1567445427.5635
CHLD 8 664.644531 1567445427.5636
CHLD 9 669.476562 1567445427.5636
CHLD 10 704.464844 1567445427.5637
CHLD 11 664.531250 1567445427.5637
CHLD 12 10.875000 1567445427.5638
CHLD 13 10.800781 1567445427.5639
CHLD 14 10.914062 1567445427.5639
CHLD 15 10.835938 1567445427.5640
CHLD 16 10.843750 1567445427.5641
CHLD 17 10.914062 1567445427.5642
CHLD 18 10.863281 1567445427.5642
CHLD 19 10.894531 1567445427.5643
MEM 708.234375 1567445427.6738
CHLD 0 601.121094 1567445427.7488
CHLD 1 601.113281 1567445427.7489
CHLD 2 601.113281 1567445427.7490
CHLD 3 601.113281 1567445427.7490
CHLD 4 662.421875 1567445427.7491
CHLD 5 744.582031 1567445427.7492
CHLD 6 710.082031 1567445427.7492
CHLD 7 667.277344 1567445427.7493
CHLD 8 664.644531 1567445427.7493
CHLD 9 669.476562 1567445427.7494
CHLD 10 704.464844 1567445427.7495
CHLD 11 664.531250 1567445427.7495
CHLD 12 10.875000 1567445427.7496
CHLD 13 10.800781 1567445427.7497
CHLD 14 10.914062 1567445427.7497
CHLD 15 10.835938 1567445427.7498
CHLD 16 10.843750 1567445427.7498
CHLD 17 10.914062 1567445427.7499
CHLD 18 10.863281 1567445427.7499
CHLD 19 10.894531 1567445427.7500
MEM 708.234375 1567445427.8505
CHLD 0 601.121094 1567445427.9104
CHLD 1 601.113281 1567445427.9105
CHLD 2 601.113281 1567445427.9106
CHLD 3 601.113281 1567445427.9106
CHLD 4 662.421875 1567445427.9107
CHLD 5 744.582031 1567445427.9108
CHLD 6 710.082031 1567445427.9108
CHLD 7 667.277344 1567445427.9109
CHLD 8 664.644531 1567445427.9109
CHLD 9 669.476562 1567445427.9110
CHLD 10 704.464844 1567445427.9111
CHLD 11 664.531250 1567445427.9111
CHLD 12 10.875000 1567445427.9112
CHLD 13 10.800781 1567445427.9112
CHLD 14 10.914062 1567445427.9113
CHLD 15 10.835938 1567445427.9114
CHLD 16 10.843750 1567445427.9114
CHLD 17 10.914062 1567445427.9115
CHLD 18 10.863281 1567445427.9115
CHLD 19 10.894531 1567445427.9116
MEM 708.234375 1567445428.0152
CHLD 0 601.121094 1567445428.0373
CHLD 1 601.113281 1567445428.0374
CHLD 2 601.113281 1567445428.0374
CHLD 3 601.113281 1567445428.0375
CHLD 4 662.421875 1567445428.0375
CHLD 5 744.582031 1567445428.0376
CHLD 6 710.082031 1567445428.0377
CHLD 7 667.277344 1567445428.0377
CHLD 8 664.644531 1567445428.0378
CHLD 9 669.476562 1567445428.0378
CHLD 10 704.464844 1567445428.0379
CHLD 11 664.531250 1567445428.0379
CHLD 12 10.875000 1567445428.0380
CHLD 13 10.800781 1567445428.0381
CHLD 14 10.914062 1567445428.0381
CHLD 15 10.835938 1567445428.0382
CHLD 16 10.843750 1567445428.0382
CHLD 17 10.914062 1567445428.0989
CHLD 18 10.863281 1567445428.0990
CHLD 19 10.894531 1567445428.0990
MEM 708.234375 1567445428.2007
CHLD 0 601.121094 1567445428.2852
CHLD 1 601.113281 1567445428.2853
CHLD 2 601.113281 1567445428.2854
CHLD 3 601.113281 1567445428.2854
CHLD 4 662.421875 1567445428.2855
CHLD 5 744.582031 1567445428.2855
CHLD 6 710.082031 1567445428.2856
CHLD 7 667.277344 1567445428.2856
CHLD 8 664.644531 1567445428.2857
CHLD 9 669.476562 1567445428.2857
CHLD 10 704.464844 1567445428.2858
CHLD 11 664.531250 1567445428.2859
CHLD 12 10.875000 1567445428.2859
CHLD 13 10.800781 1567445428.2860
CHLD 14 10.914062 1567445428.2860
CHLD 15 10.835938 1567445428.2861
CHLD 16 10.843750 1567445428.2861
CHLD 17 10.914062 1567445428.2862
CHLD 18 10.863281 1567445428.2862
CHLD 19 10.894531 1567445428.2863
MEM 708.234375 1567445428.3868
CHLD 0 601.121094 1567445428.4410
CHLD 1 601.113281 1567445428.4411
CHLD 2 601.113281 1567445428.4411
CHLD 3 601.113281 1567445428.4412
CHLD 4 662.421875 1567445428.4412
CHLD 5 744.582031 1567445428.4413
CHLD 6 710.082031 1567445428.4413
CHLD 7 667.277344 1567445428.4414
CHLD 8 664.644531 1567445428.4415
CHLD 9 669.476562 1567445428.4415
CHLD 10 704.464844 1567445428.4416
CHLD 11 664.531250 1567445428.4416
CHLD 12 10.875000 1567445428.4417
CHLD 13 10.800781 1567445428.4417
CHLD 14 10.914062 1567445428.4418
CHLD 15 10.835938 1567445428.4418
CHLD 16 10.843750 1567445428.4419
CHLD 17 10.914062 1567445428.4419
CHLD 18 10.863281 1567445428.4420
CHLD 19 10.894531 1567445428.4421
MEM 708.234375 1567445428.5425
CHLD 0 601.121094 1567445428.5722
CHLD 1 601.113281 1567445428.5723
CHLD 2 601.113281 1567445428.5936
CHLD 3 601.113281 1567445428.5937
CHLD 4 662.421875 1567445428.5938
CHLD 5 744.582031 1567445428.5938
CHLD 6 710.082031 1567445428.5939
CHLD 7 667.277344 1567445428.5940
CHLD 8 664.644531 1567445428.5940
CHLD 9 669.476562 1567445428.5941
CHLD 10 704.464844 1567445428.5941
CHLD 11 664.531250 1567445428.5942
CHLD 12 10.875000 1567445428.5942
CHLD 13 10.800781 1567445428.5943
CHLD 14 10.914062 1567445428.5943
CHLD 15 10.835938 1567445428.5944
CHLD 16 10.843750 1567445428.5944
CHLD 17 10.914062 1567445428.5945
CHLD 18 10.863281 1567445428.5945
CHLD 19 10.894531 1567445428.5946
MEM 708.234375 1567445428.6950
CHLD 0 601.121094 1567445428.7504
CHLD 1 601.113281 1567445428.7505
CHLD 2 601.113281 1567445428.7505
CHLD 3 601.113281 1567445428.7506
CHLD 4 662.421875 1567445428.7506
CHLD 5 744.582031 1567445428.7507
CHLD 6 710.082031 1567445428.7507
CHLD 7 667.277344 1567445428.7508
CHLD 8 664.644531 1567445428.7508
CHLD 9 669.476562 1567445428.7509
CHLD 10 704.464844 1567445428.7510
CHLD 11 664.531250 1567445428.7510
CHLD 12 10.875000 1567445428.7511
CHLD 13 10.800781 1567445428.7511
CHLD 14 10.914062 1567445428.7512
CHLD 15 10.835938 1567445428.7512
CHLD 16 10.843750 1567445428.7513
CHLD 17 10.914062 1567445428.7514
CHLD 18 10.863281 1567445428.7514
CHLD 19 10.894531 1567445428.7515
MEM 708.234375 1567445428.8520
CHLD 0 601.121094 1567445428.9005
CHLD 1 601.113281 1567445428.9006
CHLD 2 601.113281 1567445428.9007
CHLD 3 601.113281 1567445428.9007
CHLD 4 662.421875 1567445428.9008
CHLD 5 727.023438 1567445428.9008
CHLD 6 713.175781 1567445428.9009
CHLD 7 667.277344 1567445428.9009
CHLD 8 664.644531 1567445428.9010
CHLD 9 669.476562 1567445428.9010
CHLD 10 704.464844 1567445428.9011
CHLD 11 664.531250 1567445428.9012
CHLD 12 10.875000 1567445428.9012
CHLD 13 10.800781 1567445428.9013
CHLD 14 10.914062 1567445428.9013
CHLD 15 10.835938 1567445428.9014
CHLD 16 10.843750 1567445428.9015
CHLD 17 10.914062 1567445428.9015
CHLD 18 10.863281 1567445428.9016
CHLD 19 10.894531 1567445428.9016
MEM 708.234375 1567445429.0021
CHLD 0 601.121094 1567445429.0323
CHLD 1 601.113281 1567445429.0324
CHLD 2 601.113281 1567445429.0325
CHLD 3 601.113281 1567445429.0325
CHLD 4 662.421875 1567445429.0326
CHLD 5 727.023438 1567445429.0326
CHLD 6 713.175781 1567445429.0327
CHLD 7 667.277344 1567445429.0327
CHLD 8 664.644531 1567445429.0328
CHLD 9 669.476562 1567445429.0328
CHLD 10 704.464844 1567445429.0329
CHLD 11 664.531250 1567445429.0329
CHLD 12 10.875000 1567445429.0330
CHLD 13 10.800781 1567445429.0330
CHLD 14 10.914062 1567445429.0331
CHLD 15 10.835938 1567445429.0332
CHLD 16 10.843750 1567445429.0332
CHLD 17 10.914062 1567445429.0333
CHLD 18 10.863281 1567445429.0333
CHLD 19 10.894531 1567445429.0334
MEM 708.234375 1567445429.1338
CHLD 0 601.121094 1567445429.1618
CHLD 1 601.113281 1567445429.1618
CHLD 2 601.113281 1567445429.1619
CHLD 3 601.113281 1567445429.1619
CHLD 4 662.421875 1567445429.1620
CHLD 5 727.023438 1567445429.1620
CHLD 6 713.175781 1567445429.1621
CHLD 7 667.277344 1567445429.1621
CHLD 8 664.644531 1567445429.1622
CHLD 9 669.476562 1567445429.1622
CHLD 10 704.464844 1567445429.1624
CHLD 11 665.097656 1567445429.1624
CHLD 12 10.875000 1567445429.1625
CHLD 13 10.800781 1567445429.1625
CHLD 14 10.914062 1567445429.1626
CHLD 15 10.835938 1567445429.1627
CHLD 16 10.843750 1567445429.1627
CHLD 17 10.914062 1567445429.1628
CHLD 18 10.863281 1567445429.1628
CHLD 19 10.894531 1567445429.1629
MEM 711.328125 1567445429.2633
CHLD 0 601.121094 1567445429.2889
CHLD 1 601.113281 1567445429.2889
CHLD 2 601.113281 1567445429.2890
CHLD 3 601.113281 1567445429.2890
CHLD 4 663.628906 1567445429.2891
CHLD 5 727.023438 1567445429.2891
CHLD 6 713.175781 1567445429.2892
CHLD 7 667.277344 1567445429.2892
CHLD 8 0.000000 1567445429.2893
CHLD 9 669.476562 1567445429.2893
CHLD 10 704.464844 1567445429.2894
CHLD 11 0.000000 1567445429.2894
CHLD 12 10.800781 1567445429.2895
CHLD 13 10.914062 1567445429.2895
CHLD 14 10.835938 1567445429.2896
CHLD 15 10.843750 1567445429.2897
CHLD 16 10.914062 1567445429.2897
CHLD 17 10.863281 1567445429.2898
CHLD 18 10.894531 1567445429.2898
MEM 714.566406 1567445429.3903
CHLD 0 601.121094 1567445429.4171
CHLD 1 601.113281 1567445429.4171
CHLD 2 601.113281 1567445429.4172
CHLD 3 601.113281 1567445429.4173
CHLD 4 0.000000 1567445429.4173
CHLD 5 727.023438 1567445429.4174
CHLD 6 713.175781 1567445429.4174
CHLD 7 667.277344 1567445429.4175
CHLD 8 0.000000 1567445429.4175
CHLD 9 669.476562 1567445429.4176
CHLD 10 704.464844 1567445429.4177
CHLD 11 0.000000 1567445429.4177
CHLD 12 10.800781 1567445429.4178
CHLD 13 10.914062 1567445429.4178
CHLD 14 10.843750 1567445429.4179
CHLD 15 10.914062 1567445429.4180
CHLD 16 10.863281 1567445429.4180
MEM 721.507812 1567445429.5185
CHLD 0 601.121094 1567445429.5454
CHLD 1 601.113281 1567445429.5455
CHLD 2 601.113281 1567445429.5456
CHLD 3 601.113281 1567445429.5456
CHLD 4 0.000000 1567445429.5457
CHLD 5 727.023438 1567445429.5457
CHLD 6 713.175781 1567445429.5458
CHLD 7 667.277344 1567445429.5458
CHLD 8 0.000000 1567445429.5459
CHLD 9 669.476562 1567445429.5459
CHLD 10 704.464844 1567445429.5460
CHLD 11 0.000000 1567445429.5460
CHLD 12 10.800781 1567445429.5461
CHLD 13 10.914062 1567445429.5462
CHLD 14 10.843750 1567445429.5462
CHLD 15 10.914062 1567445429.5633
CHLD 16 10.863281 1567445429.5634
MEM 724.507812 1567445429.6639
CHLD 0 601.121094 1567445429.7021
CHLD 1 601.113281 1567445429.7022
CHLD 2 601.113281 1567445429.7022
CHLD 3 601.113281 1567445429.7269
CHLD 4 0.000000 1567445429.7270
CHLD 5 727.023438 1567445429.7270
CHLD 6 713.175781 1567445429.7271
CHLD 7 667.277344 1567445429.7271
CHLD 8 0.000000 1567445429.7272
CHLD 9 670.500000 1567445429.7273
CHLD 10 704.464844 1567445429.7273
CHLD 11 0.000000 1567445429.7274
CHLD 12 10.800781 1567445429.7274
CHLD 13 10.914062 1567445429.7276
CHLD 14 10.843750 1567445429.7303
CHLD 15 10.914062 1567445429.7304
CHLD 16 10.863281 1567445429.7305
MEM 725.226562 1567445429.8310
CHLD 0 601.121094 1567445429.8551
CHLD 1 601.113281 1567445429.8552
CHLD 2 601.113281 1567445429.8552
CHLD 3 601.113281 1567445429.8553
CHLD 4 0.000000 1567445429.8554
CHLD 5 727.023438 1567445429.8554
CHLD 6 713.175781 1567445429.8555
CHLD 7 667.277344 1567445429.8555
CHLD 8 0.000000 1567445429.8556
CHLD 9 0.000000 1567445429.8556
CHLD 10 704.464844 1567445429.8557
CHLD 11 0.000000 1567445429.8558
CHLD 12 10.800781 1567445429.8558
CHLD 13 10.914062 1567445429.8559
CHLD 14 10.843750 1567445429.8559
CHLD 15 10.914062 1567445429.8560
CHLD 16 10.863281 1567445429.8560
MEM 725.386719 1567445429.9569
CHLD 0 601.121094 1567445430.0256
CHLD 1 601.113281 1567445430.0257
CHLD 2 601.113281 1567445430.0257
CHLD 3 601.113281 1567445430.0258
CHLD 4 0.000000 1567445430.0258
CHLD 5 727.023438 1567445430.0259
CHLD 6 713.175781 1567445430.0260
CHLD 7 667.277344 1567445430.0260
CHLD 8 0.000000 1567445430.0261
CHLD 9 0.000000 1567445430.0261
CHLD 10 704.464844 1567445430.0262
CHLD 11 0.000000 1567445430.0460
CHLD 12 10.800781 1567445430.0461
CHLD 13 10.843750 1567445430.0462
CHLD 14 10.914062 1567445430.0462
CHLD 15 10.863281 1567445430.0463
MEM 725.386719 1567445430.1468
CHLD 0 601.121094 1567445430.1768
CHLD 1 601.113281 1567445430.1769
CHLD 2 601.113281 1567445430.1769
CHLD 3 601.113281 1567445430.1770
CHLD 4 0.000000 1567445430.1770
CHLD 5 727.023438 1567445430.1771
CHLD 6 713.175781 1567445430.1772
CHLD 7 667.277344 1567445430.1772
CHLD 8 0.000000 1567445430.1773
CHLD 9 0.000000 1567445430.1773
CHLD 10 704.464844 1567445430.1774
CHLD 11 0.000000 1567445430.1775
CHLD 12 10.800781 1567445430.1775
CHLD 13 10.843750 1567445430.1776
CHLD 14 10.914062 1567445430.1776
CHLD 15 10.863281 1567445430.1777
MEM 725.386719 1567445430.2785
CHLD 0 601.121094 1567445430.2968
CHLD 1 601.113281 1567445430.2968
CHLD 2 601.113281 1567445430.2969
CHLD 3 601.113281 1567445430.2970
CHLD 4 0.000000 1567445430.2970
CHLD 5 727.023438 1567445430.2971
CHLD 6 713.175781 1567445430.2971
CHLD 7 667.277344 1567445430.2972
CHLD 8 0.000000 1567445430.2972
CHLD 9 0.000000 1567445430.2973
CHLD 10 704.464844 1567445430.2974
CHLD 11 0.000000 1567445430.2974
CHLD 12 10.800781 1567445430.2975
CHLD 13 10.843750 1567445430.2975
CHLD 14 10.914062 1567445430.2976
CHLD 15 10.863281 1567445430.2977
MEM 725.488281 1567445430.3982
CHLD 0 601.121094 1567445430.4340
CHLD 1 601.113281 1567445430.4341
CHLD 2 601.113281 1567445430.4341
CHLD 3 601.113281 1567445430.4342
CHLD 4 0.000000 1567445430.4342
CHLD 5 727.023438 1567445430.4343
CHLD 6 713.175781 1567445430.4344
CHLD 7 667.277344 1567445430.4344
CHLD 8 0.000000 1567445430.4345
CHLD 9 0.000000 1567445430.4345
CHLD 10 704.464844 1567445430.4346
CHLD 11 0.000000 1567445430.4347
CHLD 12 10.800781 1567445430.4347
CHLD 13 10.843750 1567445430.4348
CHLD 14 10.914062 1567445430.4348
CHLD 15 10.863281 1567445430.4349
MEM 725.488281 1567445430.5357
CHLD 0 601.121094 1567445430.5574
CHLD 1 601.113281 1567445430.5575
CHLD 2 601.113281 1567445430.5575
CHLD 3 601.113281 1567445430.5576
CHLD 4 0.000000 1567445430.5576
CHLD 5 727.023438 1567445430.5577
CHLD 6 713.175781 1567445430.5577
CHLD 7 0.000000 1567445430.5578
CHLD 8 0.000000 1567445430.5578
CHLD 9 0.000000 1567445430.5579
CHLD 10 704.464844 1567445430.5579
CHLD 11 0.000000 1567445430.5580
CHLD 12 10.800781 1567445430.5580
CHLD 13 10.843750 1567445430.5581
CHLD 14 10.914062 1567445430.5581
CHLD 15 10.863281 1567445430.5582
MEM 725.800781 1567445430.6586
CHLD 0 601.121094 1567445430.6881
CHLD 1 601.113281 1567445430.6882
CHLD 2 601.113281 1567445430.6882
CHLD 3 601.113281 1567445430.6883
CHLD 4 0.000000 1567445430.6885
CHLD 5 727.023438 1567445430.6886
CHLD 6 713.175781 1567445430.6886
CHLD 7 0.000000 1567445430.6887
CHLD 8 0.000000 1567445430.6887
CHLD 9 0.000000 1567445430.6888
CHLD 10 704.464844 1567445430.6888
CHLD 11 0.000000 1567445430.6889
CHLD 12 10.800781 1567445430.6889
CHLD 13 10.914062 1567445430.6890
CHLD 14 10.863281 1567445430.6890
MEM 725.929688 1567445430.7895
CHLD 0 601.121094 1567445430.8166
CHLD 1 601.113281 1567445430.8166
CHLD 2 601.113281 1567445430.8167
CHLD 3 601.113281 1567445430.8167
CHLD 4 0.000000 1567445430.8168
CHLD 5 727.023438 1567445430.8169
CHLD 6 713.175781 1567445430.8169
CHLD 7 0.000000 1567445430.8170
CHLD 8 0.000000 1567445430.8170
CHLD 9 0.000000 1567445430.8171
CHLD 10 704.464844 1567445430.8171
CHLD 11 0.000000 1567445430.8172
CHLD 12 10.800781 1567445430.8172
CHLD 13 10.914062 1567445430.8173
CHLD 14 10.863281 1567445430.8173
MEM 725.929688 1567445430.9178
CHLD 0 601.121094 1567445430.9557
CHLD 1 601.113281 1567445430.9557
CHLD 2 601.113281 1567445430.9558
CHLD 3 601.113281 1567445430.9558
CHLD 4 0.000000 1567445430.9559
CHLD 5 727.023438 1567445430.9560
CHLD 6 713.175781 1567445430.9560
CHLD 7 0.000000 1567445430.9561
CHLD 8 0.000000 1567445430.9561
CHLD 9 0.000000 1567445430.9562
CHLD 10 704.464844 1567445430.9562
CHLD 11 0.000000 1567445430.9563
CHLD 12 10.800781 1567445430.9563
CHLD 13 10.914062 1567445430.9564
CHLD 14 10.863281 1567445430.9565
MEM 725.976562 1567445431.0573
CHLD 0 0.000000 1567445431.0853
CHLD 1 0.000000 1567445431.0854
CHLD 2 0.000000 1567445431.0855
CHLD 3 0.000000 1567445431.0855
CHLD 4 0.000000 1567445431.0856
CHLD 5 727.023438 1567445431.0856
CHLD 6 713.175781 1567445431.0857
CHLD 7 0.000000 1567445431.0857
CHLD 8 0.000000 1567445431.0858
CHLD 9 0.000000 1567445431.0858
CHLD 10 704.464844 1567445431.0859
CHLD 11 0.000000 1567445431.0859
CHLD 12 10.800781 1567445431.0860
CHLD 13 10.914062 1567445431.0860
CHLD 14 10.863281 1567445431.0861
MEM 726.015625 1567445431.1866
CHLD 0 727.023438 1567445431.2011
CHLD 1 714.667969 1567445431.2011
CHLD 2 704.464844 1567445431.2012
CHLD 3 10.800781 1567445431.2012
CHLD 4 10.914062 1567445431.2013
CHLD 5 10.863281 1567445431.2014
MEM 726.015625 1567445431.3018
CHLD 0 727.023438 1567445431.3148
CHLD 1 714.667969 1567445431.3148
CHLD 2 704.464844 1567445431.3149
CHLD 3 10.800781 1567445431.3149
CHLD 4 10.914062 1567445431.3150
CHLD 5 10.863281 1567445431.3150
MEM 726.015625 1567445431.4155
CHLD 0 728.253906 1567445431.4261
CHLD 1 714.667969 1567445431.4261
CHLD 2 704.464844 1567445431.4262
CHLD 3 10.800781 1567445431.4262
CHLD 4 10.914062 1567445431.4263
CHLD 5 10.863281 1567445431.4263
MEM 726.015625 1567445431.5268
CHLD 0 728.253906 1567445431.5426
CHLD 1 714.667969 1567445431.5427
CHLD 2 704.464844 1567445431.5427
CHLD 3 10.800781 1567445431.5427
CHLD 4 10.914062 1567445431.5428
CHLD 5 10.863281 1567445431.5428
MEM 726.015625 1567445431.6432
CHLD 0 728.253906 1567445431.6572
CHLD 1 714.667969 1567445431.6573
CHLD 2 704.464844 1567445431.6573
CHLD 3 10.800781 1567445431.6574
CHLD 4 10.914062 1567445431.6575
CHLD 5 10.863281 1567445431.6575
MEM 726.015625 1567445431.7580
CHLD 0 728.253906 1567445431.7713
CHLD 1 714.667969 1567445431.7713
CHLD 2 704.464844 1567445431.7714
CHLD 3 10.800781 1567445431.7714
CHLD 4 10.914062 1567445431.7714
CHLD 5 10.863281 1567445431.7715
MEM 726.015625 1567445431.8719
CHLD 0 728.253906 1567445431.8849
CHLD 1 714.667969 1567445431.8850
CHLD 2 704.464844 1567445431.8850
CHLD 3 10.800781 1567445431.8851
CHLD 4 10.914062 1567445431.8851
CHLD 5 10.863281 1567445431.8852
MEM 726.015625 1567445431.9857
CHLD 0 728.253906 1567445431.9990
CHLD 1 714.667969 1567445431.9991
CHLD 2 704.464844 1567445431.9991
CHLD 3 10.800781 1567445431.9991
CHLD 4 10.914062 1567445431.9992
CHLD 5 10.863281 1567445431.9992
MEM 726.015625 1567445432.0997
CHLD 0 728.253906 1567445432.1127
CHLD 1 714.667969 1567445432.1127
CHLD 2 704.464844 1567445432.1128
CHLD 3 10.800781 1567445432.1128
CHLD 4 10.914062 1567445432.1129
CHLD 5 10.863281 1567445432.1129
MEM 726.015625 1567445432.2134
CHLD 0 728.253906 1567445432.2269
CHLD 1 714.667969 1567445432.2269
CHLD 2 704.464844 1567445432.2270
CHLD 3 10.800781 1567445432.2270
CHLD 4 10.914062 1567445432.2270
CHLD 5 10.863281 1567445432.2271
MEM 726.015625 1567445432.3275
CHLD 0 728.253906 1567445432.3359
CHLD 1 714.667969 1567445432.3359
CHLD 2 704.464844 1567445432.3360
CHLD 3 10.800781 1567445432.3360
CHLD 4 10.914062 1567445432.3361
CHLD 5 10.863281 1567445432.3361
MEM 726.015625 1567445432.4366
CHLD 0 728.253906 1567445432.4500
CHLD 1 714.667969 1567445432.4500
CHLD 2 704.464844 1567445432.4501
CHLD 3 10.800781 1567445432.4501
CHLD 4 10.914062 1567445432.4502
CHLD 5 10.863281 1567445432.4503
MEM 726.015625 1567445432.5506
CHLD 0 728.253906 1567445432.5589
CHLD 1 714.667969 1567445432.5590
CHLD 2 704.464844 1567445432.5590
CHLD 3 10.800781 1567445432.5591
CHLD 4 10.914062 1567445432.5591
CHLD 5 10.863281 1567445432.5591
MEM 726.015625 1567445432.6596
CHLD 0 728.253906 1567445432.6711
CHLD 1 714.667969 1567445432.6711
CHLD 2 704.464844 1567445432.6711
CHLD 3 10.800781 1567445432.6712
CHLD 4 10.914062 1567445432.6712
CHLD 5 10.863281 1567445432.6712
MEM 726.015625 1567445432.7717
CHLD 0 728.253906 1567445432.7845
CHLD 1 714.667969 1567445432.7846
CHLD 2 704.464844 1567445432.7847
CHLD 3 10.800781 1567445432.7847
CHLD 4 10.914062 1567445432.7848
CHLD 5 10.863281 1567445432.7848
MEM 726.015625 1567445432.8853
CHLD 0 728.253906 1567445432.8988
CHLD 1 714.667969 1567445432.8989
CHLD 2 704.464844 1567445432.8989
CHLD 3 10.800781 1567445432.8990
CHLD 4 10.914062 1567445432.8990
CHLD 5 10.863281 1567445432.8990
MEM 726.015625 1567445432.9995
CHLD 0 728.253906 1567445433.0121
CHLD 1 714.667969 1567445433.0121
CHLD 2 704.464844 1567445433.0122
CHLD 3 10.800781 1567445433.0122
CHLD 4 10.914062 1567445433.0123
CHLD 5 10.863281 1567445433.0123
MEM 726.015625 1567445433.1128
CHLD 0 728.253906 1567445433.1248
CHLD 1 714.667969 1567445433.1248
CHLD 2 704.464844 1567445433.1249
CHLD 3 10.800781 1567445433.1249
CHLD 4 10.914062 1567445433.1249
CHLD 5 10.863281 1567445433.1250
MEM 726.015625 1567445433.2254
CHLD 0 728.253906 1567445433.2396
CHLD 1 714.667969 1567445433.2396
CHLD 2 704.464844 1567445433.2397
CHLD 3 10.800781 1567445433.2397
CHLD 4 10.914062 1567445433.2397
CHLD 5 10.863281 1567445433.2398
MEM 726.015625 1567445433.3403
CHLD 0 728.253906 1567445433.3526
CHLD 1 714.667969 1567445433.3526
CHLD 2 704.464844 1567445433.3526
CHLD 3 10.800781 1567445433.3527
CHLD 4 10.914062 1567445433.3527
CHLD 5 10.863281 1567445433.3527
MEM 726.015625 1567445433.4532
CHLD 0 728.253906 1567445433.4668
CHLD 1 714.667969 1567445433.4669
CHLD 2 704.464844 1567445433.4669
CHLD 3 10.800781 1567445433.4669
CHLD 4 10.914062 1567445433.4670
CHLD 5 10.863281 1567445433.4670
MEM 726.015625 1567445433.5674
CHLD 0 728.253906 1567445433.5798
CHLD 1 714.667969 1567445433.5798
CHLD 2 704.464844 1567445433.5799
CHLD 3 10.800781 1567445433.5799
CHLD 4 10.914062 1567445433.5800
CHLD 5 10.863281 1567445433.5800
MEM 726.015625 1567445433.6805
CHLD 0 728.253906 1567445433.6927
CHLD 1 714.667969 1567445433.6927
CHLD 2 704.464844 1567445433.6928
CHLD 3 10.800781 1567445433.6928
CHLD 4 10.914062 1567445433.6928
CHLD 5 10.863281 1567445433.6929
MEM 726.015625 1567445433.7935
CHLD 0 728.253906 1567445433.8064
CHLD 1 714.667969 1567445433.8064
CHLD 2 704.464844 1567445433.8065
CHLD 3 10.800781 1567445433.8065
CHLD 4 10.914062 1567445433.8065
CHLD 5 10.863281 1567445433.8066
MEM 726.015625 1567445433.9071
CHLD 0 728.253906 1567445433.9199
CHLD 1 714.667969 1567445433.9199
CHLD 2 704.464844 1567445433.9199
CHLD 3 10.800781 1567445433.9200
CHLD 4 10.914062 1567445433.9200
CHLD 5 10.863281 1567445433.9200
MEM 726.015625 1567445434.0205
CHLD 0 728.253906 1567445434.0321
CHLD 1 714.667969 1567445434.0322
CHLD 2 704.464844 1567445434.0323
CHLD 3 10.800781 1567445434.0324
CHLD 4 10.914062 1567445434.0325
CHLD 5 10.863281 1567445434.0326
MEM 726.015625 1567445434.1331
CHLD 0 728.253906 1567445434.1468
CHLD 1 714.667969 1567445434.1469
CHLD 2 704.464844 1567445434.1469
CHLD 3 10.800781 1567445434.1469
CHLD 4 10.914062 1567445434.1470
CHLD 5 10.863281 1567445434.1470
MEM 726.015625 1567445434.2475
CHLD 0 728.253906 1567445434.2601
CHLD 1 714.667969 1567445434.2602
CHLD 2 704.464844 1567445434.2602
CHLD 3 10.800781 1567445434.2603
CHLD 4 10.914062 1567445434.2603
CHLD 5 10.863281 1567445434.2603
MEM 726.015625 1567445434.3608
CHLD 0 728.253906 1567445434.3746
CHLD 1 714.667969 1567445434.3747
CHLD 2 704.464844 1567445434.3747
CHLD 3 10.800781 1567445434.3748
CHLD 4 10.914062 1567445434.3748
CHLD 5 10.863281 1567445434.3748
MEM 726.015625 1567445434.4753
CHLD 0 728.253906 1567445434.4880
CHLD 1 714.667969 1567445434.4880
CHLD 2 704.464844 1567445434.4881
CHLD 3 10.800781 1567445434.4881
CHLD 4 10.914062 1567445434.4881
CHLD 5 10.863281 1567445434.4882
MEM 726.015625 1567445434.5885
CHLD 0 728.253906 1567445434.5969
CHLD 1 714.667969 1567445434.5970
CHLD 2 704.464844 1567445434.5970
CHLD 3 10.800781 1567445434.5970
CHLD 4 10.914062 1567445434.5971
CHLD 5 10.863281 1567445434.5971
MEM 726.015625 1567445434.6975
CHLD 0 728.253906 1567445434.7125
CHLD 1 714.667969 1567445434.7125
CHLD 2 704.464844 1567445434.7126
CHLD 3 10.800781 1567445434.7127
CHLD 4 10.914062 1567445434.7127
CHLD 5 10.863281 1567445434.7128
MEM 726.015625 1567445434.8133
CHLD 0 728.253906 1567445434.8268
CHLD 1 714.667969 1567445434.8269
CHLD 2 704.464844 1567445434.8269
CHLD 3 10.800781 1567445434.8269
CHLD 4 10.914062 1567445434.8270
CHLD 5 10.863281 1567445434.8270
MEM 726.015625 1567445434.9276
CHLD 0 728.253906 1567445434.9403
CHLD 1 714.667969 1567445434.9403
CHLD 2 704.464844 1567445434.9403
CHLD 3 10.800781 1567445434.9404
CHLD 4 10.914062 1567445434.9404
CHLD 5 10.863281 1567445434.9404
