CMDLINE /home/dn16382/anaconda3/bin/python mnist_example.py
MEM 2.039062 1567439863.0158
MEM 17.585938 1567439863.1241
MEM 34.152344 1567439863.2405
MEM 42.371094 1567439863.3486
MEM 64.304688 1567439863.4590
MEM 73.777344 1567439863.5718
MEM 82.191406 1567439863.6852
MEM 123.367188 1567439863.7984
MEM 162.929688 1567439863.9099
MEM 165.089844 1567439864.0229
MEM 170.789062 1567439864.1368
MEM 180.417969 1567439864.2499
MEM 185.441406 1567439864.3632
MEM 193.914062 1567439864.4764
MEM 206.398438 1567439864.5896
MEM 213.015625 1567439864.6976
MEM 217.960938 1567439864.8056
MEM 230.039062 1567439864.9136
MEM 236.738281 1567439865.0215
MEM 252.847656 1567439865.1301
MEM 258.726562 1567439865.2381
MEM 266.007812 1567439865.3502
MEM 275.207031 1567439865.4635
MEM 291.964844 1567439865.5760
MEM 308.464844 1567439865.6886
MEM 366.074219 1567439865.8012
MEM 367.242188 1567439865.9145
MEM 459.281250 1567439866.0259
MEM 620.671875 1567439866.1390
MEM 681.324219 1567439866.2521
MEM 650.679688 1567439866.3673
MEM 712.562500 1567439866.4755
CHLD 0 601.042969 1567439866.4834
MEM 848.054688 1567439866.5838
CHLD 0 601.042969 1567439866.5920
CHLD 1 601.050781 1567439866.5921
CHLD 2 601.050781 1567439866.5921
CHLD 3 601.050781 1567439866.5922
MEM 1050.953125 1567439866.6925
CHLD 0 601.042969 1567439866.7007
CHLD 1 601.050781 1567439866.7007
CHLD 2 601.050781 1567439866.7007
CHLD 3 601.050781 1567439866.7008
MEM 1246.847656 1567439866.8012
CHLD 0 601.042969 1567439866.8094
CHLD 1 601.050781 1567439866.8095
CHLD 2 601.050781 1567439866.8095
CHLD 3 601.050781 1567439866.8096
MEM 1438.601562 1567439866.9099
CHLD 0 601.042969 1567439866.9181
CHLD 1 601.050781 1567439866.9181
CHLD 2 601.050781 1567439866.9182
CHLD 3 601.050781 1567439866.9182
MEM 1136.742188 1567439867.0186
CHLD 0 640.976562 1567439867.0319
CHLD 1 601.050781 1567439867.0320
CHLD 2 601.050781 1567439867.0320
CHLD 3 601.050781 1567439867.0321
MEM 1136.742188 1567439867.1327
CHLD 0 775.039062 1567439867.1491
CHLD 1 601.050781 1567439867.1492
CHLD 2 601.050781 1567439867.1493
CHLD 3 601.050781 1567439867.1494
MEM 1136.742188 1567439867.2498
CHLD 0 927.148438 1567439867.2587
CHLD 1 601.050781 1567439867.2587
CHLD 2 601.050781 1567439867.2588
CHLD 3 601.050781 1567439867.2588
MEM 744.218750 1567439867.3598
CHLD 0 1104.781250 1567439867.3751
CHLD 1 601.050781 1567439867.3752
CHLD 2 601.050781 1567439867.3752
CHLD 3 601.050781 1567439867.3753
MEM 953.562500 1567439867.4758
CHLD 0 1303.554688 1567439867.4908
CHLD 1 601.050781 1567439867.4909
CHLD 2 601.050781 1567439867.4909
CHLD 3 601.050781 1567439867.4910
MEM 1156.460938 1567439867.5915
CHLD 0 1051.699219 1567439867.6058
CHLD 1 601.050781 1567439867.6059
CHLD 2 601.050781 1567439867.6059
CHLD 3 601.050781 1567439867.6060
MEM 1352.656250 1567439867.7065
CHLD 0 1253.566406 1567439867.7235
CHLD 1 601.050781 1567439867.7236
CHLD 2 601.050781 1567439867.7237
CHLD 3 601.050781 1567439867.7237
MEM 1531.875000 1567439867.8242
CHLD 0 1415.625000 1567439867.8384
CHLD 1 601.050781 1567439867.8384
CHLD 2 601.050781 1567439867.8385
CHLD 3 601.050781 1567439867.8385
MEM 1136.753906 1567439867.9389
CHLD 0 1028.015625 1567439867.9535
CHLD 1 725.304688 1567439867.9536
CHLD 2 601.050781 1567439867.9536
CHLD 3 601.050781 1567439867.9537
CHLD 4 8.070312 1567439867.9538
MEM 1136.753906 1567439868.0542
CHLD 0 1036.738281 1567439868.0678
CHLD 1 881.023438 1567439868.0679
CHLD 2 601.050781 1567439868.0679
CHLD 3 601.050781 1567439868.0680
CHLD 4 10.863281 1567439868.0680
MEM 1098.871094 1567439868.1685
CHLD 0 1038.335938 1567439868.1820
CHLD 1 1044.992188 1567439868.1821
CHLD 2 601.050781 1567439868.1821
CHLD 3 601.050781 1567439868.1822
CHLD 4 10.863281 1567439868.1822
MEM 823.644531 1567439868.2826
CHLD 0 1049.214844 1567439868.2968
CHLD 1 1195.554688 1567439868.2968
CHLD 2 601.050781 1567439868.2969
CHLD 3 601.050781 1567439868.2969
CHLD 4 10.863281 1567439868.2970
MEM 939.660156 1567439868.3974
CHLD 0 1054.007812 1567439868.4137
CHLD 1 1363.648438 1567439868.4138
CHLD 2 601.050781 1567439868.4138
CHLD 3 601.050781 1567439868.4139
CHLD 4 10.863281 1567439868.4140
MEM 1088.417969 1567439868.5144
CHLD 0 1054.585938 1567439868.5482
CHLD 1 1101.726562 1567439868.5483
CHLD 2 601.050781 1567439868.5484
CHLD 3 601.050781 1567439868.5484
CHLD 4 10.863281 1567439868.5485
MEM 1227.378906 1567439868.6506
CHLD 0 1056.859375 1567439868.6986
CHLD 1 1307.718750 1567439868.6987
CHLD 2 601.050781 1567439868.6988
CHLD 3 601.050781 1567439868.6988
CHLD 4 10.863281 1567439868.6989
MEM 1459.957031 1567439868.7996
CHLD 0 1059.605469 1567439868.8147
CHLD 1 1177.218750 1567439868.8147
CHLD 2 601.050781 1567439868.8148
CHLD 3 601.050781 1567439868.8149
CHLD 4 10.863281 1567439868.8149
MEM 1136.761719 1567439868.9154
CHLD 0 1060.441406 1567439868.9380
CHLD 1 1028.300781 1567439868.9381
CHLD 2 672.195312 1567439868.9381
CHLD 3 601.050781 1567439868.9382
CHLD 4 7.468750 1567439868.9383
CHLD 5 10.863281 1567439868.9384
MEM 1136.761719 1567439869.0388
CHLD 0 1060.773438 1567439869.0532
CHLD 1 1036.746094 1567439869.0533
CHLD 2 802.648438 1567439869.0533
CHLD 3 601.050781 1567439869.0534
CHLD 4 10.843750 1567439869.0534
CHLD 5 10.863281 1567439869.0535
MEM 1136.761719 1567439869.1539
CHLD 0 1061.625000 1567439869.1791
CHLD 1 1037.402344 1567439869.1791
CHLD 2 976.156250 1567439869.1792
CHLD 3 601.050781 1567439869.1793
CHLD 4 10.843750 1567439869.1793
CHLD 5 10.863281 1567439869.1794
MEM 753.011719 1567439869.2798
CHLD 0 1069.597656 1567439869.3085
CHLD 1 1041.957031 1567439869.3085
CHLD 2 1135.742188 1567439869.3086
CHLD 3 601.050781 1567439869.3087
CHLD 4 10.843750 1567439869.3087
CHLD 5 10.863281 1567439869.3088
MEM 927.550781 1567439869.4093
CHLD 0 1074.082031 1567439869.4345
CHLD 1 1052.773438 1567439869.4346
CHLD 2 1314.406250 1567439869.4346
CHLD 3 601.050781 1567439869.4347
CHLD 4 10.843750 1567439869.4348
CHLD 5 10.863281 1567439869.4348
MEM 1109.566406 1567439869.5353
CHLD 0 1074.945312 1567439869.5568
CHLD 1 1054.257812 1567439869.5569
CHLD 2 1032.117188 1567439869.5569
CHLD 3 601.050781 1567439869.5570
CHLD 4 10.843750 1567439869.5571
CHLD 5 10.863281 1567439869.5571
MEM 1250.074219 1567439869.6576
CHLD 0 1075.757812 1567439869.6795
CHLD 1 1056.480469 1567439869.6796
CHLD 2 1196.601562 1567439869.6797
CHLD 3 601.050781 1567439869.6797
CHLD 4 10.843750 1567439869.6798
CHLD 5 10.863281 1567439869.6798
MEM 1410.691406 1567439869.7803
CHLD 0 1075.910156 1567439869.8375
CHLD 1 1059.222656 1567439869.8376
CHLD 2 1309.523438 1567439869.8377
CHLD 3 601.050781 1567439869.8378
CHLD 4 10.843750 1567439869.8378
CHLD 5 10.863281 1567439869.8379
MEM 1136.773438 1567439869.9383
CHLD 0 1089.148438 1567439869.9526
CHLD 1 1059.941406 1567439869.9526
CHLD 2 1366.632812 1567439869.9527
CHLD 3 628.113281 1567439869.9528
CHLD 4 10.843750 1567439869.9528
CHLD 5 10.863281 1567439869.9529
MEM 1136.773438 1567439870.0533
CHLD 0 1096.324219 1567439870.0842
CHLD 1 1068.468750 1567439870.0843
CHLD 2 1024.792969 1567439870.0843
CHLD 3 740.003906 1567439870.0844
CHLD 4 6.808594 1567439870.0845
CHLD 5 10.843750 1567439870.0845
CHLD 6 10.863281 1567439870.0846
MEM 1136.773438 1567439870.1850
CHLD 0 1100.699219 1567439870.2084
CHLD 1 1073.761719 1567439870.2085
CHLD 2 1027.949219 1567439870.2085
CHLD 3 787.183594 1567439870.2086
CHLD 4 10.859375 1567439870.2086
CHLD 5 10.843750 1567439870.2087
CHLD 6 10.863281 1567439870.2087
MEM 1136.773438 1567439870.3092
CHLD 0 1101.214844 1567439870.3350
CHLD 1 1074.437500 1567439870.3351
CHLD 2 1034.953125 1567439870.3351
CHLD 3 859.371094 1567439870.3352
CHLD 4 10.859375 1567439870.3352
CHLD 5 10.843750 1567439870.3353
CHLD 6 10.863281 1567439870.3353
MEM 1136.773438 1567439870.4358
CHLD 0 1104.308594 1567439870.4525
CHLD 1 1082.230469 1567439870.4526
CHLD 2 1037.058594 1567439870.4526
CHLD 3 923.050781 1567439870.4527
CHLD 4 10.859375 1567439870.4527
CHLD 5 10.843750 1567439870.4528
CHLD 6 10.863281 1567439870.4528
MEM 1136.773438 1567439870.5533
CHLD 0 1104.566406 1567439870.5835
CHLD 1 1085.890625 1567439870.5835
CHLD 2 1038.000000 1567439870.5836
CHLD 3 983.894531 1567439870.5875
CHLD 4 10.859375 1567439870.5877
CHLD 5 10.843750 1567439870.5878
CHLD 6 10.863281 1567439870.5881
MEM 716.929688 1567439870.6885
CHLD 0 1104.566406 1567439870.7704
CHLD 1 1088.210938 1567439870.7705
CHLD 2 1040.414062 1567439870.7705
CHLD 3 1050.410156 1567439870.7706
CHLD 4 10.859375 1567439870.7707
CHLD 5 10.843750 1567439870.7707
CHLD 6 10.863281 1567439870.7708
MEM 755.343750 1567439870.8714
CHLD 0 1105.597656 1567439870.8952
CHLD 1 1089.039062 1567439870.8953
CHLD 2 1041.718750 1567439870.8954
CHLD 3 1116.152344 1567439870.8954
CHLD 4 10.859375 1567439870.8955
CHLD 5 10.843750 1567439870.8956
CHLD 6 10.863281 1567439870.8956
MEM 781.382812 1567439870.9960
CHLD 0 1106.371094 1567439871.0139
CHLD 1 1089.039062 1567439871.0140
CHLD 2 1042.363281 1567439871.0140
CHLD 3 1259.753906 1567439871.0141
CHLD 4 10.859375 1567439871.0141
CHLD 5 10.843750 1567439871.0142
CHLD 6 10.863281 1567439871.0142
MEM 807.164062 1567439871.1171
CHLD 0 1106.371094 1567439871.1428
CHLD 1 1089.039062 1567439871.1429
CHLD 2 1043.835938 1567439871.1430
CHLD 3 1417.792969 1567439871.1430
CHLD 4 10.859375 1567439871.1431
CHLD 5 10.843750 1567439871.1432
CHLD 6 10.863281 1567439871.1432
MEM 959.273438 1567439871.2437
CHLD 0 1106.371094 1567439871.2656
CHLD 1 1089.039062 1567439871.2656
CHLD 2 1051.574219 1567439871.2657
CHLD 3 1042.687500 1567439871.2657
CHLD 4 10.859375 1567439871.2658
CHLD 5 10.843750 1567439871.2659
CHLD 6 10.863281 1567439871.2659
MEM 1027.078125 1567439871.3665
CHLD 0 1108.691406 1567439871.4002
CHLD 1 1089.039062 1567439871.4003
CHLD 2 1053.890625 1567439871.4004
CHLD 3 1133.179688 1567439871.4004
CHLD 4 10.859375 1567439871.4005
CHLD 5 10.843750 1567439871.4006
CHLD 6 10.863281 1567439871.4006
MEM 1168.875000 1567439871.5014
CHLD 0 1108.691406 1567439871.5356
CHLD 1 1089.039062 1567439871.5358
CHLD 2 1054.054688 1567439871.5359
CHLD 3 1192.218750 1567439871.5359
CHLD 4 10.859375 1567439871.5360
CHLD 5 10.843750 1567439871.5361
CHLD 6 10.863281 1567439871.5361
MEM 1243.640625 1567439871.6367
CHLD 0 1108.691406 1567439871.6637
CHLD 1 1090.070312 1567439871.6638
CHLD 2 1054.296875 1567439871.6643
CHLD 3 1257.187500 1567439871.6644
CHLD 4 10.859375 1567439871.6644
CHLD 5 10.843750 1567439871.6645
CHLD 6 10.863281 1567439871.6645
MEM 1327.945312 1567439871.7650
CHLD 0 1108.691406 1567439871.7797
CHLD 1 1090.070312 1567439871.7798
CHLD 2 1054.527344 1567439871.7798
CHLD 3 1339.687500 1567439871.7799
CHLD 4 10.859375 1567439871.7799
CHLD 5 10.843750 1567439871.7800
CHLD 6 10.863281 1567439871.7801
MEM 1365.585938 1567439871.8806
CHLD 0 1108.691406 1567439871.9089
CHLD 1 1090.070312 1567439871.9089
CHLD 2 1056.511719 1567439871.9090
CHLD 3 1383.582031 1567439871.9091
CHLD 4 10.859375 1567439871.9091
CHLD 5 10.843750 1567439871.9092
CHLD 6 10.863281 1567439871.9092
MEM 1439.093750 1567439872.0110
CHLD 0 1108.691406 1567439872.0541
CHLD 1 1090.070312 1567439872.0541
CHLD 2 1056.785156 1567439872.0542
CHLD 3 1021.199219 1567439872.0543
CHLD 4 10.859375 1567439872.0544
CHLD 5 10.843750 1567439872.0545
CHLD 6 10.863281 1567439872.0653
MEM 1136.773438 1567439872.1658
CHLD 0 1108.691406 1567439872.2203
CHLD 1 1090.070312 1567439872.2204
CHLD 2 1056.785156 1567439872.2205
CHLD 3 1024.988281 1567439872.2205
CHLD 4 10.859375 1567439872.2206
CHLD 5 10.843750 1567439872.2207
CHLD 6 10.863281 1567439872.2207
MEM 1136.773438 1567439872.3211
CHLD 0 1109.980469 1567439872.3452
CHLD 1 1090.070312 1567439872.3453
CHLD 2 1059.761719 1567439872.3454
CHLD 3 1030.023438 1567439872.3454
CHLD 4 6.625000 1567439872.3455
CHLD 5 10.859375 1567439872.3545
CHLD 6 10.843750 1567439872.3546
CHLD 7 10.863281 1567439872.3547
MEM 1136.773438 1567439872.4551
CHLD 0 1110.496094 1567439872.4851
CHLD 1 1090.070312 1567439872.4852
CHLD 2 1060.136719 1567439872.4853
CHLD 3 1036.355469 1567439872.4853
CHLD 4 9.988281 1567439872.4854
CHLD 5 10.859375 1567439872.4855
CHLD 6 10.843750 1567439872.4855
CHLD 7 10.863281 1567439872.4904
MEM 1136.773438 1567439872.5909
CHLD 0 1110.496094 1567439872.6192
CHLD 1 1090.070312 1567439872.6192
CHLD 2 1060.484375 1567439872.6193
CHLD 3 1036.992188 1567439872.6194
CHLD 4 10.691406 1567439872.6195
CHLD 5 10.859375 1567439872.6195
CHLD 6 10.843750 1567439872.6196
CHLD 7 10.863281 1567439872.6196
MEM 1136.773438 1567439872.7200
CHLD 0 1110.496094 1567439872.7481
CHLD 1 1090.585938 1567439872.7482
CHLD 2 1061.101562 1567439872.7482
CHLD 3 1037.402344 1567439872.7483
CHLD 4 10.691406 1567439872.7484
CHLD 5 10.859375 1567439872.7484
CHLD 6 10.843750 1567439872.7485
CHLD 7 10.863281 1567439872.7485
MEM 1136.773438 1567439872.8489
CHLD 0 1110.496094 1567439872.8742
CHLD 1 1090.585938 1567439872.8745
CHLD 2 1071.828125 1567439872.8745
CHLD 3 1040.296875 1567439872.8746
CHLD 4 10.691406 1567439872.8747
CHLD 5 10.859375 1567439872.8747
CHLD 6 10.843750 1567439872.8748
CHLD 7 10.863281 1567439872.8748
MEM 1136.773438 1567439872.9753
CHLD 0 1110.496094 1567439872.9905
CHLD 1 1090.585938 1567439872.9906
CHLD 2 1073.703125 1567439872.9907
CHLD 3 1042.789062 1567439872.9907
CHLD 4 10.691406 1567439872.9908
CHLD 5 10.859375 1567439872.9909
CHLD 6 10.843750 1567439872.9909
CHLD 7 10.863281 1567439872.9910
MEM 1136.773438 1567439873.0915
CHLD 0 1110.496094 1567439873.1199
CHLD 1 1090.585938 1567439873.1200
CHLD 2 1074.484375 1567439873.1201
CHLD 3 1052.824219 1567439873.1201
CHLD 4 10.691406 1567439873.1202
CHLD 5 10.859375 1567439873.1203
CHLD 6 10.843750 1567439873.1203
CHLD 7 10.863281 1567439873.1204
MEM 1136.773438 1567439873.2208
CHLD 0 1110.496094 1567439873.2689
CHLD 1 1090.843750 1567439873.2690
CHLD 2 1074.730469 1567439873.2690
CHLD 3 1053.812500 1567439873.2690
CHLD 4 10.691406 1567439873.2691
CHLD 5 10.859375 1567439873.2691
CHLD 6 10.843750 1567439873.2691
CHLD 7 10.863281 1567439873.2692
MEM 1136.773438 1567439873.3699
CHLD 0 1110.496094 1567439873.4174
CHLD 1 1090.843750 1567439873.4175
CHLD 2 1074.730469 1567439873.4176
CHLD 3 1054.253906 1567439873.4177
CHLD 4 10.691406 1567439873.4177
CHLD 5 10.859375 1567439873.4178
CHLD 6 10.843750 1567439873.4178
CHLD 7 10.863281 1567439873.4179
MEM 1136.773438 1567439873.5184
CHLD 0 1112.296875 1567439873.5410
CHLD 1 1090.843750 1567439873.5411
CHLD 2 1088.007812 1567439873.5412
CHLD 3 1054.484375 1567439873.5412
CHLD 4 10.691406 1567439873.5413
CHLD 5 10.859375 1567439873.5414
CHLD 6 10.843750 1567439873.5414
CHLD 7 10.863281 1567439873.5415
MEM 1136.773438 1567439873.6419
CHLD 0 1112.296875 1567439873.6552
CHLD 1 1090.843750 1567439873.6552
CHLD 2 1089.039062 1567439873.6553
CHLD 3 1054.726562 1567439873.6554
CHLD 4 10.691406 1567439873.6554
CHLD 5 10.859375 1567439873.6555
CHLD 6 10.843750 1567439873.6555
CHLD 7 10.863281 1567439873.6556
MEM 1136.773438 1567439873.7560
CHLD 0 1112.296875 1567439873.7778
CHLD 1 1090.843750 1567439873.7779
CHLD 2 1089.554688 1567439873.7779
CHLD 3 1056.500000 1567439873.7780
CHLD 4 10.691406 1567439873.7781
CHLD 5 10.859375 1567439873.7781
CHLD 6 10.843750 1567439873.7782
CHLD 7 10.863281 1567439873.7782
MEM 1136.773438 1567439873.8787
CHLD 0 1112.296875 1567439873.9054
CHLD 1 1090.843750 1567439873.9054
CHLD 2 1090.328125 1567439873.9055
CHLD 3 1056.800781 1567439873.9055
CHLD 4 10.691406 1567439873.9056
CHLD 5 10.859375 1567439873.9056
CHLD 6 10.843750 1567439873.9057
CHLD 7 10.863281 1567439873.9058
MEM 1136.773438 1567439874.0062
CHLD 0 1112.296875 1567439874.0362
CHLD 1 1090.843750 1567439874.0363
CHLD 2 1090.328125 1567439874.0364
CHLD 3 1059.738281 1567439874.0364
CHLD 4 10.691406 1567439874.0365
CHLD 5 10.859375 1567439874.0365
CHLD 6 10.843750 1567439874.0366
CHLD 7 10.863281 1567439874.0366
MEM 1136.773438 1567439874.1384
CHLD 0 1112.296875 1567439874.1678
CHLD 1 1090.843750 1567439874.1678
CHLD 2 1090.328125 1567439874.1679
CHLD 3 1059.941406 1567439874.1683
CHLD 4 10.691406 1567439874.1685
CHLD 5 10.859375 1567439874.1685
CHLD 6 10.843750 1567439874.1686
CHLD 7 10.863281 1567439874.1695
MEM 1136.773438 1567439874.2700
CHLD 0 1112.296875 1567439874.3066
CHLD 1 1090.843750 1567439874.3066
CHLD 2 1090.328125 1567439874.3067
CHLD 3 1060.367188 1567439874.3068
CHLD 4 10.691406 1567439874.3068
CHLD 5 10.859375 1567439874.3069
CHLD 6 10.843750 1567439874.3070
CHLD 7 10.863281 1567439874.3070
MEM 1136.773438 1567439874.4074
CHLD 0 1112.296875 1567439874.4393
CHLD 1 1090.843750 1567439874.4394
CHLD 2 1090.328125 1567439874.4394
CHLD 3 1060.691406 1567439874.4395
CHLD 4 10.691406 1567439874.4396
CHLD 5 10.859375 1567439874.4396
CHLD 6 10.843750 1567439874.4397
CHLD 7 10.863281 1567439874.4397
MEM 1136.773438 1567439874.5402
CHLD 0 1112.296875 1567439874.5708
CHLD 1 1090.843750 1567439874.5709
CHLD 2 1090.843750 1567439874.5710
CHLD 3 1060.941406 1567439874.5710
CHLD 4 10.691406 1567439874.5715
CHLD 5 10.859375 1567439874.5717
CHLD 6 10.843750 1567439874.5717
CHLD 7 10.863281 1567439874.5718
MEM 1136.773438 1567439874.6722
CHLD 0 1112.296875 1567439874.6950
CHLD 1 1090.843750 1567439874.6951
CHLD 2 1090.843750 1567439874.6952
CHLD 3 1061.117188 1567439874.6957
CHLD 4 10.691406 1567439874.6967
CHLD 5 10.859375 1567439874.6975
CHLD 6 10.843750 1567439874.6976
CHLD 7 10.863281 1567439874.6977
MEM 1136.773438 1567439874.7981
CHLD 0 1112.296875 1567439874.8369
CHLD 1 1090.843750 1567439874.8370
CHLD 2 1091.101562 1567439874.8370
CHLD 3 1061.457031 1567439874.8371
CHLD 4 10.691406 1567439874.8371
CHLD 5 10.859375 1567439874.8372
CHLD 6 10.843750 1567439874.8372
CHLD 7 10.863281 1567439874.8388
MEM 1136.773438 1567439874.9393
CHLD 0 1112.296875 1567439874.9569
CHLD 1 1090.843750 1567439874.9570
CHLD 2 1091.101562 1567439874.9571
CHLD 3 1061.609375 1567439874.9571
CHLD 4 10.691406 1567439874.9572
CHLD 5 10.859375 1567439874.9572
CHLD 6 10.843750 1567439874.9573
CHLD 7 10.863281 1567439874.9574
MEM 1136.773438 1567439875.0580
CHLD 0 1112.296875 1567439875.1072
CHLD 1 1090.843750 1567439875.1073
CHLD 2 1091.101562 1567439875.1074
CHLD 3 1062.101562 1567439875.1074
CHLD 4 10.691406 1567439875.1075
CHLD 5 10.859375 1567439875.1076
CHLD 6 10.843750 1567439875.1076
CHLD 7 10.863281 1567439875.1077
MEM 1136.773438 1567439875.2081
CHLD 0 1112.296875 1567439875.2408
CHLD 1 1090.843750 1567439875.2409
CHLD 2 1091.101562 1567439875.2409
CHLD 3 1070.824219 1567439875.2410
CHLD 4 10.691406 1567439875.2411
CHLD 5 10.859375 1567439875.2411
CHLD 6 10.843750 1567439875.2412
CHLD 7 10.863281 1567439875.2413
MEM 1136.773438 1567439875.3418
CHLD 0 1112.296875 1567439875.3742
CHLD 1 1090.843750 1567439875.3743
CHLD 2 1091.101562 1567439875.3744
CHLD 3 1072.660156 1567439875.3776
CHLD 4 10.691406 1567439875.3777
CHLD 5 10.859375 1567439875.3778
CHLD 6 10.843750 1567439875.3778
CHLD 7 10.863281 1567439875.3779
MEM 1136.773438 1567439875.4786
CHLD 0 1112.296875 1567439875.5325
CHLD 1 1090.843750 1567439875.5326
CHLD 2 1091.101562 1567439875.5326
CHLD 3 1075.140625 1567439875.5327
CHLD 4 10.691406 1567439875.5328
CHLD 5 10.859375 1567439875.5328
CHLD 6 10.843750 1567439875.5329
CHLD 7 10.863281 1567439875.5330
MEM 1136.773438 1567439875.6336
CHLD 0 1112.296875 1567439875.6491
CHLD 1 1090.843750 1567439875.6492
CHLD 2 1091.101562 1567439875.6492
CHLD 3 1080.179688 1567439875.6493
CHLD 4 10.691406 1567439875.6493
CHLD 5 10.859375 1567439875.6494
CHLD 6 10.843750 1567439875.6495
CHLD 7 10.863281 1567439875.6495
MEM 1136.773438 1567439875.7501
CHLD 0 1112.296875 1567439875.7959
CHLD 1 1090.843750 1567439875.7960
CHLD 2 1091.101562 1567439875.7960
CHLD 3 1083.273438 1567439875.7961
CHLD 4 10.691406 1567439875.7961
CHLD 5 10.859375 1567439875.7962
CHLD 6 10.843750 1567439875.7963
CHLD 7 10.863281 1567439875.7963
MEM 1136.773438 1567439875.9106
CHLD 0 1112.296875 1567439875.9376
CHLD 1 1090.843750 1567439875.9376
CHLD 2 1091.101562 1567439875.9377
CHLD 3 1083.273438 1567439875.9377
CHLD 4 10.691406 1567439875.9378
CHLD 5 10.859375 1567439875.9379
CHLD 6 10.843750 1567439875.9380
CHLD 7 10.863281 1567439875.9380
MEM 1136.773438 1567439876.0385
CHLD 0 1112.296875 1567439876.0824
CHLD 1 1090.843750 1567439876.0825
CHLD 2 1091.101562 1567439876.0826
CHLD 3 1086.101562 1567439876.0826
CHLD 4 10.691406 1567439876.0827
CHLD 5 10.859375 1567439876.0827
CHLD 6 10.843750 1567439876.0828
CHLD 7 10.863281 1567439876.0828
MEM 1136.773438 1567439876.1833
CHLD 0 1112.296875 1567439876.2188
CHLD 1 1090.843750 1567439876.2189
CHLD 2 1091.101562 1567439876.2205
CHLD 3 1086.101562 1567439876.2206
CHLD 4 10.691406 1567439876.2206
CHLD 5 10.859375 1567439876.2207
CHLD 6 10.843750 1567439876.2208
CHLD 7 10.863281 1567439876.2208
MEM 1136.773438 1567439876.3213
CHLD 0 1112.296875 1567439876.3468
CHLD 1 1090.843750 1567439876.3469
CHLD 2 1091.101562 1567439876.3469
CHLD 3 1109.550781 1567439876.3470
CHLD 4 10.691406 1567439876.3471
CHLD 5 10.859375 1567439876.3471
CHLD 6 10.843750 1567439876.3472
CHLD 7 10.863281 1567439876.3472
MEM 1136.773438 1567439876.4477
CHLD 0 1112.296875 1567439876.4711
CHLD 1 1090.843750 1567439876.4711
CHLD 2 1091.359375 1567439876.4712
CHLD 3 1116.730469 1567439876.4712
CHLD 4 10.691406 1567439876.4713
CHLD 5 10.859375 1567439876.4713
CHLD 6 10.843750 1567439876.4714
CHLD 7 10.863281 1567439876.4715
MEM 1136.773438 1567439876.5721
CHLD 0 1112.296875 1567439876.5975
CHLD 1 1091.359375 1567439876.5975
CHLD 2 1091.617188 1567439876.5976
CHLD 3 1116.988281 1567439876.5977
CHLD 4 10.691406 1567439876.5977
CHLD 5 10.859375 1567439876.5978
CHLD 6 10.843750 1567439876.5986
CHLD 7 10.863281 1567439876.6000
MEM 1136.773438 1567439876.7004
CHLD 0 1112.296875 1567439876.7140
CHLD 1 1091.359375 1567439876.7140
CHLD 2 1091.617188 1567439876.7141
CHLD 3 1121.160156 1567439876.7141
CHLD 4 10.691406 1567439876.7141
CHLD 5 10.859375 1567439876.7142
CHLD 6 10.843750 1567439876.7142
CHLD 7 10.863281 1567439876.7142
MEM 1136.773438 1567439876.8147
CHLD 0 1112.296875 1567439876.8320
CHLD 1 1091.359375 1567439876.8320
CHLD 2 1091.617188 1567439876.8320
CHLD 3 1121.417969 1567439876.8321
CHLD 4 10.691406 1567439876.8321
CHLD 5 10.859375 1567439876.8321
CHLD 6 10.843750 1567439876.8322
CHLD 7 10.863281 1567439876.8322
MEM 1136.773438 1567439876.9327
CHLD 0 1112.296875 1567439876.9494
CHLD 1 1091.359375 1567439876.9495
CHLD 2 1091.617188 1567439876.9495
CHLD 3 1123.996094 1567439876.9496
CHLD 4 10.691406 1567439876.9496
CHLD 5 10.859375 1567439876.9497
CHLD 6 10.843750 1567439876.9498
CHLD 7 10.863281 1567439876.9498
MEM 1136.773438 1567439877.0503
CHLD 0 1112.296875 1567439877.0916
CHLD 1 1091.359375 1567439877.0917
CHLD 2 1091.617188 1567439877.0917
CHLD 3 1123.996094 1567439877.0918
CHLD 4 10.691406 1567439877.0919
CHLD 5 10.859375 1567439877.0919
CHLD 6 10.843750 1567439877.0920
CHLD 7 10.863281 1567439877.0938
MEM 1136.773438 1567439877.1942
CHLD 0 1112.296875 1567439877.2291
CHLD 1 1091.359375 1567439877.2292
CHLD 2 1091.617188 1567439877.2292
CHLD 3 1123.996094 1567439877.2293
CHLD 4 10.691406 1567439877.2294
CHLD 5 10.859375 1567439877.2294
CHLD 6 10.843750 1567439877.2295
CHLD 7 10.863281 1567439877.2295
MEM 1136.773438 1567439877.3300
CHLD 0 1112.296875 1567439877.3538
CHLD 1 1091.359375 1567439877.3538
CHLD 2 1091.617188 1567439877.3539
CHLD 3 1127.347656 1567439877.3540
CHLD 4 10.691406 1567439877.3540
CHLD 5 10.859375 1567439877.3541
CHLD 6 10.843750 1567439877.3541
CHLD 7 10.863281 1567439877.3542
MEM 1136.773438 1567439877.4546
CHLD 0 1112.296875 1567439877.4985
CHLD 1 1091.359375 1567439877.4986
CHLD 2 1091.617188 1567439877.4986
CHLD 3 1127.347656 1567439877.4987
CHLD 4 10.691406 1567439877.4988
CHLD 5 10.859375 1567439877.4988
CHLD 6 10.843750 1567439877.4989
CHLD 7 10.863281 1567439877.4989
MEM 1136.773438 1567439877.6040
CHLD 0 1112.296875 1567439877.6533
CHLD 1 1091.359375 1567439877.6534
CHLD 2 1091.617188 1567439877.6534
CHLD 3 1130.441406 1567439877.6535
CHLD 4 10.691406 1567439877.6536
CHLD 5 10.859375 1567439877.6536
CHLD 6 10.843750 1567439877.6664
CHLD 7 10.863281 1567439877.6665
MEM 1136.773438 1567439877.7670
CHLD 0 1112.296875 1567439877.8003
CHLD 1 1091.359375 1567439877.8004
CHLD 2 1091.617188 1567439877.8005
CHLD 3 1136.113281 1567439877.8005
CHLD 4 10.691406 1567439877.8006
CHLD 5 10.859375 1567439877.8006
CHLD 6 10.843750 1567439877.8007
CHLD 7 10.863281 1567439877.8008
MEM 1136.773438 1567439877.9026
CHLD 0 1112.296875 1567439877.9868
CHLD 1 1091.359375 1567439877.9869
CHLD 2 1091.617188 1567439877.9870
CHLD 3 1136.113281 1567439877.9870
CHLD 4 10.691406 1567439877.9871
CHLD 5 10.859375 1567439877.9871
CHLD 6 10.843750 1567439877.9872
CHLD 7 10.863281 1567439877.9872
MEM 1136.773438 1567439878.0876
CHLD 0 1112.296875 1567439878.1162
CHLD 1 1091.359375 1567439878.1163
CHLD 2 1091.617188 1567439878.1163
CHLD 3 1136.113281 1567439878.1164
CHLD 4 10.691406 1567439878.1164
CHLD 5 10.859375 1567439878.1165
CHLD 6 10.843750 1567439878.1166
CHLD 7 10.863281 1567439878.1166
MEM 1136.773438 1567439878.2171
CHLD 0 1112.296875 1567439878.2388
CHLD 1 1091.359375 1567439878.2388
CHLD 2 1091.617188 1567439878.2389
CHLD 3 1136.113281 1567439878.2390
CHLD 4 10.691406 1567439878.2390
CHLD 5 10.859375 1567439878.2391
CHLD 6 10.843750 1567439878.2391
CHLD 7 10.863281 1567439878.2392
MEM 1136.773438 1567439878.3397
CHLD 0 1112.296875 1567439878.3999
CHLD 1 1091.359375 1567439878.3999
CHLD 2 1091.617188 1567439878.4000
CHLD 3 1136.113281 1567439878.4001
CHLD 4 10.691406 1567439878.4001
CHLD 5 10.859375 1567439878.4002
CHLD 6 10.843750 1567439878.4002
CHLD 7 10.863281 1567439878.4003
MEM 1136.773438 1567439878.5007
CHLD 0 1112.296875 1567439878.5227
CHLD 1 1091.359375 1567439878.5227
CHLD 2 1091.617188 1567439878.5228
CHLD 3 1136.113281 1567439878.5229
CHLD 4 10.691406 1567439878.5229
CHLD 5 10.859375 1567439878.5230
CHLD 6 10.843750 1567439878.5230
CHLD 7 10.863281 1567439878.5231
MEM 1136.773438 1567439878.6235
CHLD 0 1112.296875 1567439878.6480
CHLD 1 1091.617188 1567439878.6481
CHLD 2 1091.617188 1567439878.6481
CHLD 3 1136.113281 1567439878.6482
CHLD 4 10.691406 1567439878.6483
CHLD 5 10.859375 1567439878.6483
CHLD 6 10.843750 1567439878.6484
CHLD 7 10.863281 1567439878.6484
MEM 1136.773438 1567439878.7489
CHLD 0 1112.296875 1567439878.7775
CHLD 1 1091.617188 1567439878.7776
CHLD 2 1091.617188 1567439878.7776
CHLD 3 1136.113281 1567439878.7777
CHLD 4 10.691406 1567439878.7819
CHLD 5 10.859375 1567439878.7820
CHLD 6 10.843750 1567439878.7820
CHLD 7 10.863281 1567439878.7821
MEM 1136.773438 1567439878.8826
CHLD 0 1112.296875 1567439878.9125
CHLD 1 1091.617188 1567439878.9125
CHLD 2 1091.617188 1567439878.9126
CHLD 3 1136.113281 1567439878.9126
CHLD 4 10.691406 1567439878.9127
CHLD 5 10.859375 1567439878.9128
CHLD 6 10.843750 1567439878.9128
CHLD 7 10.863281 1567439878.9129
MEM 1136.773438 1567439879.0133
CHLD 0 1112.296875 1567439879.0289
CHLD 1 1091.617188 1567439879.0290
CHLD 2 1092.390625 1567439879.0290
CHLD 3 1136.113281 1567439879.0291
CHLD 4 10.691406 1567439879.0291
CHLD 5 10.859375 1567439879.0292
CHLD 6 10.843750 1567439879.0292
CHLD 7 10.863281 1567439879.0293
MEM 1136.773438 1567439879.1465
CHLD 0 1112.296875 1567439879.1838
CHLD 1 1091.617188 1567439879.1839
CHLD 2 1092.390625 1567439879.1840
CHLD 3 1136.113281 1567439879.1840
CHLD 4 10.691406 1567439879.1841
CHLD 5 10.859375 1567439879.1841
CHLD 6 10.843750 1567439879.1842
CHLD 7 10.863281 1567439879.1842
MEM 1136.773438 1567439879.2847
CHLD 0 1112.296875 1567439879.3111
CHLD 1 1091.617188 1567439879.3112
CHLD 2 1092.390625 1567439879.3112
CHLD 3 1136.113281 1567439879.3113
CHLD 4 10.691406 1567439879.3114
CHLD 5 10.859375 1567439879.3114
CHLD 6 10.843750 1567439879.3115
CHLD 7 10.863281 1567439879.3115
MEM 1136.773438 1567439879.4119
CHLD 0 1112.554688 1567439879.4398
CHLD 1 1091.617188 1567439879.4399
CHLD 2 1092.390625 1567439879.4399
CHLD 3 1136.113281 1567439879.4400
CHLD 4 10.691406 1567439879.4401
CHLD 5 10.859375 1567439879.4401
CHLD 6 10.843750 1567439879.4402
CHLD 7 10.863281 1567439879.4402
MEM 1136.773438 1567439879.5406
CHLD 0 1112.554688 1567439879.5568
CHLD 1 1091.875000 1567439879.5569
CHLD 2 1092.390625 1567439879.5569
CHLD 3 1136.113281 1567439879.5570
CHLD 4 10.691406 1567439879.5570
CHLD 5 10.859375 1567439879.5571
CHLD 6 10.843750 1567439879.5572
CHLD 7 10.863281 1567439879.5572
MEM 1136.773438 1567439879.6577
CHLD 0 1112.554688 1567439879.6705
CHLD 1 1091.875000 1567439879.6706
CHLD 2 1092.390625 1567439879.6706
CHLD 3 1136.113281 1567439879.6707
CHLD 4 10.691406 1567439879.6708
CHLD 5 10.859375 1567439879.6708
CHLD 6 10.843750 1567439879.6709
CHLD 7 10.863281 1567439879.6709
MEM 1136.773438 1567439879.7714
CHLD 0 1112.554688 1567439879.7988
CHLD 1 1091.875000 1567439879.7988
CHLD 2 1092.390625 1567439879.7989
CHLD 3 1136.113281 1567439879.7989
CHLD 4 10.691406 1567439879.7990
CHLD 5 10.859375 1567439879.7990
CHLD 6 10.843750 1567439879.7991
CHLD 7 10.863281 1567439879.7992
MEM 1136.773438 1567439879.9001
CHLD 0 1112.554688 1567439879.9203
CHLD 1 1091.875000 1567439879.9204
CHLD 2 1092.390625 1567439879.9204
CHLD 3 1136.113281 1567439879.9205
CHLD 4 10.691406 1567439879.9206
CHLD 5 10.859375 1567439879.9206
CHLD 6 10.843750 1567439879.9207
CHLD 7 10.863281 1567439879.9207
MEM 1136.773438 1567439880.0212
CHLD 0 1112.554688 1567439880.0359
CHLD 1 1091.875000 1567439880.0360
CHLD 2 1092.390625 1567439880.0361
CHLD 3 1136.113281 1567439880.0361
CHLD 4 10.691406 1567439880.0362
CHLD 5 10.859375 1567439880.0363
CHLD 6 10.843750 1567439880.0363
CHLD 7 10.863281 1567439880.0364
MEM 1136.773438 1567439880.1370
CHLD 0 1112.554688 1567439880.1763
CHLD 1 1093.257812 1567439880.1764
CHLD 2 1092.390625 1567439880.1765
CHLD 3 1136.113281 1567439880.1765
CHLD 4 10.691406 1567439880.1766
CHLD 5 10.859375 1567439880.1766
CHLD 6 10.843750 1567439880.1819
CHLD 7 10.863281 1567439880.1820
MEM 1136.773438 1567439880.2824
CHLD 0 1112.554688 1567439880.3138
CHLD 1 1093.257812 1567439880.3138
CHLD 2 1092.390625 1567439880.3139
CHLD 3 1136.113281 1567439880.3140
CHLD 4 10.691406 1567439880.3141
CHLD 5 10.859375 1567439880.3141
CHLD 6 10.843750 1567439880.3142
CHLD 7 10.863281 1567439880.3143
MEM 1136.773438 1567439880.4160
CHLD 0 1112.554688 1567439880.4964
CHLD 1 1093.257812 1567439880.4964
CHLD 2 1092.390625 1567439880.4965
CHLD 3 1136.113281 1567439880.4966
CHLD 4 10.691406 1567439880.4966
CHLD 5 10.859375 1567439880.4967
CHLD 6 10.843750 1567439880.4967
CHLD 7 10.863281 1567439880.4968
MEM 1136.773438 1567439880.5975
CHLD 0 1132.406250 1567439880.6232
CHLD 1 1093.257812 1567439880.6233
CHLD 2 1092.390625 1567439880.6234
CHLD 3 1136.113281 1567439880.6234
CHLD 4 10.691406 1567439880.6235
CHLD 5 10.859375 1567439880.6235
CHLD 6 10.843750 1567439880.6236
CHLD 7 10.863281 1567439880.6237
MEM 1136.773438 1567439880.7241
CHLD 0 1167.468750 1567439880.7454
CHLD 1 1093.257812 1567439880.7455
CHLD 2 1092.390625 1567439880.7456
CHLD 3 1136.113281 1567439880.7456
CHLD 4 10.691406 1567439880.7457
CHLD 5 10.859375 1567439880.7457
CHLD 6 10.843750 1567439880.7458
CHLD 7 10.863281 1567439880.7467
MEM 1136.773438 1567439880.8472
CHLD 0 1213.359375 1567439880.8642
CHLD 1 1093.257812 1567439880.8643
CHLD 2 1092.648438 1567439880.8644
CHLD 3 1136.113281 1567439880.8644
CHLD 4 10.691406 1567439880.8645
CHLD 5 10.859375 1567439880.8646
CHLD 6 10.843750 1567439880.8647
CHLD 7 10.863281 1567439880.8648
MEM 1136.773438 1567439880.9655
CHLD 0 1244.296875 1567439880.9928
CHLD 1 1093.257812 1567439880.9929
CHLD 2 1092.648438 1567439880.9930
CHLD 3 1136.113281 1567439880.9930
CHLD 4 10.691406 1567439880.9931
CHLD 5 10.859375 1567439880.9932
CHLD 6 10.843750 1567439880.9932
CHLD 7 10.863281 1567439880.9933
MEM 1136.773438 1567439881.0939
CHLD 0 1271.109375 1567439881.1152
CHLD 1 1093.257812 1567439881.1153
CHLD 2 1092.648438 1567439881.1154
CHLD 3 1136.113281 1567439881.1154
CHLD 4 10.691406 1567439881.1155
CHLD 5 10.859375 1567439881.1155
CHLD 6 10.843750 1567439881.1156
CHLD 7 10.863281 1567439881.1157
MEM 1136.773438 1567439881.2161
CHLD 0 1305.398438 1567439881.2372
CHLD 1 1093.257812 1567439881.2373
CHLD 2 1092.648438 1567439881.2373
CHLD 3 1136.113281 1567439881.2374
CHLD 4 10.691406 1567439881.2374
CHLD 5 10.859375 1567439881.2375
CHLD 6 10.843750 1567439881.2376
CHLD 7 10.863281 1567439881.2376
MEM 1136.773438 1567439881.3380
CHLD 0 1351.546875 1567439881.3538
CHLD 1 1093.257812 1567439881.3539
CHLD 2 1092.648438 1567439881.3540
CHLD 3 1136.113281 1567439881.3540
CHLD 4 10.691406 1567439881.3541
CHLD 5 10.859375 1567439881.3542
CHLD 6 10.843750 1567439881.3542
CHLD 7 10.863281 1567439881.3543
MEM 1136.773438 1567439881.4547
CHLD 0 1413.164062 1567439881.4819
CHLD 1 1093.257812 1567439881.4820
CHLD 2 1092.648438 1567439881.4820
CHLD 3 1136.113281 1567439881.4821
CHLD 4 10.691406 1567439881.4821
CHLD 5 10.859375 1567439881.4821
CHLD 6 10.843750 1567439881.4822
CHLD 7 10.863281 1567439881.4822
MEM 1136.773438 1567439881.5831
CHLD 0 1464.726562 1567439881.6069
CHLD 1 1093.257812 1567439881.6069
CHLD 2 1092.648438 1567439881.6070
CHLD 3 1136.113281 1567439881.6070
CHLD 4 10.691406 1567439881.6071
CHLD 5 10.859375 1567439881.6072
CHLD 6 10.843750 1567439881.6072
CHLD 7 10.863281 1567439881.6073
MEM 1136.773438 1567439881.7077
CHLD 0 1515.257812 1567439881.7208
CHLD 1 1093.257812 1567439881.7209
CHLD 2 1092.648438 1567439881.7210
CHLD 3 1136.113281 1567439881.7210
CHLD 4 10.691406 1567439881.7211
CHLD 5 10.859375 1567439881.7211
CHLD 6 10.843750 1567439881.7212
CHLD 7 10.863281 1567439881.7212
MEM 777.242188 1567439881.8217
CHLD 0 1563.726562 1567439881.8521
CHLD 1 1093.257812 1567439881.8537
CHLD 2 1092.648438 1567439881.8634
CHLD 3 1136.113281 1567439881.8661
CHLD 4 10.691406 1567439881.8662
CHLD 5 10.859375 1567439881.8662
CHLD 6 10.843750 1567439881.8664
CHLD 7 10.863281 1567439881.8664
MEM 796.593750 1567439881.9669
CHLD 0 1681.289062 1567439881.9980
CHLD 1 1093.257812 1567439881.9981
CHLD 2 1092.648438 1567439881.9982
CHLD 3 1136.113281 1567439881.9982
CHLD 4 10.691406 1567439881.9983
CHLD 5 10.859375 1567439881.9984
CHLD 6 10.843750 1567439881.9985
CHLD 7 10.863281 1567439881.9985
MEM 904.875000 1567439882.1006
CHLD 0 1824.375000 1567439882.1212
CHLD 1 1093.257812 1567439882.1212
CHLD 2 1092.648438 1567439882.1213
CHLD 3 1136.113281 1567439882.1214
CHLD 4 10.691406 1567439882.1214
CHLD 5 10.859375 1567439882.1215
CHLD 6 10.843750 1567439882.1216
CHLD 7 10.863281 1567439882.1216
MEM 1016.507812 1567439882.2223
CHLD 0 1914.867188 1567439882.2388
CHLD 1 1093.257812 1567439882.2389
CHLD 2 1092.648438 1567439882.2390
CHLD 3 1136.113281 1567439882.2390
CHLD 4 10.691406 1567439882.2391
CHLD 5 10.859375 1567439882.2392
CHLD 6 10.843750 1567439882.2392
CHLD 7 10.863281 1567439882.2393
MEM 1091.789062 1567439882.3403
CHLD 0 1534.660156 1567439882.3683
CHLD 1 1093.257812 1567439882.3684
CHLD 2 1092.648438 1567439882.3684
CHLD 3 1136.113281 1567439882.3685
CHLD 4 10.691406 1567439882.3685
CHLD 5 10.859375 1567439882.3686
CHLD 6 10.843750 1567439882.3686
CHLD 7 10.863281 1567439882.3687
MEM 1186.921875 1567439882.4698
CHLD 0 1633.398438 1567439882.5344
CHLD 1 1093.257812 1567439882.5356
CHLD 2 1092.648438 1567439882.5357
CHLD 3 1136.113281 1567439882.5357
CHLD 4 10.691406 1567439882.5373
CHLD 5 10.859375 1567439882.5374
CHLD 6 10.843750 1567439882.5375
CHLD 7 10.863281 1567439882.5376
MEM 1316.085938 1567439882.6428
CHLD 0 1783.960938 1567439882.7078
CHLD 1 1093.257812 1567439882.7115
CHLD 2 1092.648438 1567439882.7116
CHLD 3 1136.113281 1567439882.7116
CHLD 4 10.691406 1567439882.7117
CHLD 5 10.859375 1567439882.7117
CHLD 6 10.843750 1567439882.7118
CHLD 7 10.863281 1567439882.7119
MEM 1409.414062 1567439882.8123
CHLD 0 1913.347656 1567439882.8504
CHLD 1 1093.257812 1567439882.8507
CHLD 2 1092.648438 1567439882.8509
CHLD 3 1136.113281 1567439882.8509
CHLD 4 10.691406 1567439882.8510
CHLD 5 10.859375 1567439882.8511
CHLD 6 10.843750 1567439882.8512
CHLD 7 10.863281 1567439882.8512
MEM 1466.679688 1567439882.9518
CHLD 0 1533.238281 1567439882.9697
CHLD 1 1093.257812 1567439882.9698
CHLD 2 1092.648438 1567439882.9699
CHLD 3 1136.113281 1567439882.9699
CHLD 4 10.691406 1567439882.9700
CHLD 5 10.859375 1567439882.9700
CHLD 6 10.843750 1567439882.9701
CHLD 7 10.863281 1567439882.9702
MEM 1136.789062 1567439883.0706
CHLD 0 1533.484375 1567439883.0958
CHLD 1 1122.167969 1567439883.0959
CHLD 2 1092.648438 1567439883.0960
CHLD 3 1136.113281 1567439883.0960
CHLD 4 10.691406 1567439883.0961
CHLD 5 10.859375 1567439883.0961
CHLD 6 10.843750 1567439883.0962
CHLD 7 10.863281 1567439883.0963
MEM 1136.789062 1567439883.1967
CHLD 0 1534.109375 1567439883.2161
CHLD 1 1173.730469 1567439883.2161
CHLD 2 1092.648438 1567439883.2162
CHLD 3 1136.113281 1567439883.2163
CHLD 4 10.691406 1567439883.2163
CHLD 5 10.859375 1567439883.2164
CHLD 6 10.843750 1567439883.2165
CHLD 7 10.863281 1567439883.2165
MEM 1136.789062 1567439883.3169
CHLD 0 1534.625000 1567439883.3447
CHLD 1 1222.457031 1567439883.3448
CHLD 2 1092.648438 1567439883.3486
CHLD 3 1136.113281 1567439883.3486
CHLD 4 10.691406 1567439883.3487
CHLD 5 10.859375 1567439883.3488
CHLD 6 10.843750 1567439883.3488
CHLD 7 10.863281 1567439883.3489
MEM 1136.789062 1567439883.4570
CHLD 0 1534.882812 1567439883.4726
CHLD 1 1272.988281 1567439883.4727
CHLD 2 1092.648438 1567439883.4967
CHLD 3 1136.113281 1567439883.4969
CHLD 4 10.691406 1567439883.4970
CHLD 5 10.859375 1567439883.4970
CHLD 6 10.843750 1567439883.4971
CHLD 7 10.863281 1567439883.4971
MEM 1136.789062 1567439883.5977
CHLD 0 1535.398438 1567439883.6230
CHLD 1 1332.285156 1567439883.6231
CHLD 2 1092.648438 1567439883.6232
CHLD 3 1136.113281 1567439883.6232
CHLD 4 10.691406 1567439883.6233
CHLD 5 10.859375 1567439883.6234
CHLD 6 10.843750 1567439883.6234
CHLD 7 10.863281 1567439883.6235
MEM 1136.789062 1567439883.7242
CHLD 0 1535.605469 1567439883.7419
CHLD 1 1380.753906 1567439883.7420
CHLD 2 1092.648438 1567439883.7420
CHLD 3 1136.113281 1567439883.7421
CHLD 4 10.691406 1567439883.7421
CHLD 5 10.859375 1567439883.7422
CHLD 6 10.843750 1567439883.7423
CHLD 7 10.863281 1567439883.7423
MEM 1136.789062 1567439883.8429
CHLD 0 1535.859375 1567439883.8815
CHLD 1 1441.855469 1567439883.8849
CHLD 2 1092.648438 1567439883.8855
CHLD 3 1136.113281 1567439883.8856
CHLD 4 10.691406 1567439883.8857
CHLD 5 10.859375 1567439883.8858
CHLD 6 10.843750 1567439883.8858
CHLD 7 10.863281 1567439883.8859
MEM 1136.789062 1567439883.9864
CHLD 0 1536.375000 1567439884.0029
CHLD 1 1510.691406 1567439884.0030
CHLD 2 1092.851562 1567439884.0038
CHLD 3 1136.113281 1567439884.0040
CHLD 4 10.691406 1567439884.0040
CHLD 5 10.859375 1567439884.0041
CHLD 6 10.843750 1567439884.0042
CHLD 7 10.863281 1567439884.0042
MEM 799.445312 1567439884.1047
CHLD 0 1536.890625 1567439884.1654
CHLD 1 1698.378906 1567439884.1655
CHLD 2 1092.851562 1567439884.1655
CHLD 3 1136.113281 1567439884.1656
CHLD 4 10.691406 1567439884.1657
CHLD 5 10.859375 1567439884.1657
CHLD 6 10.843750 1567439884.1658
CHLD 7 10.863281 1567439884.1659
MEM 983.523438 1567439884.2663
CHLD 0 1537.875000 1567439884.2809
CHLD 1 1802.535156 1567439884.2870
CHLD 2 1092.851562 1567439884.2871
CHLD 3 1136.113281 1567439884.2871
CHLD 4 10.691406 1567439884.2872
CHLD 5 10.859375 1567439884.2873
CHLD 6 10.843750 1567439884.2873
CHLD 7 10.863281 1567439884.2874
MEM 1153.421875 1567439884.3886
CHLD 0 1539.675781 1567439884.4167
CHLD 1 1933.761719 1567439884.4168
CHLD 2 1092.851562 1567439884.4168
CHLD 3 1136.113281 1567439884.4169
CHLD 4 10.691406 1567439884.4170
CHLD 5 10.859375 1567439884.4170
CHLD 6 10.843750 1567439884.4171
CHLD 7 10.863281 1567439884.4171
MEM 1319.453125 1567439884.5176
CHLD 0 1544.820312 1567439884.5377
CHLD 1 1574.390625 1567439884.5378
CHLD 2 1092.851562 1567439884.5379
CHLD 3 1136.113281 1567439884.5379
CHLD 4 10.691406 1567439884.5380
CHLD 5 10.859375 1567439884.5380
CHLD 6 10.843750 1567439884.5381
CHLD 7 10.863281 1567439884.5381
MEM 1459.734375 1567439884.6391
CHLD 0 1546.367188 1567439884.6816
CHLD 1 1686.281250 1567439884.6816
CHLD 2 1092.851562 1567439884.6817
CHLD 3 1136.113281 1567439884.6817
CHLD 4 10.691406 1567439884.6818
CHLD 5 10.859375 1567439884.6818
CHLD 6 10.843750 1567439884.6819
CHLD 7 10.863281 1567439884.6820
MEM 1419.921875 1567439884.7824
CHLD 0 1546.367188 1567439884.7956
CHLD 1 1795.335938 1567439884.7957
CHLD 2 1092.851562 1567439884.7957
CHLD 3 1136.113281 1567439884.7958
CHLD 4 10.691406 1567439884.7958
CHLD 5 10.859375 1567439884.7959
CHLD 6 10.843750 1567439884.7960
CHLD 7 10.863281 1567439884.7960
MEM 1136.796875 1567439884.8965
CHLD 0 1546.367188 1567439884.9140
CHLD 1 1858.042969 1567439884.9140
CHLD 2 1136.984375 1567439884.9141
CHLD 3 1136.113281 1567439884.9142
CHLD 4 10.691406 1567439884.9142
CHLD 5 10.859375 1567439884.9143
CHLD 6 10.843750 1567439884.9144
CHLD 7 10.863281 1567439884.9144
MEM 1136.796875 1567439885.0148
CHLD 0 1546.367188 1567439885.0439
CHLD 1 1512.425781 1567439885.0439
CHLD 2 1171.015625 1567439885.0440
CHLD 3 1136.113281 1567439885.0441
CHLD 4 10.691406 1567439885.0441
CHLD 5 10.859375 1567439885.0442
CHLD 6 10.843750 1567439885.0443
CHLD 7 10.863281 1567439885.0443
MEM 1136.796875 1567439885.1448
CHLD 0 1546.367188 1567439885.1600
CHLD 1 1512.574219 1567439885.1600
CHLD 2 1224.640625 1567439885.1601
CHLD 3 1136.113281 1567439885.1602
CHLD 4 10.691406 1567439885.1602
CHLD 5 10.859375 1567439885.1603
CHLD 6 10.843750 1567439885.1603
CHLD 7 10.863281 1567439885.1604
MEM 1136.796875 1567439885.2614
CHLD 0 1550.035156 1567439885.2896
CHLD 1 1513.085938 1567439885.2897
CHLD 2 1243.460938 1567439885.2898
CHLD 3 1136.113281 1567439885.2898
CHLD 4 10.691406 1567439885.2899
CHLD 5 10.859375 1567439885.2899
CHLD 6 10.843750 1567439885.2900
CHLD 7 10.863281 1567439885.2901
MEM 1136.796875 1567439885.3905
CHLD 0 1553.617188 1567439885.4107
CHLD 1 1513.339844 1567439885.4108
CHLD 2 1281.617188 1567439885.4109
CHLD 3 1136.113281 1567439885.4110
CHLD 4 10.691406 1567439885.4110
CHLD 5 10.859375 1567439885.4111
CHLD 6 10.843750 1567439885.4112
CHLD 7 10.863281 1567439885.4112
MEM 1136.796875 1567439885.5116
CHLD 0 1555.164062 1567439885.5297
CHLD 1 1513.847656 1567439885.5298
CHLD 2 1306.882812 1567439885.5298
CHLD 3 1136.113281 1567439885.5299
CHLD 4 10.691406 1567439885.5300
CHLD 5 10.859375 1567439885.5300
CHLD 6 10.843750 1567439885.5301
CHLD 7 10.863281 1567439885.5301
MEM 1136.796875 1567439885.6306
CHLD 0 1556.710938 1567439885.6454
CHLD 1 1514.101562 1567439885.6459
CHLD 2 1342.718750 1567439885.6467
CHLD 3 1136.113281 1567439885.6472
CHLD 4 10.691406 1567439885.6475
CHLD 5 10.859375 1567439885.6478
CHLD 6 10.843750 1567439885.6486
CHLD 7 10.863281 1567439885.6496
MEM 1136.796875 1567439885.7521
CHLD 0 1556.710938 1567439885.7859
CHLD 1 1514.578125 1567439885.7867
CHLD 2 1379.328125 1567439885.7868
CHLD 3 1136.113281 1567439885.7869
CHLD 4 10.691406 1567439885.7869
CHLD 5 10.859375 1567439885.7870
CHLD 6 10.843750 1567439885.7871
CHLD 7 10.863281 1567439885.7876
MEM 1136.796875 1567439885.8880
CHLD 0 1559.546875 1567439885.9142
CHLD 1 1515.074219 1567439885.9143
CHLD 2 1417.484375 1567439885.9143
CHLD 3 1136.113281 1567439885.9144
CHLD 4 10.691406 1567439885.9145
CHLD 5 10.859375 1567439885.9146
CHLD 6 10.843750 1567439885.9194
CHLD 7 10.863281 1567439885.9195
MEM 1136.796875 1567439886.0199
CHLD 0 1559.546875 1567439886.0327
CHLD 1 1515.578125 1567439886.0328
CHLD 2 1453.320312 1567439886.0329
CHLD 3 1136.113281 1567439886.0329
CHLD 4 10.691406 1567439886.0330
CHLD 5 10.859375 1567439886.0330
CHLD 6 10.843750 1567439886.0331
CHLD 7 10.863281 1567439886.0332
MEM 1136.796875 1567439886.1336
CHLD 0 1559.546875 1567439886.1574
CHLD 1 1516.007812 1567439886.1574
CHLD 2 1506.687500 1567439886.1575
CHLD 3 1136.113281 1567439886.1576
CHLD 4 10.691406 1567439886.1576
CHLD 5 10.859375 1567439886.1577
CHLD 6 10.843750 1567439886.1577
CHLD 7 10.863281 1567439886.1578
MEM 734.226562 1567439886.2582
CHLD 0 1559.546875 1567439886.2767
CHLD 1 1516.992188 1567439886.2767
CHLD 2 1566.242188 1567439886.2768
CHLD 3 1136.113281 1567439886.2768
CHLD 4 10.691406 1567439886.2769
CHLD 5 10.859375 1567439886.2770
CHLD 6 10.843750 1567439886.2770
CHLD 7 10.863281 1567439886.2771
MEM 813.632812 1567439886.3775
CHLD 0 1559.546875 1567439886.3936
CHLD 1 1517.757812 1567439886.3937
CHLD 2 1652.867188 1567439886.3937
CHLD 3 1136.113281 1567439886.3938
CHLD 4 10.691406 1567439886.3939
CHLD 5 10.859375 1567439886.3939
CHLD 6 10.843750 1567439886.3940
CHLD 7 10.863281 1567439886.3940
MEM 892.781250 1567439886.4944
CHLD 0 1559.546875 1567439886.5285
CHLD 1 1518.531250 1567439886.5286
CHLD 2 1705.718750 1567439886.5287
CHLD 3 1136.113281 1567439886.5288
CHLD 4 10.691406 1567439886.5288
CHLD 5 10.859375 1567439886.5289
CHLD 6 10.843750 1567439886.5297
CHLD 7 10.863281 1567439886.5298
MEM 942.796875 1567439886.6303
CHLD 0 1560.835938 1567439886.6772
CHLD 1 1519.300781 1567439886.6773
CHLD 2 1759.859375 1567439886.6773
CHLD 3 1136.113281 1567439886.6774
CHLD 4 10.691406 1567439886.6775
CHLD 5 10.859375 1567439886.6775
CHLD 6 10.843750 1567439886.6776
CHLD 7 10.863281 1567439886.6776
MEM 1024.265625 1567439886.7781
CHLD 0 1563.671875 1567439886.7996
CHLD 1 1519.558594 1567439886.7997
CHLD 2 1804.460938 1567439886.7997
CHLD 3 1136.113281 1567439886.7998
CHLD 4 10.691406 1567439886.7998
CHLD 5 10.859375 1567439886.7999
CHLD 6 10.843750 1567439886.7999
CHLD 7 10.863281 1567439886.8000
MEM 1073.250000 1567439886.9004
CHLD 0 1565.218750 1567439886.9469
CHLD 1 1521.363281 1567439886.9469
CHLD 2 1862.210938 1567439886.9470
CHLD 3 1136.113281 1567439886.9471
CHLD 4 10.691406 1567439886.9471
CHLD 5 10.859375 1567439886.9472
CHLD 6 10.843750 1567439886.9472
CHLD 7 10.863281 1567439886.9473
MEM 1163.226562 1567439887.0477
CHLD 0 1566.765625 1567439887.1127
CHLD 1 1522.839844 1567439887.1129
CHLD 2 1902.171875 1567439887.1130
CHLD 3 1136.113281 1567439887.1130
CHLD 4 10.691406 1567439887.1131
CHLD 5 10.859375 1567439887.1131
CHLD 6 10.843750 1567439887.1132
CHLD 7 10.863281 1567439887.1133
MEM 1336.734375 1567439887.2142
CHLD 0 1568.570312 1567439887.2724
CHLD 1 1522.839844 1567439887.2725
CHLD 2 1519.074219 1567439887.2726
CHLD 3 1136.113281 1567439887.2727
CHLD 4 10.691406 1567439887.2728
CHLD 5 10.859375 1567439887.2729
CHLD 6 10.843750 1567439887.2729
CHLD 7 10.863281 1567439887.2730
MEM 1431.351562 1567439887.3735
CHLD 0 1568.570312 1567439887.4008
CHLD 1 1522.839844 1567439887.4009
CHLD 2 1583.785156 1567439887.4009
CHLD 3 1136.113281 1567439887.4010
CHLD 4 10.691406 1567439887.4011
CHLD 5 10.859375 1567439887.4011
CHLD 6 10.843750 1567439887.4012
CHLD 7 10.863281 1567439887.4013
MEM 1483.976562 1567439887.5017
CHLD 0 1570.117188 1567439887.5553
CHLD 1 1523.414062 1567439887.5554
CHLD 2 1698.769531 1567439887.5555
CHLD 3 1136.113281 1567439887.5555
CHLD 4 10.691406 1567439887.5556
CHLD 5 10.859375 1567439887.5557
CHLD 6 10.843750 1567439887.5557
CHLD 7 10.863281 1567439887.5558
MEM 1552.812500 1567439887.6563
CHLD 0 1570.117188 1567439887.6942
CHLD 1 1523.414062 1567439887.6942
CHLD 2 1778.175781 1567439887.6943
CHLD 3 1136.113281 1567439887.6944
CHLD 4 10.691406 1567439887.6944
CHLD 5 10.859375 1567439887.6945
CHLD 6 10.843750 1567439887.6945
CHLD 7 10.863281 1567439887.6946
MEM 1136.796875 1567439887.7953
CHLD 0 1570.117188 1567439887.8176
CHLD 1 1523.414062 1567439887.8177
CHLD 2 1810.917969 1567439887.8178
CHLD 3 1136.113281 1567439887.8179
CHLD 4 10.691406 1567439887.8180
CHLD 5 10.859375 1567439887.8180
CHLD 6 10.843750 1567439887.8181
CHLD 7 10.863281 1567439887.8182
MEM 1136.796875 1567439887.9187
CHLD 0 1570.117188 1567439887.9636
CHLD 1 1523.414062 1567439887.9636
CHLD 2 1849.847656 1567439887.9637
CHLD 3 1136.113281 1567439887.9638
CHLD 4 10.691406 1567439887.9638
CHLD 5 10.859375 1567439887.9639
CHLD 6 10.843750 1567439887.9639
CHLD 7 10.863281 1567439887.9640
MEM 1136.796875 1567439888.0644
CHLD 0 1570.117188 1567439888.0871
CHLD 1 1523.414062 1567439888.0871
CHLD 2 1902.980469 1567439888.0872
CHLD 3 1136.113281 1567439888.0872
CHLD 4 10.691406 1567439888.0873
CHLD 5 10.859375 1567439888.0874
CHLD 6 10.843750 1567439888.0874
CHLD 7 10.863281 1567439888.0875
MEM 1136.796875 1567439888.1879
CHLD 0 1570.117188 1567439888.2049
CHLD 1 1523.414062 1567439888.2049
CHLD 2 1512.046875 1567439888.2050
CHLD 3 1136.113281 1567439888.2051
CHLD 4 10.691406 1567439888.2051
CHLD 5 10.859375 1567439888.2052
CHLD 6 10.843750 1567439888.2052
CHLD 7 10.863281 1567439888.2053
MEM 1136.796875 1567439888.3057
CHLD 0 1570.117188 1567439888.3206
CHLD 1 1523.414062 1567439888.3207
CHLD 2 1512.300781 1567439888.3208
CHLD 3 1148.140625 1567439888.3208
CHLD 4 10.691406 1567439888.3209
CHLD 5 10.859375 1567439888.3210
CHLD 6 10.843750 1567439888.3210
CHLD 7 10.863281 1567439888.3211
MEM 1136.796875 1567439888.4215
CHLD 0 1570.117188 1567439888.4357
CHLD 1 1523.414062 1567439888.4358
CHLD 2 1512.808594 1567439888.4358
CHLD 3 1206.148438 1567439888.4359
CHLD 4 10.691406 1567439888.4359
CHLD 5 10.859375 1567439888.4360
CHLD 6 10.843750 1567439888.4360
CHLD 7 10.863281 1567439888.4361
MEM 1136.796875 1567439888.5365
CHLD 0 1570.117188 1567439888.5568
CHLD 1 1523.414062 1567439888.5568
CHLD 2 1513.062500 1567439888.5569
CHLD 3 1242.757812 1567439888.5594
CHLD 4 10.691406 1567439888.5595
CHLD 5 10.859375 1567439888.5596
CHLD 6 10.843750 1567439888.5659
CHLD 7 10.863281 1567439888.5661
MEM 1136.796875 1567439888.6665
CHLD 0 1570.117188 1567439888.6951
CHLD 1 1523.414062 1567439888.6952
CHLD 2 1513.574219 1567439888.6953
CHLD 3 1285.039062 1567439888.6953
CHLD 4 10.691406 1567439888.6954
CHLD 5 10.859375 1567439888.6954
CHLD 6 10.843750 1567439888.6956
CHLD 7 10.863281 1567439888.6960
MEM 1136.796875 1567439888.7964
CHLD 0 1570.117188 1567439888.8129
CHLD 1 1523.414062 1567439888.8130
CHLD 2 1514.082031 1567439888.8130
CHLD 3 1311.593750 1567439888.8131
CHLD 4 10.691406 1567439888.8131
CHLD 5 10.859375 1567439888.8132
CHLD 6 10.843750 1567439888.8132
CHLD 7 10.863281 1567439888.8133
MEM 1136.796875 1567439888.9138
CHLD 0 1571.406250 1567439888.9270
CHLD 1 1523.414062 1567439888.9271
CHLD 2 1514.339844 1567439888.9271
CHLD 3 1337.890625 1567439888.9272
CHLD 4 10.691406 1567439888.9272
CHLD 5 10.859375 1567439888.9272
CHLD 6 10.843750 1567439888.9273
CHLD 7 10.863281 1567439888.9273
MEM 1136.796875 1567439889.0278
CHLD 0 1571.406250 1567439889.0458
CHLD 1 1523.414062 1567439889.0459
CHLD 2 1514.843750 1567439889.0459
CHLD 3 1363.671875 1567439889.0460
CHLD 4 10.691406 1567439889.0461
CHLD 5 10.859375 1567439889.0464
CHLD 6 10.843750 1567439889.0467
CHLD 7 10.863281 1567439889.0472
MEM 1136.796875 1567439889.1481
CHLD 0 1571.406250 1567439889.1792
CHLD 1 1523.414062 1567439889.1794
CHLD 2 1515.683594 1567439889.1795
CHLD 3 1408.015625 1567439889.1795
CHLD 4 10.691406 1567439889.1796
CHLD 5 10.859375 1567439889.1797
CHLD 6 10.843750 1567439889.1797
CHLD 7 10.863281 1567439889.1798
MEM 1136.796875 1567439889.2802
CHLD 0 1571.406250 1567439889.2987
CHLD 1 1523.414062 1567439889.2988
CHLD 2 1517.222656 1567439889.2988
CHLD 3 1445.914062 1567439889.2989
CHLD 4 10.691406 1567439889.2990
CHLD 5 10.859375 1567439889.2990
CHLD 6 10.843750 1567439889.2991
CHLD 7 10.863281 1567439889.2991
MEM 1136.796875 1567439889.3997
CHLD 0 1571.406250 1567439889.4196
CHLD 1 1523.414062 1567439889.4196
CHLD 2 1518.253906 1567439889.4197
CHLD 3 1522.742188 1567439889.4198
CHLD 4 10.691406 1567439889.4198
CHLD 5 10.859375 1567439889.4199
CHLD 6 10.843750 1567439889.4210
CHLD 7 10.863281 1567439889.4211
MEM 795.851562 1567439889.5218
CHLD 0 1571.406250 1567439889.5587
CHLD 1 1523.671875 1567439889.5588
CHLD 2 1518.769531 1567439889.5588
CHLD 3 1583.843750 1567439889.5589
CHLD 4 10.691406 1567439889.5589
CHLD 5 10.859375 1567439889.5590
CHLD 6 10.843750 1567439889.5590
CHLD 7 10.863281 1567439889.5591
MEM 715.410156 1567439889.6595
CHLD 0 1571.406250 1567439889.7043
CHLD 1 1523.671875 1567439889.7044
CHLD 2 1518.769531 1567439889.7044
CHLD 3 1723.835938 1567439889.7045
CHLD 4 10.691406 1567439889.7045
CHLD 5 10.859375 1567439889.7046
CHLD 6 10.843750 1567439889.7047
CHLD 7 10.863281 1567439889.7047
MEM 715.410156 1567439889.8052
CHLD 0 1571.406250 1567439889.8209
CHLD 1 1523.671875 1567439889.8209
CHLD 2 1518.769531 1567439889.8210
CHLD 3 1779.007812 1567439889.8210
CHLD 4 10.691406 1567439889.8211
CHLD 5 10.859375 1567439889.8212
CHLD 6 10.843750 1567439889.8212
CHLD 7 10.863281 1567439889.8213
MEM 715.410156 1567439889.9306
CHLD 0 1571.406250 1567439889.9830
CHLD 1 1523.671875 1567439889.9873
CHLD 2 1518.769531 1567439889.9874
CHLD 3 1830.054688 1567439890.0022
CHLD 4 10.691406 1567439890.0053
CHLD 5 10.859375 1567439890.0054
CHLD 6 10.843750 1567439890.0055
CHLD 7 10.863281 1567439890.0056
MEM 715.410156 1567439890.1060
CHLD 0 1571.406250 1567439890.1242
CHLD 1 1523.671875 1567439890.1242
CHLD 2 1518.769531 1567439890.1243
CHLD 3 1917.195312 1567439890.1244
CHLD 4 10.691406 1567439890.1244
CHLD 5 10.859375 1567439890.1245
CHLD 6 10.843750 1567439890.1246
CHLD 7 10.863281 1567439890.1246
MEM 715.410156 1567439890.2251
CHLD 0 1571.406250 1567439890.2731
CHLD 1 1523.671875 1567439890.2732
CHLD 2 1518.769531 1567439890.2732
CHLD 3 1640.742188 1567439890.2733
CHLD 4 10.691406 1567439890.2734
CHLD 5 10.859375 1567439890.2734
CHLD 6 10.843750 1567439890.2735
CHLD 7 10.863281 1567439890.2736
MEM 715.410156 1567439890.3740
CHLD 0 1571.406250 1567439890.3892
CHLD 1 1523.671875 1567439890.3893
CHLD 2 1518.769531 1567439890.3894
CHLD 3 1788.210938 1567439890.4026
CHLD 4 10.691406 1567439890.4027
CHLD 5 10.859375 1567439890.4028
CHLD 6 10.843750 1567439890.4028
CHLD 7 10.863281 1567439890.4029
MEM 715.410156 1567439890.5037
CHLD 0 1571.406250 1567439890.5256
CHLD 1 1523.671875 1567439890.5301
CHLD 2 1518.769531 1567439890.5302
CHLD 3 1906.546875 1567439890.5302
CHLD 4 10.691406 1567439890.5303
CHLD 5 10.859375 1567439890.5304
CHLD 6 10.843750 1567439890.5304
CHLD 7 10.863281 1567439890.5305
MEM 715.410156 1567439890.6309
CHLD 0 1571.406250 1567439890.6582
CHLD 1 1523.671875 1567439890.6602
CHLD 2 1518.769531 1567439890.6603
CHLD 3 1556.601562 1567439890.6623
CHLD 4 10.691406 1567439890.6625
CHLD 5 10.859375 1567439890.6625
CHLD 6 10.843750 1567439890.6626
CHLD 7 10.863281 1567439890.6626
MEM 715.410156 1567439890.7638
CHLD 0 1571.406250 1567439890.7863
CHLD 1 1523.671875 1567439890.7864
CHLD 2 1518.769531 1567439890.7864
CHLD 3 1556.847656 1567439890.7865
CHLD 4 10.691406 1567439890.7865
CHLD 5 10.859375 1567439890.7866
CHLD 6 10.843750 1567439890.7866
CHLD 7 10.863281 1567439890.7867
MEM 715.410156 1567439890.8871
CHLD 0 1571.406250 1567439890.9076
CHLD 1 1523.671875 1567439890.9076
CHLD 2 1518.769531 1567439890.9077
CHLD 3 1557.097656 1567439890.9077
CHLD 4 10.691406 1567439890.9078
CHLD 5 10.859375 1567439890.9078
CHLD 6 10.843750 1567439890.9078
CHLD 7 10.863281 1567439890.9079
MEM 715.410156 1567439891.0146
CHLD 0 1571.406250 1567439891.0636
CHLD 1 1523.671875 1567439891.0637
CHLD 2 1518.769531 1567439891.0638
CHLD 3 1557.355469 1567439891.0638
CHLD 4 10.691406 1567439891.0639
CHLD 5 10.859375 1567439891.0640
CHLD 6 10.843750 1567439891.0640
CHLD 7 10.863281 1567439891.0641
MEM 715.410156 1567439891.1645
CHLD 0 1571.406250 1567439891.1801
CHLD 1 1523.929688 1567439891.1802
CHLD 2 1518.769531 1567439891.1802
CHLD 3 1557.601562 1567439891.1803
CHLD 4 10.691406 1567439891.1803
CHLD 5 10.859375 1567439891.1804
CHLD 6 10.843750 1567439891.1804
CHLD 7 10.863281 1567439891.1805
MEM 715.410156 1567439891.2810
CHLD 0 1572.953125 1567439891.2934
CHLD 1 1523.929688 1567439891.2935
CHLD 2 1518.769531 1567439891.2935
CHLD 3 1557.855469 1567439891.2936
CHLD 4 10.691406 1567439891.2936
CHLD 5 10.859375 1567439891.2937
CHLD 6 10.843750 1567439891.2938
CHLD 7 10.863281 1567439891.2938
MEM 715.410156 1567439891.3947
CHLD 0 1572.953125 1567439891.4241
CHLD 1 1524.445312 1567439891.4241
CHLD 2 1518.769531 1567439891.4242
CHLD 3 1558.371094 1567439891.4242
CHLD 4 10.691406 1567439891.4243
CHLD 5 10.859375 1567439891.4243
CHLD 6 10.843750 1567439891.4244
CHLD 7 10.863281 1567439891.4244
MEM 715.410156 1567439891.5248
CHLD 0 1572.953125 1567439891.5604
CHLD 1 1524.445312 1567439891.5604
CHLD 2 1518.769531 1567439891.5605
CHLD 3 1558.851562 1567439891.5606
CHLD 4 10.691406 1567439891.5606
CHLD 5 10.859375 1567439891.5607
CHLD 6 10.843750 1567439891.5607
CHLD 7 10.863281 1567439891.5608
MEM 715.410156 1567439891.6612
CHLD 0 1572.953125 1567439891.6907
CHLD 1 1524.445312 1567439891.6908
CHLD 2 1518.769531 1567439891.6908
CHLD 3 1559.105469 1567439891.6909
CHLD 4 10.691406 1567439891.6909
CHLD 5 10.859375 1567439891.6910
CHLD 6 10.843750 1567439891.6911
CHLD 7 10.863281 1567439891.6911
MEM 715.410156 1567439891.7915
CHLD 0 1572.953125 1567439891.8207
CHLD 1 1524.445312 1567439891.8208
CHLD 2 1518.769531 1567439891.8209
CHLD 3 1559.605469 1567439891.8209
CHLD 4 10.691406 1567439891.8210
CHLD 5 10.859375 1567439891.8211
CHLD 6 10.843750 1567439891.8211
CHLD 7 10.863281 1567439891.8212
MEM 715.410156 1567439891.9219
CHLD 0 1572.953125 1567439891.9609
CHLD 1 1524.445312 1567439891.9610
CHLD 2 1518.769531 1567439891.9610
CHLD 3 1560.117188 1567439891.9611
CHLD 4 10.691406 1567439891.9611
CHLD 5 10.859375 1567439891.9612
CHLD 6 10.843750 1567439891.9613
CHLD 7 10.863281 1567439891.9613
MEM 715.410156 1567439892.0706
CHLD 0 1572.953125 1567439892.1985
CHLD 1 1524.445312 1567439892.1986
CHLD 2 1518.769531 1567439892.1987
CHLD 3 1560.632812 1567439892.1988
CHLD 4 10.691406 1567439892.1988
CHLD 5 10.859375 1567439892.1989
CHLD 6 10.843750 1567439892.1989
CHLD 7 10.863281 1567439892.1990
MEM 715.410156 1567439892.3041
CHLD 0 1572.953125 1567439892.4013
CHLD 1 1524.445312 1567439892.4013
CHLD 2 1518.769531 1567439892.4014
CHLD 3 1560.890625 1567439892.4022
CHLD 4 10.691406 1567439892.4023
CHLD 5 10.859375 1567439892.4024
CHLD 6 10.843750 1567439892.4024
CHLD 7 10.863281 1567439892.4025
MEM 715.410156 1567439892.5029
CHLD 0 1572.953125 1567439892.5260
CHLD 1 1524.445312 1567439892.5261
CHLD 2 1518.769531 1567439892.5261
CHLD 3 1561.148438 1567439892.5262
CHLD 4 10.691406 1567439892.5262
CHLD 5 10.859375 1567439892.5462
CHLD 6 10.843750 1567439892.5462
CHLD 7 10.863281 1567439892.5463
MEM 715.410156 1567439892.6468
CHLD 0 1572.953125 1567439892.6639
CHLD 1 1524.445312 1567439892.6640
CHLD 2 1518.769531 1567439892.6641
CHLD 3 1561.664062 1567439892.6641
CHLD 4 10.691406 1567439892.6642
CHLD 5 10.859375 1567439892.6642
CHLD 6 10.843750 1567439892.6643
CHLD 7 10.863281 1567439892.6644
MEM 715.410156 1567439892.7650
CHLD 0 1572.953125 1567439892.7810
CHLD 1 1524.445312 1567439892.7810
CHLD 2 1518.769531 1567439892.7811
CHLD 3 1561.851562 1567439892.7812
CHLD 4 10.691406 1567439892.7812
CHLD 5 10.859375 1567439892.7813
CHLD 6 10.843750 1567439892.7813
CHLD 7 10.863281 1567439892.7814
MEM 715.410156 1567439892.8867
CHLD 0 1574.757812 1567439892.9285
CHLD 1 1524.445312 1567439892.9286
CHLD 2 1518.769531 1567439892.9286
CHLD 3 1562.105469 1567439892.9287
CHLD 4 10.691406 1567439892.9287
CHLD 5 10.859375 1567439892.9288
CHLD 6 10.843750 1567439892.9288
CHLD 7 10.863281 1567439892.9289
MEM 715.410156 1567439893.0298
CHLD 0 1574.757812 1567439893.0635
CHLD 1 1524.445312 1567439893.0636
CHLD 2 1518.769531 1567439893.0637
CHLD 3 1567.003906 1567439893.0637
CHLD 4 10.691406 1567439893.0638
CHLD 5 10.859375 1567439893.0638
CHLD 6 10.843750 1567439893.0639
CHLD 7 10.863281 1567439893.0639
MEM 715.410156 1567439893.1661
CHLD 0 1574.757812 1567439893.2087
CHLD 1 1524.445312 1567439893.2088
CHLD 2 1518.769531 1567439893.2088
CHLD 3 1568.035156 1567439893.2089
CHLD 4 10.691406 1567439893.2090
CHLD 5 10.859375 1567439893.2090
CHLD 6 10.843750 1567439893.2091
CHLD 7 10.863281 1567439893.2091
MEM 715.410156 1567439893.3095
CHLD 0 1574.757812 1567439893.3265
CHLD 1 1524.445312 1567439893.3266
CHLD 2 1518.769531 1567439893.3266
CHLD 3 1568.035156 1567439893.3266
CHLD 4 10.691406 1567439893.3267
CHLD 5 10.859375 1567439893.3267
CHLD 6 10.843750 1567439893.3267
CHLD 7 10.863281 1567439893.3268
MEM 715.410156 1567439893.4272
CHLD 0 1574.757812 1567439893.4897
CHLD 1 1524.445312 1567439893.4898
CHLD 2 1518.769531 1567439893.4899
CHLD 3 1569.582031 1567439893.4918
CHLD 4 10.691406 1567439893.4960
CHLD 5 10.859375 1567439893.4961
CHLD 6 10.843750 1567439893.4962
CHLD 7 10.863281 1567439893.4963
MEM 715.410156 1567439893.5967
CHLD 0 1574.757812 1567439893.6134
CHLD 1 1524.445312 1567439893.6135
CHLD 2 1518.769531 1567439893.6157
CHLD 3 1569.582031 1567439893.6158
CHLD 4 10.691406 1567439893.6159
CHLD 5 10.859375 1567439893.6167
CHLD 6 10.843750 1567439893.6168
CHLD 7 10.863281 1567439893.6168
MEM 715.410156 1567439893.7202
CHLD 0 1574.757812 1567439893.7382
CHLD 1 1524.445312 1567439893.7382
CHLD 2 1518.769531 1567439893.7383
CHLD 3 1569.582031 1567439893.7384
CHLD 4 10.691406 1567439893.7384
CHLD 5 10.859375 1567439893.7385
CHLD 6 10.843750 1567439893.7385
CHLD 7 10.863281 1567439893.7386
MEM 715.410156 1567439893.8390
CHLD 0 1574.757812 1567439893.8902
CHLD 1 1524.445312 1567439893.8902
CHLD 2 1518.769531 1567439893.8903
CHLD 3 1572.675781 1567439893.8904
CHLD 4 10.691406 1567439893.8904
CHLD 5 10.859375 1567439893.8905
CHLD 6 10.843750 1567439893.8905
CHLD 7 10.863281 1567439893.8906
MEM 715.410156 1567439893.9914
CHLD 0 1574.757812 1567439894.0213
CHLD 1 1524.703125 1567439894.0214
CHLD 2 1518.769531 1567439894.0214
CHLD 3 1573.960938 1567439894.0215
CHLD 4 10.691406 1567439894.0216
CHLD 5 10.859375 1567439894.0216
CHLD 6 10.843750 1567439894.0217
CHLD 7 10.863281 1567439894.0217
MEM 715.410156 1567439894.1224
CHLD 0 1574.757812 1567439894.1452
CHLD 1 1524.703125 1567439894.1452
CHLD 2 1518.769531 1567439894.1453
CHLD 3 1573.960938 1567439894.1454
CHLD 4 10.691406 1567439894.1454
CHLD 5 10.859375 1567439894.1455
CHLD 6 10.843750 1567439894.1456
CHLD 7 10.863281 1567439894.1456
MEM 715.410156 1567439894.2462
CHLD 0 1574.757812 1567439894.2862
CHLD 1 1524.703125 1567439894.2863
CHLD 2 1518.769531 1567439894.2864
CHLD 3 1575.250000 1567439894.2864
CHLD 4 10.691406 1567439894.2865
CHLD 5 10.859375 1567439894.2865
CHLD 6 10.843750 1567439894.2866
CHLD 7 10.863281 1567439894.2867
MEM 715.410156 1567439894.3886
CHLD 0 1574.757812 1567439894.4478
CHLD 1 1524.703125 1567439894.4479
CHLD 2 1518.769531 1567439894.4480
CHLD 3 1575.250000 1567439894.4480
CHLD 4 10.691406 1567439894.4481
CHLD 5 10.859375 1567439894.4481
CHLD 6 10.843750 1567439894.4482
CHLD 7 10.863281 1567439894.4482
MEM 715.410156 1567439894.5488
CHLD 0 1574.757812 1567439894.6014
CHLD 1 1524.703125 1567439894.6015
CHLD 2 1518.769531 1567439894.6015
CHLD 3 1575.250000 1567439894.6016
CHLD 4 10.691406 1567439894.6154
CHLD 5 10.859375 1567439894.6156
CHLD 6 10.843750 1567439894.6156
CHLD 7 10.863281 1567439894.6157
MEM 715.410156 1567439894.7186
CHLD 0 1574.757812 1567439894.7849
CHLD 1 1524.703125 1567439894.7850
CHLD 2 1518.769531 1567439894.7851
CHLD 3 1575.250000 1567439894.7851
CHLD 4 10.691406 1567439894.7852
CHLD 5 10.859375 1567439894.7853
CHLD 6 10.843750 1567439894.7853
CHLD 7 10.863281 1567439894.7854
MEM 715.410156 1567439894.8864
CHLD 0 1574.757812 1567439894.9178
CHLD 1 1524.703125 1567439894.9179
CHLD 2 1518.769531 1567439894.9180
CHLD 3 1575.250000 1567439894.9180
CHLD 4 10.691406 1567439894.9181
CHLD 5 10.859375 1567439894.9181
CHLD 6 10.843750 1567439894.9182
CHLD 7 10.863281 1567439894.9182
MEM 715.410156 1567439895.0187
CHLD 0 1574.757812 1567439895.0487
CHLD 1 1524.703125 1567439895.0487
CHLD 2 1518.769531 1567439895.0488
CHLD 3 1575.250000 1567439895.0489
CHLD 4 10.691406 1567439895.0489
CHLD 5 10.859375 1567439895.0490
CHLD 6 10.843750 1567439895.0490
CHLD 7 10.863281 1567439895.0491
MEM 715.410156 1567439895.1496
CHLD 0 1574.757812 1567439895.1818
CHLD 1 1524.703125 1567439895.1819
CHLD 2 1518.769531 1567439895.1819
CHLD 3 1578.343750 1567439895.1820
CHLD 4 10.691406 1567439895.1821
CHLD 5 10.859375 1567439895.1822
CHLD 6 10.843750 1567439895.1822
CHLD 7 10.863281 1567439895.1823
MEM 715.410156 1567439895.2828
CHLD 0 1574.757812 1567439895.3164
CHLD 1 1524.703125 1567439895.3165
CHLD 2 1518.769531 1567439895.3166
CHLD 3 1579.117188 1567439895.3166
CHLD 4 10.691406 1567439895.3167
CHLD 5 10.859375 1567439895.3167
CHLD 6 10.843750 1567439895.3168
CHLD 7 10.863281 1567439895.3168
MEM 715.410156 1567439895.4186
CHLD 0 1574.757812 1567439895.4431
CHLD 1 1524.960938 1567439895.4431
CHLD 2 1518.769531 1567439895.4432
CHLD 3 1582.210938 1567439895.4592
CHLD 4 10.691406 1567439895.4593
CHLD 5 10.859375 1567439895.4610
CHLD 6 10.843750 1567439895.4611
CHLD 7 10.863281 1567439895.4611
MEM 715.410156 1567439895.5617
CHLD 0 1574.757812 1567439895.6092
CHLD 1 1524.960938 1567439895.6093
CHLD 2 1518.769531 1567439895.6093
CHLD 3 1582.210938 1567439895.6094
CHLD 4 10.691406 1567439895.6094
CHLD 5 10.859375 1567439895.6094
CHLD 6 10.843750 1567439895.6095
CHLD 7 10.863281 1567439895.6095
MEM 715.410156 1567439895.7099
CHLD 0 1574.757812 1567439895.7716
CHLD 1 1524.960938 1567439895.7718
CHLD 2 1518.769531 1567439895.7757
CHLD 3 1582.210938 1567439895.7759
CHLD 4 10.691406 1567439895.7759
CHLD 5 10.859375 1567439895.7760
CHLD 6 10.843750 1567439895.7761
CHLD 7 10.863281 1567439895.7761
MEM 715.410156 1567439895.8859
CHLD 0 1574.757812 1567439895.9694
CHLD 1 1524.960938 1567439895.9695
CHLD 2 1518.769531 1567439895.9695
CHLD 3 1582.210938 1567439895.9696
CHLD 4 10.691406 1567439895.9697
CHLD 5 10.859375 1567439895.9697
CHLD 6 10.843750 1567439895.9698
CHLD 7 10.863281 1567439895.9698
MEM 715.410156 1567439896.0704
CHLD 0 1574.757812 1567439896.0921
CHLD 1 1524.960938 1567439896.0925
CHLD 2 1518.769531 1567439896.0926
CHLD 3 1582.726562 1567439896.0927
CHLD 4 10.691406 1567439896.0928
CHLD 5 10.859375 1567439896.0928
CHLD 6 10.843750 1567439896.0929
CHLD 7 10.863281 1567439896.0929
MEM 715.410156 1567439896.1935
CHLD 0 1574.757812 1567439896.2193
CHLD 1 1524.960938 1567439896.2193
CHLD 2 1518.769531 1567439896.2194
CHLD 3 1583.242188 1567439896.2195
CHLD 4 10.691406 1567439896.2195
CHLD 5 10.859375 1567439896.2196
CHLD 6 10.843750 1567439896.2196
CHLD 7 10.863281 1567439896.2197
MEM 715.410156 1567439896.3202
CHLD 0 1574.757812 1567439896.3650
CHLD 1 1524.960938 1567439896.3650
CHLD 2 1518.769531 1567439896.3651
CHLD 3 1583.242188 1567439896.3652
CHLD 4 10.691406 1567439896.3652
CHLD 5 10.859375 1567439896.3653
CHLD 6 10.843750 1567439896.3653
CHLD 7 10.863281 1567439896.3654
MEM 715.410156 1567439896.4658
CHLD 0 1574.757812 1567439896.4883
CHLD 1 1524.960938 1567439896.4884
CHLD 2 1518.769531 1567439896.4884
CHLD 3 1584.273438 1567439896.4885
CHLD 4 10.691406 1567439896.4885
CHLD 5 10.859375 1567439896.4886
CHLD 6 10.843750 1567439896.4887
CHLD 7 10.863281 1567439896.4887
MEM 715.410156 1567439896.5892
CHLD 0 1574.757812 1567439896.6213
CHLD 1 1524.960938 1567439896.6214
CHLD 2 1518.769531 1567439896.6215
CHLD 3 1584.273438 1567439896.6215
CHLD 4 10.691406 1567439896.6216
CHLD 5 10.859375 1567439896.6216
CHLD 6 10.843750 1567439896.6217
CHLD 7 10.863281 1567439896.6228
MEM 715.410156 1567439896.7233
CHLD 0 1574.757812 1567439896.7565
CHLD 1 1524.960938 1567439896.7566
CHLD 2 1518.769531 1567439896.7567
CHLD 3 1584.273438 1567439896.7567
CHLD 4 10.691406 1567439896.7568
CHLD 5 10.859375 1567439896.7569
CHLD 6 10.843750 1567439896.7569
CHLD 7 10.863281 1567439896.7570
MEM 715.410156 1567439896.8575
CHLD 0 1574.757812 1567439896.8893
CHLD 1 1524.960938 1567439896.8893
CHLD 2 1518.769531 1567439896.8894
CHLD 3 1584.273438 1567439896.8895
CHLD 4 10.691406 1567439896.8895
CHLD 5 10.859375 1567439896.8896
CHLD 6 10.843750 1567439896.8897
CHLD 7 10.863281 1567439896.8897
MEM 715.410156 1567439896.9902
CHLD 0 1574.757812 1567439897.0488
CHLD 1 1524.960938 1567439897.0489
CHLD 2 1518.769531 1567439897.0490
CHLD 3 1584.273438 1567439897.0491
CHLD 4 10.691406 1567439897.0491
CHLD 5 10.859375 1567439897.0492
CHLD 6 10.843750 1567439897.0492
CHLD 7 10.863281 1567439897.0493
MEM 715.410156 1567439897.1498
CHLD 0 1574.757812 1567439897.1674
CHLD 1 1524.960938 1567439897.1675
CHLD 2 1518.769531 1567439897.1675
CHLD 3 1584.273438 1567439897.1690
CHLD 4 10.691406 1567439897.1691
CHLD 5 10.859375 1567439897.1691
CHLD 6 10.843750 1567439897.1692
CHLD 7 10.863281 1567439897.1698
MEM 715.410156 1567439897.2702
CHLD 0 1574.757812 1567439897.3030
CHLD 1 1524.960938 1567439897.3031
CHLD 2 1518.769531 1567439897.3032
CHLD 3 1586.335938 1567439897.3033
CHLD 4 10.691406 1567439897.3034
CHLD 5 10.859375 1567439897.3035
CHLD 6 10.843750 1567439897.3035
CHLD 7 10.863281 1567439897.3036
MEM 715.410156 1567439897.4041
CHLD 0 1574.757812 1567439897.4178
CHLD 1 1524.960938 1567439897.4179
CHLD 2 1518.769531 1567439897.4180
CHLD 3 1586.335938 1567439897.4180
CHLD 4 10.691406 1567439897.4181
CHLD 5 10.859375 1567439897.4182
CHLD 6 10.843750 1567439897.4183
CHLD 7 10.863281 1567439897.4184
MEM 715.410156 1567439897.5192
CHLD 0 1574.757812 1567439897.5310
CHLD 1 1524.960938 1567439897.5311
CHLD 2 1518.769531 1567439897.5312
CHLD 3 1586.335938 1567439897.5313
CHLD 4 10.691406 1567439897.5313
CHLD 5 10.859375 1567439897.5314
CHLD 6 10.843750 1567439897.5314
CHLD 7 10.863281 1567439897.5315
MEM 715.410156 1567439897.6319
CHLD 0 1574.757812 1567439897.6547
CHLD 1 1524.960938 1567439897.6547
CHLD 2 1518.769531 1567439897.6548
CHLD 3 1586.335938 1567439897.6549
CHLD 4 10.691406 1567439897.6549
CHLD 5 10.859375 1567439897.6550
CHLD 6 10.843750 1567439897.6551
CHLD 7 10.863281 1567439897.6552
MEM 715.410156 1567439897.7557
CHLD 0 1574.757812 1567439897.7852
CHLD 1 1524.960938 1567439897.7853
CHLD 2 1518.769531 1567439897.7854
CHLD 3 1586.335938 1567439897.7855
CHLD 4 10.691406 1567439897.7855
CHLD 5 10.859375 1567439897.7856
CHLD 6 10.843750 1567439897.7857
CHLD 7 10.863281 1567439897.7857
MEM 715.410156 1567439897.8861
CHLD 0 1574.757812 1567439897.9019
CHLD 1 1524.960938 1567439897.9019
CHLD 2 1518.769531 1567439897.9020
CHLD 3 1586.335938 1567439897.9020
CHLD 4 10.691406 1567439897.9021
CHLD 5 10.859375 1567439897.9022
CHLD 6 10.843750 1567439897.9022
CHLD 7 10.863281 1567439897.9023
MEM 715.410156 1567439898.0028
CHLD 0 1574.757812 1567439898.0182
CHLD 1 1524.960938 1567439898.0183
CHLD 2 1518.769531 1567439898.0183
CHLD 3 1586.335938 1567439898.0184
CHLD 4 10.691406 1567439898.0184
CHLD 5 10.859375 1567439898.0184
CHLD 6 10.843750 1567439898.0185
CHLD 7 10.863281 1567439898.0185
MEM 715.410156 1567439898.1191
CHLD 0 1574.757812 1567439898.1562
CHLD 1 1524.960938 1567439898.1563
CHLD 2 1518.769531 1567439898.1564
CHLD 3 1586.335938 1567439898.1564
CHLD 4 10.691406 1567439898.1565
CHLD 5 10.859375 1567439898.1565
CHLD 6 10.843750 1567439898.1566
CHLD 7 10.863281 1567439898.1567
MEM 715.410156 1567439898.2572
CHLD 0 1574.757812 1567439898.2831
CHLD 1 1524.960938 1567439898.2832
CHLD 2 1518.769531 1567439898.2833
CHLD 3 1586.335938 1567439898.2834
CHLD 4 10.691406 1567439898.2834
CHLD 5 10.859375 1567439898.2835
CHLD 6 10.843750 1567439898.2836
CHLD 7 10.863281 1567439898.2837
MEM 715.410156 1567439898.3842
CHLD 0 1574.757812 1567439898.4008
CHLD 1 1524.960938 1567439898.4009
CHLD 2 1518.769531 1567439898.4010
CHLD 3 1586.335938 1567439898.4010
CHLD 4 10.691406 1567439898.4011
CHLD 5 10.859375 1567439898.4012
CHLD 6 10.843750 1567439898.4012
CHLD 7 10.863281 1567439898.4013
MEM 715.410156 1567439898.5018
CHLD 0 1574.757812 1567439898.5167
CHLD 1 1524.960938 1567439898.5168
CHLD 2 1518.769531 1567439898.5169
CHLD 3 1586.335938 1567439898.5170
CHLD 4 10.691406 1567439898.5171
CHLD 5 10.859375 1567439898.5172
CHLD 6 10.843750 1567439898.5173
CHLD 7 10.863281 1567439898.5174
MEM 715.410156 1567439898.6177
CHLD 0 1574.757812 1567439898.6346
CHLD 1 1524.960938 1567439898.6347
CHLD 2 1518.769531 1567439898.6347
CHLD 3 1586.335938 1567439898.6348
CHLD 4 10.691406 1567439898.6349
CHLD 5 10.859375 1567439898.6349
CHLD 6 10.843750 1567439898.6350
CHLD 7 10.863281 1567439898.6350
MEM 715.410156 1567439898.7356
CHLD 0 1574.757812 1567439898.7541
CHLD 1 1524.960938 1567439898.7541
CHLD 2 1518.769531 1567439898.7542
CHLD 3 1586.335938 1567439898.7542
CHLD 4 10.691406 1567439898.7543
CHLD 5 10.859375 1567439898.7544
CHLD 6 10.843750 1567439898.7544
CHLD 7 10.863281 1567439898.7545
MEM 715.410156 1567439898.8549
CHLD 0 1574.757812 1567439898.8716
CHLD 1 1524.960938 1567439898.8716
CHLD 2 1518.769531 1567439898.8717
CHLD 3 1586.335938 1567439898.8718
CHLD 4 10.691406 1567439898.8718
CHLD 5 10.859375 1567439898.8719
CHLD 6 10.843750 1567439898.8719
CHLD 7 10.863281 1567439898.8720
MEM 715.410156 1567439898.9732
CHLD 0 1574.757812 1567439898.9949
CHLD 1 1524.960938 1567439898.9949
CHLD 2 1518.769531 1567439898.9950
CHLD 3 1586.335938 1567439898.9951
CHLD 4 10.691406 1567439898.9952
CHLD 5 10.859375 1567439898.9952
CHLD 6 10.843750 1567439898.9953
CHLD 7 10.863281 1567439898.9954
MEM 715.410156 1567439899.0958
CHLD 0 1574.757812 1567439899.1100
CHLD 1 1524.960938 1567439899.1101
CHLD 2 1518.769531 1567439899.1102
CHLD 3 1587.882812 1567439899.1102
CHLD 4 10.691406 1567439899.1104
CHLD 5 10.859375 1567439899.1104
CHLD 6 10.843750 1567439899.1105
CHLD 7 10.863281 1567439899.1105
MEM 715.410156 1567439899.2113
CHLD 0 1574.757812 1567439899.2341
CHLD 1 1524.960938 1567439899.2342
CHLD 2 1518.769531 1567439899.2343
CHLD 3 1587.882812 1567439899.2344
CHLD 4 10.691406 1567439899.2345
CHLD 5 10.859375 1567439899.2345
CHLD 6 10.843750 1567439899.2347
CHLD 7 10.863281 1567439899.2347
MEM 715.410156 1567439899.3353
CHLD 0 1574.757812 1567439899.3566
CHLD 1 1524.960938 1567439899.3566
CHLD 2 1518.769531 1567439899.3567
CHLD 3 1587.882812 1567439899.3568
CHLD 4 10.691406 1567439899.3568
CHLD 5 10.859375 1567439899.3569
CHLD 6 10.843750 1567439899.3570
CHLD 7 10.863281 1567439899.3570
MEM 715.410156 1567439899.4578
CHLD 0 1574.757812 1567439899.5030
CHLD 1 1524.960938 1567439899.5031
CHLD 2 1518.769531 1567439899.5032
CHLD 3 1587.882812 1567439899.5032
CHLD 4 10.691406 1567439899.5033
CHLD 5 10.859375 1567439899.5034
CHLD 6 10.843750 1567439899.5034
CHLD 7 10.863281 1567439899.5035
MEM 715.410156 1567439899.6039
CHLD 0 1574.757812 1567439899.6195
CHLD 1 1524.960938 1567439899.6196
CHLD 2 1518.769531 1567439899.6196
CHLD 3 1587.882812 1567439899.6196
CHLD 4 10.691406 1567439899.6197
CHLD 5 10.859375 1567439899.6197
CHLD 6 10.843750 1567439899.6198
CHLD 7 10.863281 1567439899.6198
MEM 715.410156 1567439899.7204
CHLD 0 1574.757812 1567439899.7332
CHLD 1 1524.960938 1567439899.7333
CHLD 2 1518.769531 1567439899.7333
CHLD 3 1587.882812 1567439899.7334
CHLD 4 10.691406 1567439899.7334
CHLD 5 10.859375 1567439899.7335
CHLD 6 10.843750 1567439899.7336
CHLD 7 10.863281 1567439899.7336
MEM 715.410156 1567439899.8344
CHLD 0 1574.757812 1567439899.8463
CHLD 1 1524.960938 1567439899.8464
CHLD 2 1518.769531 1567439899.8465
CHLD 3 1587.882812 1567439899.8465
CHLD 4 10.691406 1567439899.8466
CHLD 5 10.859375 1567439899.8466
CHLD 6 10.843750 1567439899.8467
CHLD 7 10.863281 1567439899.8468
MEM 715.410156 1567439899.9474
CHLD 0 1574.757812 1567439899.9589
CHLD 1 1524.960938 1567439899.9589
CHLD 2 1518.769531 1567439899.9590
CHLD 3 1587.882812 1567439899.9590
CHLD 4 10.691406 1567439899.9591
CHLD 5 10.859375 1567439899.9592
CHLD 6 10.843750 1567439899.9592
CHLD 7 10.863281 1567439899.9592
MEM 715.410156 1567439900.0597
CHLD 0 1574.757812 1567439900.0744
CHLD 1 1524.960938 1567439900.0745
CHLD 2 1518.769531 1567439900.0746
CHLD 3 1587.882812 1567439900.0747
CHLD 4 10.691406 1567439900.0748
CHLD 5 10.859375 1567439900.0748
CHLD 6 10.843750 1567439900.0749
CHLD 7 10.863281 1567439900.0750
MEM 715.410156 1567439900.1754
CHLD 0 1574.757812 1567439900.1898
CHLD 1 1524.960938 1567439900.1898
CHLD 2 1518.769531 1567439900.1899
CHLD 3 1587.882812 1567439900.1900
CHLD 4 10.691406 1567439900.1900
CHLD 5 10.859375 1567439900.1901
CHLD 6 10.843750 1567439900.1901
CHLD 7 10.863281 1567439900.1902
MEM 715.410156 1567439900.2906
CHLD 0 1574.757812 1567439900.3025
CHLD 1 1524.960938 1567439900.3025
CHLD 2 1518.769531 1567439900.3026
CHLD 3 1587.882812 1567439900.3026
CHLD 4 10.691406 1567439900.3027
CHLD 5 10.859375 1567439900.3027
CHLD 6 10.843750 1567439900.3028
CHLD 7 10.863281 1567439900.3028
MEM 715.410156 1567439900.4032
CHLD 0 1574.757812 1567439900.4158
CHLD 1 1524.960938 1567439900.4158
CHLD 2 1518.769531 1567439900.4159
CHLD 3 1587.882812 1567439900.4159
CHLD 4 10.691406 1567439900.4159
CHLD 5 10.859375 1567439900.4160
CHLD 6 10.843750 1567439900.4160
CHLD 7 10.863281 1567439900.4160
MEM 715.410156 1567439900.5166
CHLD 0 1574.757812 1567439900.5319
CHLD 1 1524.960938 1567439900.5320
CHLD 2 1518.769531 1567439900.5321
CHLD 3 1587.882812 1567439900.5321
CHLD 4 10.691406 1567439900.5322
CHLD 5 10.859375 1567439900.5323
CHLD 6 10.843750 1567439900.5323
CHLD 7 10.863281 1567439900.5324
MEM 715.410156 1567439900.6329
CHLD 0 1574.757812 1567439900.6486
CHLD 1 1524.960938 1567439900.6487
CHLD 2 1518.769531 1567439900.6488
CHLD 3 1587.882812 1567439900.6488
CHLD 4 10.691406 1567439900.6489
CHLD 5 10.859375 1567439900.6490
CHLD 6 10.843750 1567439900.6491
CHLD 7 10.863281 1567439900.6491
MEM 715.410156 1567439900.7500
CHLD 0 1574.757812 1567439900.7631
CHLD 1 1524.960938 1567439900.7632
CHLD 2 1518.769531 1567439900.7633
CHLD 3 1587.882812 1567439900.7634
CHLD 4 10.691406 1567439900.7635
CHLD 5 10.859375 1567439900.7636
CHLD 6 10.843750 1567439900.7636
CHLD 7 10.863281 1567439900.7637
MEM 715.410156 1567439900.8644
CHLD 0 1574.757812 1567439900.8787
CHLD 1 1524.960938 1567439900.8788
CHLD 2 1518.769531 1567439900.8788
CHLD 3 1587.882812 1567439900.8789
CHLD 4 10.691406 1567439900.8789
CHLD 5 10.859375 1567439900.8790
CHLD 6 10.843750 1567439900.8791
CHLD 7 10.863281 1567439900.8791
MEM 715.410156 1567439900.9795
CHLD 0 1574.757812 1567439900.9937
CHLD 1 1524.960938 1567439900.9938
CHLD 2 1518.769531 1567439900.9938
CHLD 3 1587.882812 1567439900.9939
CHLD 4 10.691406 1567439900.9939
CHLD 5 10.859375 1567439900.9940
CHLD 6 10.843750 1567439900.9940
CHLD 7 10.863281 1567439900.9941
MEM 715.410156 1567439901.0948
CHLD 0 1574.757812 1567439901.1062
CHLD 1 1524.960938 1567439901.1063
CHLD 2 1518.769531 1567439901.1064
CHLD 3 1587.882812 1567439901.1065
CHLD 4 10.691406 1567439901.1066
CHLD 5 10.859375 1567439901.1066
CHLD 6 10.843750 1567439901.1067
CHLD 7 10.863281 1567439901.1068
MEM 715.410156 1567439901.2072
CHLD 0 1574.757812 1567439901.2204
CHLD 1 1524.960938 1567439901.2205
CHLD 2 1518.769531 1567439901.2205
CHLD 3 1587.882812 1567439901.2206
CHLD 4 10.691406 1567439901.2206
CHLD 5 10.859375 1567439901.2207
CHLD 6 10.843750 1567439901.2208
CHLD 7 10.863281 1567439901.2208
MEM 715.410156 1567439901.3214
CHLD 0 1574.757812 1567439901.3370
CHLD 1 1524.960938 1567439901.3371
CHLD 2 1518.769531 1567439901.3371
CHLD 3 1587.882812 1567439901.3372
CHLD 4 10.691406 1567439901.3372
CHLD 5 10.859375 1567439901.3373
CHLD 6 10.843750 1567439901.3373
CHLD 7 10.863281 1567439901.3373
MEM 715.410156 1567439901.4378
CHLD 0 1574.757812 1567439901.4527
CHLD 1 1524.960938 1567439901.4528
CHLD 2 1518.769531 1567439901.4528
CHLD 3 1587.882812 1567439901.4529
CHLD 4 10.691406 1567439901.4529
CHLD 5 10.859375 1567439901.4530
CHLD 6 10.843750 1567439901.4531
CHLD 7 10.863281 1567439901.4532
MEM 715.410156 1567439901.5537
CHLD 0 1574.757812 1567439901.5794
CHLD 1 1524.960938 1567439901.5795
CHLD 2 1518.769531 1567439901.5796
CHLD 3 1587.882812 1567439901.5796
CHLD 4 10.691406 1567439901.5797
CHLD 5 10.859375 1567439901.5797
CHLD 6 10.843750 1567439901.5798
CHLD 7 10.863281 1567439901.5798
MEM 715.410156 1567439901.6803
CHLD 0 1574.757812 1567439901.6949
CHLD 1 1524.960938 1567439901.6950
CHLD 2 1518.769531 1567439901.6951
CHLD 3 1587.882812 1567439901.6951
CHLD 4 10.691406 1567439901.6952
CHLD 5 10.859375 1567439901.6952
CHLD 6 10.843750 1567439901.6953
CHLD 7 10.863281 1567439901.6954
MEM 715.410156 1567439901.7958
CHLD 0 1574.757812 1567439901.8136
CHLD 1 1524.960938 1567439901.8137
CHLD 2 1518.769531 1567439901.8138
CHLD 3 1587.882812 1567439901.8138
CHLD 4 10.691406 1567439901.8139
CHLD 5 10.859375 1567439901.8140
CHLD 6 10.843750 1567439901.8140
CHLD 7 10.863281 1567439901.8141
MEM 715.410156 1567439901.9145
CHLD 0 1574.757812 1567439901.9289
CHLD 1 1524.960938 1567439901.9290
CHLD 2 1518.769531 1567439901.9290
CHLD 3 1587.882812 1567439901.9291
CHLD 4 10.691406 1567439901.9291
CHLD 5 10.859375 1567439901.9292
CHLD 6 10.843750 1567439901.9292
CHLD 7 10.863281 1567439901.9293
MEM 715.410156 1567439902.0301
CHLD 0 1574.757812 1567439902.0410
CHLD 1 1524.960938 1567439902.0411
CHLD 2 1518.769531 1567439902.0412
CHLD 3 1587.882812 1567439902.0413
CHLD 4 10.691406 1567439902.0414
CHLD 5 10.859375 1567439902.0414
CHLD 6 10.843750 1567439902.0415
CHLD 7 10.863281 1567439902.0415
MEM 715.410156 1567439902.1420
CHLD 0 1574.757812 1567439902.1565
CHLD 1 1524.960938 1567439902.1566
CHLD 2 1518.769531 1567439902.1567
CHLD 3 1588.398438 1567439902.1567
CHLD 4 10.691406 1567439902.1568
CHLD 5 10.859375 1567439902.1568
CHLD 6 10.843750 1567439902.1569
CHLD 7 10.863281 1567439902.1569
MEM 715.410156 1567439902.2579
CHLD 0 1574.757812 1567439902.2740
CHLD 1 1524.960938 1567439902.2751
CHLD 2 1518.769531 1567439902.2752
CHLD 3 1589.945312 1567439902.2752
CHLD 4 10.691406 1567439902.2753
CHLD 5 10.859375 1567439902.2754
CHLD 6 10.843750 1567439902.2754
CHLD 7 10.863281 1567439902.2755
MEM 715.410156 1567439902.3760
CHLD 0 1574.757812 1567439902.3895
CHLD 1 1524.960938 1567439902.3896
CHLD 2 1518.769531 1567439902.3896
CHLD 3 1589.945312 1567439902.3897
CHLD 4 10.691406 1567439902.3898
CHLD 5 10.859375 1567439902.3898
CHLD 6 10.843750 1567439902.3899
CHLD 7 10.863281 1567439902.3899
MEM 715.410156 1567439902.4905
CHLD 0 1574.757812 1567439902.5035
CHLD 1 1524.960938 1567439902.5035
CHLD 2 1518.769531 1567439902.5036
CHLD 3 1589.945312 1567439902.5036
CHLD 4 10.691406 1567439902.5036
CHLD 5 10.859375 1567439902.5037
CHLD 6 10.843750 1567439902.5037
CHLD 7 10.863281 1567439902.5037
MEM 715.410156 1567439902.6041
CHLD 0 1574.757812 1567439902.6184
CHLD 1 1524.960938 1567439902.6184
CHLD 2 1518.769531 1567439902.6185
CHLD 3 1589.945312 1567439902.6186
CHLD 4 10.691406 1567439902.6186
CHLD 5 10.859375 1567439902.6187
CHLD 6 10.843750 1567439902.6187
CHLD 7 10.863281 1567439902.6188
MEM 715.410156 1567439902.7192
CHLD 0 1574.757812 1567439902.7275
CHLD 1 1524.960938 1567439902.7276
CHLD 2 1518.769531 1567439902.7276
CHLD 3 1589.945312 1567439902.7276
CHLD 4 10.691406 1567439902.7277
CHLD 5 10.859375 1567439902.7277
CHLD 6 10.843750 1567439902.7277
CHLD 7 10.863281 1567439902.7278
MEM 715.410156 1567439902.8282
CHLD 0 1574.757812 1567439902.8425
CHLD 1 1524.960938 1567439902.8426
CHLD 2 1518.769531 1567439902.8426
CHLD 3 1589.945312 1567439902.8427
CHLD 4 10.691406 1567439902.8427
CHLD 5 10.859375 1567439902.8428
CHLD 6 10.843750 1567439902.8429
CHLD 7 10.863281 1567439902.8429
MEM 715.410156 1567439902.9434
CHLD 0 1574.757812 1567439902.9557
CHLD 1 1524.960938 1567439902.9558
CHLD 2 1518.769531 1567439902.9559
CHLD 3 1589.945312 1567439902.9559
CHLD 4 10.691406 1567439902.9560
CHLD 5 10.859375 1567439902.9561
CHLD 6 10.843750 1567439902.9561
CHLD 7 10.863281 1567439902.9562
MEM 715.410156 1567439903.0566
CHLD 0 1574.757812 1567439903.0732
CHLD 1 1524.960938 1567439903.0738
CHLD 2 1518.769531 1567439903.0738
CHLD 3 1589.945312 1567439903.0739
CHLD 4 10.691406 1567439903.0740
CHLD 5 10.859375 1567439903.0740
CHLD 6 10.843750 1567439903.0741
CHLD 7 10.863281 1567439903.0742
MEM 715.410156 1567439903.1746
CHLD 0 1574.757812 1567439903.1879
CHLD 1 1524.960938 1567439903.1879
CHLD 2 1518.769531 1567439903.1880
CHLD 3 1589.945312 1567439903.1880
CHLD 4 10.691406 1567439903.1881
CHLD 5 10.859375 1567439903.1882
CHLD 6 10.843750 1567439903.1882
CHLD 7 10.863281 1567439903.1883
MEM 715.410156 1567439903.2887
CHLD 0 1574.757812 1567439903.3019
CHLD 1 1524.960938 1567439903.3019
CHLD 2 1518.769531 1567439903.3020
CHLD 3 1589.945312 1567439903.3020
CHLD 4 10.691406 1567439903.3021
CHLD 5 10.859375 1567439903.3022
CHLD 6 10.843750 1567439903.3022
CHLD 7 10.863281 1567439903.3023
MEM 715.410156 1567439903.4027
CHLD 0 1574.757812 1567439903.4159
CHLD 1 1524.960938 1567439903.4159
CHLD 2 1518.769531 1567439903.4160
CHLD 3 1589.945312 1567439903.4161
CHLD 4 10.691406 1567439903.4162
CHLD 5 10.859375 1567439903.4162
CHLD 6 10.843750 1567439903.4163
CHLD 7 10.863281 1567439903.4164
MEM 715.667969 1567439903.5174
CHLD 0 0.000000 1567439903.5304
CHLD 1 0.000000 1567439903.5305
CHLD 2 0.000000 1567439903.5305
CHLD 3 0.000000 1567439903.5306
CHLD 4 10.691406 1567439903.5306
CHLD 5 10.859375 1567439903.5307
CHLD 6 10.843750 1567439903.5307
CHLD 7 10.863281 1567439903.5308
MEM 726.355469 1567439903.6312
MEM 732.355469 1567439903.7418
MEM 732.996094 1567439903.8529
MEM 733.253906 1567439903.9644
MEM 733.253906 1567439904.0782
MEM 733.066406 1567439904.1914
