CMDLINE /home/dn16382/anaconda3/bin/python mnist_example.py
MEM 2.007812 1567446148.3347
MEM 17.882812 1567446148.4435
MEM 32.945312 1567446148.5593
MEM 41.128906 1567446148.6677
MEM 59.136719 1567446148.7758
MEM 71.906250 1567446148.8840
MEM 79.214844 1567446148.9924
MEM 123.480469 1567446149.1008
MEM 159.988281 1567446149.2090
MEM 162.714844 1567446149.3173
MEM 167.359375 1567446149.4257
MEM 176.425781 1567446149.5341
MEM 181.894531 1567446149.6461
MEM 189.484375 1567446149.7544
MEM 201.968750 1567446149.8629
MEM 207.726562 1567446149.9719
MEM 213.312500 1567446150.0813
MEM 225.097656 1567446150.1895
MEM 232.460938 1567446150.2977
MEM 246.378906 1567446150.4121
MEM 252.351562 1567446150.5205
MEM 256.953125 1567446150.6299
MEM 263.558594 1567446150.7432
MEM 274.507812 1567446150.8573
MEM 291.265625 1567446150.9703
MEM 308.023438 1567446151.0833
MEM 366.140625 1567446151.1916
MEM 363.199219 1567446151.2999
MEM 488.238281 1567446151.4098
MEM 637.253906 1567446151.5182
MEM 677.285156 1567446151.6268
MEM 648.117188 1567446151.7358
MEM 708.527344 1567446151.8444
CHLD 0 601.093750 1567446151.8530
CHLD 1 601.101562 1567446151.8530
MEM 708.550781 1567446151.9534
CHLD 0 601.093750 1567446151.9761
CHLD 1 601.101562 1567446151.9762
CHLD 2 601.101562 1567446151.9762
CHLD 3 601.101562 1567446151.9763
CHLD 4 608.964844 1567446151.9763
CHLD 5 605.523438 1567446151.9764
CHLD 6 605.179688 1567446151.9765
CHLD 7 604.992188 1567446151.9765
CHLD 8 604.406250 1567446151.9766
CHLD 9 0.007812 1567446151.9766
CHLD 10 0.574219 1567446151.9767
CHLD 11 6.875000 1567446151.9767
MEM 708.562500 1567446152.0771
CHLD 0 601.093750 1567446152.1273
CHLD 1 601.101562 1567446152.1273
CHLD 2 601.101562 1567446152.1274
CHLD 3 601.101562 1567446152.1275
CHLD 4 612.296875 1567446152.1275
CHLD 5 609.765625 1567446152.1276
CHLD 6 609.304688 1567446152.1276
CHLD 7 606.480469 1567446152.1277
CHLD 8 605.640625 1567446152.1277
CHLD 9 605.246094 1567446152.1278
CHLD 10 604.988281 1567446152.1279
CHLD 11 605.074219 1567446152.1279
CHLD 12 0.839844 1567446152.1280
CHLD 13 0.007812 1567446152.1280
CHLD 14 8.562500 1567446152.1281
CHLD 15 8.847656 1567446152.1282
CHLD 16 9.320312 1567446152.1282
MEM 708.562500 1567446152.2286
CHLD 0 601.093750 1567446152.2688
CHLD 1 601.101562 1567446152.2689
CHLD 2 601.101562 1567446152.2689
CHLD 3 601.101562 1567446152.2690
CHLD 4 618.027344 1567446152.2691
CHLD 5 612.910156 1567446152.2691
CHLD 6 611.738281 1567446152.2692
CHLD 7 609.660156 1567446152.2692
CHLD 8 609.304688 1567446152.2693
CHLD 9 608.996094 1567446152.2694
CHLD 10 605.710938 1567446152.2694
CHLD 11 606.542969 1567446152.2695
CHLD 12 7.324219 1567446152.2695
CHLD 13 0.007812 1567446152.2696
CHLD 14 7.667969 1567446152.2697
CHLD 15 8.257812 1567446152.2697
CHLD 16 7.867188 1567446152.2698
CHLD 17 10.351562 1567446152.2698
CHLD 18 10.906250 1567446152.2699
CHLD 19 10.964844 1567446152.2699
MEM 708.562500 1567446152.3704
CHLD 0 601.093750 1567446152.4096
CHLD 1 601.101562 1567446152.4096
CHLD 2 601.101562 1567446152.4097
CHLD 3 601.101562 1567446152.4098
CHLD 4 618.277344 1567446152.4098
CHLD 5 617.773438 1567446152.4099
CHLD 6 615.414062 1567446152.4100
CHLD 7 612.640625 1567446152.4100
CHLD 8 612.398438 1567446152.4101
CHLD 9 611.281250 1567446152.4101
CHLD 10 609.808594 1567446152.4102
CHLD 11 610.328125 1567446152.4102
CHLD 12 9.460938 1567446152.4103
CHLD 13 9.085938 1567446152.4104
CHLD 14 10.230469 1567446152.4104
CHLD 15 10.550781 1567446152.4105
CHLD 16 9.582031 1567446152.4105
CHLD 17 10.988281 1567446152.4106
CHLD 18 10.906250 1567446152.4107
CHLD 19 10.964844 1567446152.4107
MEM 708.562500 1567446152.5111
CHLD 0 601.093750 1567446152.5347
CHLD 1 601.101562 1567446152.5347
CHLD 2 601.101562 1567446152.5348
CHLD 3 601.101562 1567446152.5348
CHLD 4 618.527344 1567446152.5349
CHLD 5 618.382812 1567446152.5350
CHLD 6 618.101562 1567446152.5350
CHLD 7 618.007812 1567446152.5351
CHLD 8 616.351562 1567446152.5351
CHLD 9 615.906250 1567446152.5352
CHLD 10 614.515625 1567446152.5352
CHLD 11 617.492188 1567446152.5353
CHLD 12 10.898438 1567446152.5353
CHLD 13 10.925781 1567446152.5354
CHLD 14 10.929688 1567446152.5355
CHLD 15 10.824219 1567446152.5355
CHLD 16 10.871094 1567446152.5356
CHLD 17 10.988281 1567446152.5356
CHLD 18 10.906250 1567446152.5357
CHLD 19 10.964844 1567446152.5357
MEM 708.562500 1567446152.6362
CHLD 0 601.093750 1567446152.7042
CHLD 1 601.101562 1567446152.7043
CHLD 2 601.101562 1567446152.7043
CHLD 3 601.101562 1567446152.7044
CHLD 4 618.964844 1567446152.7044
CHLD 5 618.746094 1567446152.7045
CHLD 6 618.460938 1567446152.7045
CHLD 7 618.277344 1567446152.7046
CHLD 8 618.218750 1567446152.7047
CHLD 9 618.277344 1567446152.7047
CHLD 10 618.277344 1567446152.7048
CHLD 11 618.460938 1567446152.7048
CHLD 12 10.898438 1567446152.7049
CHLD 13 10.925781 1567446152.7049
CHLD 14 10.929688 1567446152.7050
CHLD 15 10.824219 1567446152.7051
CHLD 16 10.871094 1567446152.7051
CHLD 17 10.988281 1567446152.7052
CHLD 18 10.906250 1567446152.7052
CHLD 19 10.964844 1567446152.7053
MEM 708.562500 1567446152.8057
CHLD 0 601.093750 1567446152.8666
CHLD 1 601.101562 1567446152.8667
CHLD 2 601.101562 1567446152.8667
CHLD 3 601.101562 1567446152.8668
CHLD 4 620.847656 1567446152.8669
CHLD 5 623.691406 1567446152.8669
CHLD 6 618.527344 1567446152.8670
CHLD 7 618.460938 1567446152.8671
CHLD 8 620.609375 1567446152.8671
CHLD 9 618.460938 1567446152.8672
CHLD 10 618.460938 1567446152.8673
CHLD 11 618.640625 1567446152.8673
CHLD 12 10.898438 1567446152.8674
CHLD 13 10.925781 1567446152.8675
CHLD 14 10.929688 1567446152.8675
CHLD 15 10.824219 1567446152.8676
CHLD 16 10.871094 1567446152.8676
CHLD 17 10.988281 1567446152.8677
CHLD 18 10.906250 1567446152.8678
CHLD 19 10.964844 1567446152.8678
MEM 708.562500 1567446152.9682
CHLD 0 601.093750 1567446153.0002
CHLD 1 601.101562 1567446153.0003
CHLD 2 601.101562 1567446153.0004
CHLD 3 601.101562 1567446153.0004
CHLD 4 621.917969 1567446153.0005
CHLD 5 634.839844 1567446153.0005
CHLD 6 618.777344 1567446153.0006
CHLD 7 618.527344 1567446153.0007
CHLD 8 624.390625 1567446153.0007
CHLD 9 618.640625 1567446153.0008
CHLD 10 618.640625 1567446153.0008
CHLD 11 618.777344 1567446153.0009
CHLD 12 10.898438 1567446153.0010
CHLD 13 10.925781 1567446153.0010
CHLD 14 10.929688 1567446153.0011
CHLD 15 10.824219 1567446153.0011
CHLD 16 10.871094 1567446153.0012
CHLD 17 10.988281 1567446153.0013
CHLD 18 10.906250 1567446153.0013
CHLD 19 10.964844 1567446153.0014
MEM 708.562500 1567446153.1018
CHLD 0 601.093750 1567446153.1379
CHLD 1 601.101562 1567446153.1380
CHLD 2 601.101562 1567446153.1380
CHLD 3 601.101562 1567446153.1381
CHLD 4 623.593750 1567446153.1381
CHLD 5 635.734375 1567446153.1382
CHLD 6 620.367188 1567446153.1382
CHLD 7 618.960938 1567446153.1383
CHLD 8 634.035156 1567446153.1384
CHLD 9 618.960938 1567446153.1384
CHLD 10 619.027344 1567446153.1385
CHLD 11 621.808594 1567446153.1386
CHLD 12 10.898438 1567446153.1386
CHLD 13 10.925781 1567446153.1387
CHLD 14 10.929688 1567446153.1387
CHLD 15 10.824219 1567446153.1388
CHLD 16 10.871094 1567446153.1389
CHLD 17 10.988281 1567446153.1389
CHLD 18 10.906250 1567446153.1390
CHLD 19 10.964844 1567446153.1390
MEM 708.562500 1567446153.2394
CHLD 0 601.093750 1567446153.2717
CHLD 1 601.101562 1567446153.2718
CHLD 2 601.101562 1567446153.2718
CHLD 3 601.101562 1567446153.2719
CHLD 4 630.863281 1567446153.2720
CHLD 5 637.781250 1567446153.2720
CHLD 6 623.218750 1567446153.2721
CHLD 7 622.765625 1567446153.2721
CHLD 8 635.199219 1567446153.2722
CHLD 9 621.773438 1567446153.2722
CHLD 10 621.726562 1567446153.2723
CHLD 11 623.960938 1567446153.2724
CHLD 12 10.898438 1567446153.2724
CHLD 13 10.925781 1567446153.2725
CHLD 14 10.929688 1567446153.2725
CHLD 15 10.824219 1567446153.2726
CHLD 16 10.871094 1567446153.2726
CHLD 17 10.988281 1567446153.2727
CHLD 18 10.906250 1567446153.2728
CHLD 19 10.964844 1567446153.2728
MEM 708.562500 1567446153.3732
CHLD 0 601.093750 1567446153.4203
CHLD 1 601.101562 1567446153.4203
CHLD 2 601.101562 1567446153.4204
CHLD 3 601.101562 1567446153.4205
CHLD 4 634.304688 1567446153.4205
CHLD 5 637.957031 1567446153.4206
CHLD 6 625.179688 1567446153.4206
CHLD 7 624.390625 1567446153.4207
CHLD 8 635.402344 1567446153.4207
CHLD 9 624.007812 1567446153.4210
CHLD 10 623.699219 1567446153.4210
CHLD 11 630.871094 1567446153.4211
CHLD 12 10.898438 1567446153.4211
CHLD 13 10.925781 1567446153.4212
CHLD 14 10.929688 1567446153.4213
CHLD 15 10.824219 1567446153.4213
CHLD 16 10.871094 1567446153.4214
CHLD 17 10.988281 1567446153.4214
CHLD 18 10.906250 1567446153.4215
CHLD 19 10.964844 1567446153.4216
MEM 708.562500 1567446153.5220
CHLD 0 601.093750 1567446153.5474
CHLD 1 601.101562 1567446153.5475
CHLD 2 601.101562 1567446153.5475
CHLD 3 601.101562 1567446153.5476
CHLD 4 635.218750 1567446153.5476
CHLD 5 640.562500 1567446153.5477
CHLD 6 634.039062 1567446153.5478
CHLD 7 633.523438 1567446153.5478
CHLD 8 635.902344 1567446153.5479
CHLD 9 633.289062 1567446153.5479
CHLD 10 630.871094 1567446153.5480
CHLD 11 634.304688 1567446153.5481
CHLD 12 10.898438 1567446153.5481
CHLD 13 10.925781 1567446153.5482
CHLD 14 10.929688 1567446153.5482
CHLD 15 10.824219 1567446153.5483
CHLD 16 10.871094 1567446153.5484
CHLD 17 10.988281 1567446153.5484
CHLD 18 10.906250 1567446153.5485
CHLD 19 10.964844 1567446153.5485
MEM 708.562500 1567446153.6490
CHLD 0 601.093750 1567446153.6735
CHLD 1 601.101562 1567446153.6735
CHLD 2 601.101562 1567446153.6736
CHLD 3 601.101562 1567446153.6736
CHLD 4 635.605469 1567446153.6737
CHLD 5 641.527344 1567446153.6738
CHLD 6 635.207031 1567446153.6738
CHLD 7 634.515625 1567446153.6739
CHLD 8 638.117188 1567446153.6739
CHLD 9 635.207031 1567446153.6740
CHLD 10 634.214844 1567446153.6741
CHLD 11 635.234375 1567446153.6741
CHLD 12 10.898438 1567446153.6742
CHLD 13 10.925781 1567446153.6742
CHLD 14 10.929688 1567446153.6904
CHLD 15 10.824219 1567446153.6905
CHLD 16 10.871094 1567446153.6905
CHLD 17 10.988281 1567446153.6906
CHLD 18 10.906250 1567446153.6907
CHLD 19 10.964844 1567446153.6907
MEM 708.562500 1567446153.7912
CHLD 0 601.093750 1567446153.8236
CHLD 1 601.101562 1567446153.8237
CHLD 2 601.101562 1567446153.8237
CHLD 3 601.101562 1567446153.8238
CHLD 4 637.656250 1567446153.8238
CHLD 5 642.058594 1567446153.8239
CHLD 6 635.484375 1567446153.8240
CHLD 7 635.644531 1567446153.8240
CHLD 8 638.117188 1567446153.8423
CHLD 9 635.484375 1567446153.8425
CHLD 10 635.406250 1567446153.8425
CHLD 11 635.902344 1567446153.8426
CHLD 12 10.898438 1567446153.8427
CHLD 13 10.925781 1567446153.8427
CHLD 14 10.929688 1567446153.8428
CHLD 15 10.824219 1567446153.8428
CHLD 16 10.871094 1567446153.8429
CHLD 17 10.988281 1567446153.8430
CHLD 18 10.906250 1567446153.8430
CHLD 19 10.964844 1567446153.8431
MEM 708.562500 1567446153.9435
CHLD 0 601.093750 1567446153.9760
CHLD 1 601.101562 1567446153.9760
CHLD 2 601.101562 1567446153.9761
CHLD 3 601.101562 1567446153.9762
CHLD 4 638.113281 1567446153.9762
CHLD 5 642.394531 1567446153.9763
CHLD 6 635.730469 1567446153.9763
CHLD 7 637.812500 1567446153.9764
CHLD 8 641.500000 1567446153.9765
CHLD 9 635.976562 1567446153.9765
CHLD 10 636.003906 1567446153.9766
CHLD 11 636.199219 1567446153.9766
CHLD 12 10.898438 1567446153.9767
CHLD 13 10.925781 1567446153.9768
CHLD 14 10.929688 1567446153.9768
CHLD 15 10.824219 1567446153.9769
CHLD 16 10.871094 1567446153.9769
CHLD 17 10.988281 1567446153.9770
CHLD 18 10.906250 1567446153.9771
CHLD 19 10.964844 1567446153.9771
MEM 708.562500 1567446154.0775
CHLD 0 601.093750 1567446154.1015
CHLD 1 601.101562 1567446154.1016
CHLD 2 601.101562 1567446154.1016
CHLD 3 601.101562 1567446154.1017
CHLD 4 638.113281 1567446154.1018
CHLD 5 642.566406 1567446154.1018
CHLD 6 637.785156 1567446154.1019
CHLD 7 638.117188 1567446154.1019
CHLD 8 641.699219 1567446154.1020
CHLD 9 637.964844 1567446154.1020
CHLD 10 637.906250 1567446154.1021
CHLD 11 637.949219 1567446154.1021
CHLD 12 10.898438 1567446154.1022
CHLD 13 10.925781 1567446154.1022
CHLD 14 10.929688 1567446154.1023
CHLD 15 10.824219 1567446154.1024
CHLD 16 10.871094 1567446154.1024
CHLD 17 10.988281 1567446154.1025
CHLD 18 10.906250 1567446154.1025
CHLD 19 10.964844 1567446154.1026
MEM 708.562500 1567446154.2030
CHLD 0 601.093750 1567446154.2269
CHLD 1 601.101562 1567446154.2269
CHLD 2 601.101562 1567446154.2270
CHLD 3 601.101562 1567446154.2271
CHLD 4 641.281250 1567446154.2271
CHLD 5 642.886719 1567446154.2272
CHLD 6 637.960938 1567446154.2272
CHLD 7 639.921875 1567446154.2273
CHLD 8 641.886719 1567446154.2274
CHLD 9 637.964844 1567446154.2274
CHLD 10 637.964844 1567446154.2275
CHLD 11 637.949219 1567446154.2275
CHLD 12 10.898438 1567446154.2276
CHLD 13 10.925781 1567446154.2277
CHLD 14 10.929688 1567446154.2277
CHLD 15 10.824219 1567446154.2278
CHLD 16 10.871094 1567446154.2278
CHLD 17 10.988281 1567446154.2279
CHLD 18 10.906250 1567446154.2280
CHLD 19 10.964844 1567446154.2280
MEM 708.562500 1567446154.3285
CHLD 0 601.093750 1567446154.3597
CHLD 1 601.101562 1567446154.3597
CHLD 2 601.101562 1567446154.3598
CHLD 3 601.101562 1567446154.3599
CHLD 4 641.699219 1567446154.3599
CHLD 5 643.136719 1567446154.3600
CHLD 6 640.816406 1567446154.3600
CHLD 7 639.921875 1567446154.3601
CHLD 8 642.230469 1567446154.3602
CHLD 9 640.882812 1567446154.3602
CHLD 10 638.542969 1567446154.3603
CHLD 11 641.457031 1567446154.3603
CHLD 12 10.898438 1567446154.3604
CHLD 13 10.925781 1567446154.3605
CHLD 14 10.929688 1567446154.3605
CHLD 15 10.824219 1567446154.3606
CHLD 16 10.871094 1567446154.3606
CHLD 17 10.988281 1567446154.3607
CHLD 18 10.906250 1567446154.3608
CHLD 19 10.964844 1567446154.3608
MEM 708.562500 1567446154.4614
CHLD 0 601.093750 1567446154.4859
CHLD 1 601.101562 1567446154.4859
CHLD 2 601.101562 1567446154.4860
CHLD 3 601.101562 1567446154.4861
CHLD 4 642.089844 1567446154.4861
CHLD 5 643.437500 1567446154.4862
CHLD 6 640.816406 1567446154.4862
CHLD 7 641.777344 1567446154.5024
CHLD 8 642.562500 1567446154.5025
CHLD 9 641.558594 1567446154.5026
CHLD 10 641.195312 1567446154.5026
CHLD 11 641.832031 1567446154.5027
CHLD 12 10.898438 1567446154.5027
CHLD 13 10.925781 1567446154.5028
CHLD 14 10.929688 1567446154.5029
CHLD 15 10.824219 1567446154.5029
CHLD 16 10.871094 1567446154.5030
CHLD 17 10.988281 1567446154.5031
CHLD 18 10.906250 1567446154.5031
CHLD 19 10.964844 1567446154.5032
MEM 708.562500 1567446154.6036
CHLD 0 601.093750 1567446154.6290
CHLD 1 601.101562 1567446154.6291
CHLD 2 601.101562 1567446154.6291
CHLD 3 601.101562 1567446154.6292
CHLD 4 642.308594 1567446154.6293
CHLD 5 643.957031 1567446154.6293
CHLD 6 641.812500 1567446154.6294
CHLD 7 642.152344 1567446154.6294
CHLD 8 643.046875 1567446154.6295
CHLD 9 641.992188 1567446154.6296
CHLD 10 641.722656 1567446154.6296
CHLD 11 642.156250 1567446154.6297
CHLD 12 10.898438 1567446154.6297
CHLD 13 10.925781 1567446154.6298
CHLD 14 10.929688 1567446154.6298
CHLD 15 10.824219 1567446154.6299
CHLD 16 10.871094 1567446154.6300
CHLD 17 10.988281 1567446154.6300
CHLD 18 10.906250 1567446154.6301
CHLD 19 10.964844 1567446154.6301
MEM 708.562500 1567446154.7306
CHLD 0 601.093750 1567446154.7591
CHLD 1 601.101562 1567446154.7591
CHLD 2 601.101562 1567446154.7592
CHLD 3 601.101562 1567446154.7592
CHLD 4 642.625000 1567446154.7593
CHLD 5 652.031250 1567446154.7594
CHLD 6 642.156250 1567446154.7594
CHLD 7 642.386719 1567446154.7595
CHLD 8 643.390625 1567446154.7595
CHLD 9 642.156250 1567446154.7596
CHLD 10 642.074219 1567446154.7597
CHLD 11 642.542969 1567446154.7597
CHLD 12 10.898438 1567446154.7598
CHLD 13 10.925781 1567446154.7598
CHLD 14 10.929688 1567446154.7599
CHLD 15 10.824219 1567446154.7600
CHLD 16 10.871094 1567446154.7600
CHLD 17 10.988281 1567446154.7601
CHLD 18 10.906250 1567446154.7601
CHLD 19 10.964844 1567446154.7602
MEM 708.562500 1567446154.8606
CHLD 0 601.093750 1567446154.8929
CHLD 1 601.101562 1567446154.8930
CHLD 2 601.101562 1567446154.8930
CHLD 3 601.101562 1567446154.8931
CHLD 4 642.886719 1567446154.8932
CHLD 5 654.609375 1567446154.8932
CHLD 6 642.636719 1567446154.8933
CHLD 7 642.839844 1567446154.8933
CHLD 8 651.046875 1567446154.8934
CHLD 9 642.492188 1567446154.8934
CHLD 10 642.414062 1567446154.8935
CHLD 11 643.027344 1567446154.8936
CHLD 12 10.898438 1567446154.8936
CHLD 13 10.925781 1567446154.8937
CHLD 14 10.929688 1567446154.8937
CHLD 15 10.824219 1567446154.8938
CHLD 16 10.871094 1567446154.8939
CHLD 17 10.988281 1567446154.8939
CHLD 18 10.906250 1567446154.8940
CHLD 19 10.964844 1567446154.8940
MEM 708.562500 1567446154.9945
CHLD 0 601.093750 1567446155.0358
CHLD 1 601.101562 1567446155.0359
CHLD 2 601.101562 1567446155.0360
CHLD 3 601.101562 1567446155.0360
CHLD 4 643.320312 1567446155.0361
CHLD 5 655.917969 1567446155.0362
CHLD 6 651.687500 1567446155.0362
CHLD 7 649.976562 1567446155.0363
CHLD 8 653.164062 1567446155.0364
CHLD 9 642.664062 1567446155.0364
CHLD 10 642.582031 1567446155.0365
CHLD 11 643.312500 1567446155.0365
CHLD 12 10.898438 1567446155.0366
CHLD 13 10.925781 1567446155.0367
CHLD 14 10.929688 1567446155.0367
CHLD 15 10.824219 1567446155.0368
CHLD 16 10.871094 1567446155.0369
CHLD 17 10.988281 1567446155.0369
CHLD 18 10.906250 1567446155.0370
CHLD 19 10.964844 1567446155.0371
MEM 708.562500 1567446155.1375
CHLD 0 601.093750 1567446155.1657
CHLD 1 601.101562 1567446155.1658
CHLD 2 601.101562 1567446155.1659
CHLD 3 601.101562 1567446155.1659
CHLD 4 650.921875 1567446155.1660
CHLD 5 656.277344 1567446155.1660
CHLD 6 654.390625 1567446155.1661
CHLD 7 652.414062 1567446155.1661
CHLD 8 655.531250 1567446155.1662
CHLD 9 642.839844 1567446155.1662
CHLD 10 642.757812 1567446155.1663
CHLD 11 643.386719 1567446155.1664
CHLD 12 10.898438 1567446155.1664
CHLD 13 10.925781 1567446155.1665
CHLD 14 10.929688 1567446155.1665
CHLD 15 10.824219 1567446155.1666
CHLD 16 10.871094 1567446155.1666
CHLD 17 10.988281 1567446155.1667
CHLD 18 10.906250 1567446155.1667
CHLD 19 10.964844 1567446155.1668
MEM 708.562500 1567446155.2672
CHLD 0 601.093750 1567446155.3013
CHLD 1 601.101562 1567446155.3013
CHLD 2 601.101562 1567446155.3014
CHLD 3 601.101562 1567446155.3015
CHLD 4 655.117188 1567446155.3015
CHLD 5 656.277344 1567446155.3016
CHLD 6 654.515625 1567446155.3016
CHLD 7 655.050781 1567446155.3017
CHLD 8 655.824219 1567446155.3018
CHLD 9 643.015625 1567446155.3018
CHLD 10 642.925781 1567446155.3019
CHLD 11 650.437500 1567446155.3019
CHLD 12 10.898438 1567446155.3020
CHLD 13 10.925781 1567446155.3020
CHLD 14 10.929688 1567446155.3021
CHLD 15 10.824219 1567446155.3022
CHLD 16 10.871094 1567446155.3022
CHLD 17 10.988281 1567446155.3224
CHLD 18 10.906250 1567446155.3225
CHLD 19 10.964844 1567446155.3226
MEM 708.562500 1567446155.4230
CHLD 0 601.093750 1567446155.4481
CHLD 1 601.101562 1567446155.4482
CHLD 2 601.101562 1567446155.4482
CHLD 3 601.101562 1567446155.4483
CHLD 4 655.761719 1567446155.4484
CHLD 5 656.277344 1567446155.4484
CHLD 6 654.875000 1567446155.4485
CHLD 7 655.589844 1567446155.4485
CHLD 8 655.824219 1567446155.4486
CHLD 9 643.187500 1567446155.4487
CHLD 10 643.386719 1567446155.4487
CHLD 11 652.800781 1567446155.4488
CHLD 12 10.898438 1567446155.4488
CHLD 13 10.925781 1567446155.4489
CHLD 14 10.929688 1567446155.4489
CHLD 15 10.824219 1567446155.4490
CHLD 16 10.871094 1567446155.4491
CHLD 17 10.988281 1567446155.4491
CHLD 18 10.906250 1567446155.4492
CHLD 19 10.964844 1567446155.4492
MEM 708.562500 1567446155.5497
CHLD 0 601.093750 1567446155.5652
CHLD 1 601.101562 1567446155.5653
CHLD 2 601.101562 1567446155.5654
CHLD 3 601.101562 1567446155.5654
CHLD 4 655.761719 1567446155.5655
CHLD 5 656.457031 1567446155.5655
CHLD 6 655.054688 1567446155.5656
CHLD 7 655.589844 1567446155.5657
CHLD 8 655.945312 1567446155.5657
CHLD 9 643.671875 1567446155.5658
CHLD 10 643.722656 1567446155.5658
CHLD 11 655.261719 1567446155.5659
CHLD 12 10.898438 1567446155.5659
CHLD 13 10.925781 1567446155.5660
CHLD 14 10.929688 1567446155.5661
CHLD 15 10.824219 1567446155.5661
CHLD 16 10.871094 1567446155.5662
CHLD 17 10.988281 1567446155.5662
CHLD 18 10.906250 1567446155.5824
CHLD 19 10.964844 1567446155.5825
MEM 708.562500 1567446155.6829
CHLD 0 601.093750 1567446155.7111
CHLD 1 601.101562 1567446155.7112
CHLD 2 601.101562 1567446155.7112
CHLD 3 601.101562 1567446155.7113
CHLD 4 655.820312 1567446155.7114
CHLD 5 656.457031 1567446155.7114
CHLD 6 655.054688 1567446155.7115
CHLD 7 661.851562 1567446155.7115
CHLD 8 655.945312 1567446155.7116
CHLD 9 650.957031 1567446155.7117
CHLD 10 650.925781 1567446155.7117
CHLD 11 655.511719 1567446155.7118
CHLD 12 10.898438 1567446155.7118
CHLD 13 10.925781 1567446155.7119
CHLD 14 10.929688 1567446155.7120
CHLD 15 10.824219 1567446155.7120
CHLD 16 10.871094 1567446155.7121
CHLD 17 10.988281 1567446155.7121
CHLD 18 10.906250 1567446155.7122
CHLD 19 10.964844 1567446155.7122
MEM 708.562500 1567446155.8127
CHLD 0 601.093750 1567446155.8364
CHLD 1 601.101562 1567446155.8365
CHLD 2 601.101562 1567446155.8366
CHLD 3 601.101562 1567446155.8366
CHLD 4 655.820312 1567446155.8367
CHLD 5 658.054688 1567446155.8367
CHLD 6 659.285156 1567446155.8368
CHLD 7 662.402344 1567446155.8368
CHLD 8 657.835938 1567446155.8369
CHLD 9 653.378906 1567446155.8370
CHLD 10 653.343750 1567446155.8370
CHLD 11 657.085938 1567446155.8371
CHLD 12 10.898438 1567446155.8371
CHLD 13 10.925781 1567446155.8372
CHLD 14 10.929688 1567446155.8372
CHLD 15 10.824219 1567446155.8373
CHLD 16 10.871094 1567446155.8374
CHLD 17 10.988281 1567446155.8374
CHLD 18 10.906250 1567446155.8375
CHLD 19 10.964844 1567446155.8375
MEM 708.562500 1567446155.9385
CHLD 0 601.093750 1567446155.9620
CHLD 1 601.101562 1567446155.9621
CHLD 2 601.101562 1567446155.9622
CHLD 3 601.101562 1567446155.9622
CHLD 4 655.820312 1567446155.9623
CHLD 5 662.328125 1567446155.9624
CHLD 6 660.058594 1567446155.9624
CHLD 7 662.402344 1567446155.9625
CHLD 8 664.550781 1567446155.9625
CHLD 9 653.378906 1567446155.9626
CHLD 10 653.343750 1567446155.9905
CHLD 11 657.085938 1567446155.9905
CHLD 12 10.898438 1567446155.9906
CHLD 13 10.925781 1567446155.9907
CHLD 14 10.929688 1567446155.9907
CHLD 15 10.824219 1567446155.9908
CHLD 16 10.871094 1567446155.9908
CHLD 17 10.988281 1567446155.9909
CHLD 18 10.906250 1567446155.9909
CHLD 19 10.964844 1567446155.9910
MEM 708.562500 1567446156.0918
CHLD 0 601.093750 1567446156.1282
CHLD 1 601.101562 1567446156.1282
CHLD 2 601.101562 1567446156.1283
CHLD 3 601.101562 1567446156.1284
CHLD 4 658.277344 1567446156.1284
CHLD 5 662.578125 1567446156.1285
CHLD 6 662.804688 1567446156.1285
CHLD 7 662.402344 1567446156.1286
CHLD 8 665.324219 1567446156.1287
CHLD 9 653.378906 1567446156.1287
CHLD 10 655.792969 1567446156.1288
CHLD 11 657.085938 1567446156.1288
CHLD 12 10.898438 1567446156.1289
CHLD 13 10.925781 1567446156.1290
CHLD 14 10.929688 1567446156.1290
CHLD 15 10.824219 1567446156.1291
CHLD 16 10.871094 1567446156.1292
CHLD 17 10.988281 1567446156.1292
CHLD 18 10.906250 1567446156.1293
CHLD 19 10.964844 1567446156.1293
MEM 708.562500 1567446156.2304
CHLD 0 601.093750 1567446156.2540
CHLD 1 601.101562 1567446156.2793
CHLD 2 601.101562 1567446156.2794
CHLD 3 601.101562 1567446156.2794
CHLD 4 663.910156 1567446156.2795
CHLD 5 662.578125 1567446156.2795
CHLD 6 662.804688 1567446156.2796
CHLD 7 662.660156 1567446156.2796
CHLD 8 666.738281 1567446156.2797
CHLD 9 655.707031 1567446156.2797
CHLD 10 655.792969 1567446156.2798
CHLD 11 657.519531 1567446156.2799
CHLD 12 10.898438 1567446156.2799
CHLD 13 10.925781 1567446156.2800
CHLD 14 10.929688 1567446156.2800
CHLD 15 10.824219 1567446156.2801
CHLD 16 10.871094 1567446156.2801
CHLD 17 10.988281 1567446156.2802
CHLD 18 10.906250 1567446156.2802
CHLD 19 10.964844 1567446156.2803
MEM 708.562500 1567446156.3808
CHLD 0 601.093750 1567446156.4243
CHLD 1 601.101562 1567446156.4244
CHLD 2 601.101562 1567446156.4245
CHLD 3 601.101562 1567446156.4245
CHLD 4 664.421875 1567446156.4246
CHLD 5 663.093750 1567446156.4246
CHLD 6 663.359375 1567446156.4247
CHLD 7 662.660156 1567446156.4247
CHLD 8 666.738281 1567446156.4248
CHLD 9 655.832031 1567446156.4248
CHLD 10 655.980469 1567446156.4249
CHLD 11 657.519531 1567446156.4250
CHLD 12 10.898438 1567446156.4250
CHLD 13 10.925781 1567446156.4251
CHLD 14 10.929688 1567446156.4251
CHLD 15 10.824219 1567446156.4252
CHLD 16 10.871094 1567446156.4253
CHLD 17 10.988281 1567446156.4253
CHLD 18 10.906250 1567446156.4254
CHLD 19 10.964844 1567446156.4254
MEM 708.562500 1567446156.5261
CHLD 0 601.093750 1567446156.5467
CHLD 1 601.101562 1567446156.5468
CHLD 2 601.101562 1567446156.5469
CHLD 3 601.101562 1567446156.5469
CHLD 4 664.421875 1567446156.5470
CHLD 5 663.093750 1567446156.5470
CHLD 6 663.359375 1567446156.5471
CHLD 7 663.167969 1567446156.5471
CHLD 8 666.996094 1567446156.5472
CHLD 9 655.832031 1567446156.5472
CHLD 10 657.136719 1567446156.5473
CHLD 11 657.519531 1567446156.5473
CHLD 12 10.898438 1567446156.5474
CHLD 13 10.925781 1567446156.5474
CHLD 14 10.929688 1567446156.5475
CHLD 15 10.824219 1567446156.5476
CHLD 16 10.871094 1567446156.5476
CHLD 17 10.988281 1567446156.5477
CHLD 18 10.906250 1567446156.5477
CHLD 19 10.964844 1567446156.5478
MEM 708.562500 1567446156.6484
CHLD 0 601.093750 1567446156.6860
CHLD 1 601.101562 1567446156.6861
CHLD 2 601.101562 1567446156.6862
CHLD 3 601.101562 1567446156.6862
CHLD 4 664.679688 1567446156.7024
CHLD 5 663.644531 1567446156.7025
CHLD 6 663.359375 1567446156.7026
CHLD 7 663.167969 1567446156.7026
CHLD 8 666.996094 1567446156.7027
CHLD 9 655.832031 1567446156.7028
CHLD 10 659.199219 1567446156.7028
CHLD 11 659.179688 1567446156.7029
CHLD 12 10.898438 1567446156.7030
CHLD 13 10.925781 1567446156.7030
CHLD 14 10.929688 1567446156.7031
CHLD 15 10.824219 1567446156.7032
CHLD 16 10.871094 1567446156.7033
CHLD 17 10.988281 1567446156.7034
CHLD 18 10.906250 1567446156.7034
CHLD 19 10.964844 1567446156.7035
MEM 708.562500 1567446156.8041
CHLD 0 601.093750 1567446156.8463
CHLD 1 601.101562 1567446156.8464
CHLD 2 601.101562 1567446156.8465
CHLD 3 601.101562 1567446156.8465
CHLD 4 664.937500 1567446156.8466
CHLD 5 663.644531 1567446156.8466
CHLD 6 663.359375 1567446156.8467
CHLD 7 663.167969 1567446156.8467
CHLD 8 667.511719 1567446156.8468
CHLD 9 656.128906 1567446156.8468
CHLD 10 659.199219 1567446156.8469
CHLD 11 676.222656 1567446156.8470
CHLD 12 10.898438 1567446156.8470
CHLD 13 10.925781 1567446156.8471
CHLD 14 10.929688 1567446156.8472
CHLD 15 10.824219 1567446156.8472
CHLD 16 10.871094 1567446156.8473
CHLD 17 10.988281 1567446156.8473
CHLD 18 10.906250 1567446156.8474
CHLD 19 10.964844 1567446156.8474
MEM 708.562500 1567446156.9479
CHLD 0 601.093750 1567446157.0030
CHLD 1 601.101562 1567446157.0030
CHLD 2 601.101562 1567446157.0031
CHLD 3 601.101562 1567446157.0032
CHLD 4 665.195312 1567446157.0032
CHLD 5 663.644531 1567446157.0033
CHLD 6 663.359375 1567446157.0034
CHLD 7 663.167969 1567446157.0034
CHLD 8 667.511719 1567446157.0035
CHLD 9 656.128906 1567446157.0035
CHLD 10 659.554688 1567446157.0036
CHLD 11 685.640625 1567446157.0036
CHLD 12 10.898438 1567446157.0037
CHLD 13 10.925781 1567446157.0037
CHLD 14 10.929688 1567446157.0038
CHLD 15 10.824219 1567446157.0039
CHLD 16 10.871094 1567446157.0039
CHLD 17 10.988281 1567446157.0040
CHLD 18 10.906250 1567446157.0040
CHLD 19 10.964844 1567446157.0041
MEM 708.562500 1567446157.1047
CHLD 0 601.093750 1567446157.1550
CHLD 1 601.101562 1567446157.1551
CHLD 2 601.101562 1567446157.1552
CHLD 3 601.101562 1567446157.1552
CHLD 4 665.453125 1567446157.1553
CHLD 5 663.644531 1567446157.1554
CHLD 6 663.617188 1567446157.1554
CHLD 7 663.167969 1567446157.1555
CHLD 8 667.511719 1567446157.1555
CHLD 9 656.128906 1567446157.1556
CHLD 10 666.238281 1567446157.1556
CHLD 11 686.671875 1567446157.1557
CHLD 12 10.898438 1567446157.1557
CHLD 13 10.925781 1567446157.1558
CHLD 14 10.929688 1567446157.1558
CHLD 15 10.824219 1567446157.1559
CHLD 16 10.871094 1567446157.1559
CHLD 17 10.988281 1567446157.1560
CHLD 18 10.906250 1567446157.1560
CHLD 19 10.964844 1567446157.1561
MEM 708.562500 1567446157.2566
CHLD 0 601.093750 1567446157.3359
CHLD 1 601.101562 1567446157.3360
CHLD 2 601.101562 1567446157.3360
CHLD 3 601.101562 1567446157.3361
CHLD 4 665.453125 1567446157.3362
CHLD 5 663.644531 1567446157.3362
CHLD 6 663.617188 1567446157.3363
CHLD 7 663.167969 1567446157.3364
CHLD 8 667.511719 1567446157.3364
CHLD 9 656.128906 1567446157.3365
CHLD 10 666.722656 1567446157.3366
CHLD 11 686.929688 1567446157.3366
CHLD 12 10.898438 1567446157.3367
CHLD 13 10.925781 1567446157.3367
CHLD 14 10.929688 1567446157.3368
CHLD 15 10.824219 1567446157.3369
CHLD 16 10.871094 1567446157.3369
CHLD 17 10.988281 1567446157.3370
CHLD 18 10.906250 1567446157.3370
CHLD 19 10.964844 1567446157.3371
MEM 708.562500 1567446157.4375
CHLD 0 601.093750 1567446157.4653
CHLD 1 601.101562 1567446157.4654
CHLD 2 601.101562 1567446157.4655
CHLD 3 601.101562 1567446157.4655
CHLD 4 665.453125 1567446157.4656
CHLD 5 663.644531 1567446157.4657
CHLD 6 663.617188 1567446157.4657
CHLD 7 663.167969 1567446157.4658
CHLD 8 667.511719 1567446157.4659
CHLD 9 656.128906 1567446157.4659
CHLD 10 666.722656 1567446157.4660
CHLD 11 686.929688 1567446157.4660
CHLD 12 10.898438 1567446157.4661
CHLD 13 10.925781 1567446157.4661
CHLD 14 10.929688 1567446157.4662
CHLD 15 10.824219 1567446157.4663
CHLD 16 10.871094 1567446157.4663
CHLD 17 10.988281 1567446157.4664
CHLD 18 10.906250 1567446157.4758
CHLD 19 10.964844 1567446157.4758
MEM 708.562500 1567446157.5763
CHLD 0 601.093750 1567446157.6254
CHLD 1 601.101562 1567446157.6255
CHLD 2 601.101562 1567446157.6256
CHLD 3 601.101562 1567446157.6256
CHLD 4 665.453125 1567446157.6257
CHLD 5 663.644531 1567446157.6257
CHLD 6 663.617188 1567446157.6258
CHLD 7 663.167969 1567446157.6259
CHLD 8 667.511719 1567446157.6259
CHLD 9 656.128906 1567446157.6260
CHLD 10 666.722656 1567446157.6260
CHLD 11 686.929688 1567446157.6261
CHLD 12 10.898438 1567446157.6261
CHLD 13 10.925781 1567446157.6262
CHLD 14 10.929688 1567446157.6262
CHLD 15 10.824219 1567446157.6886
CHLD 16 10.871094 1567446157.6887
CHLD 17 10.988281 1567446157.6888
CHLD 18 10.906250 1567446157.6888
CHLD 19 10.964844 1567446157.6889
MEM 708.562500 1567446157.7893
CHLD 0 601.093750 1567446157.8322
CHLD 1 601.101562 1567446157.8323
CHLD 2 601.101562 1567446157.8324
CHLD 3 601.101562 1567446157.8324
CHLD 4 665.710938 1567446157.8325
CHLD 5 663.644531 1567446157.8325
CHLD 6 663.617188 1567446157.8326
CHLD 7 663.167969 1567446157.8326
CHLD 8 667.511719 1567446157.8327
CHLD 9 656.308594 1567446157.8327
CHLD 10 666.722656 1567446157.8328
CHLD 11 686.929688 1567446157.8328
CHLD 12 10.898438 1567446157.8329
CHLD 13 10.925781 1567446157.8329
CHLD 14 10.929688 1567446157.8330
CHLD 15 10.824219 1567446157.8330
CHLD 16 10.871094 1567446157.8331
CHLD 17 10.988281 1567446157.8332
CHLD 18 10.906250 1567446157.8332
CHLD 19 10.964844 1567446157.8333
MEM 708.562500 1567446157.9352
CHLD 0 601.093750 1567446157.9646
CHLD 1 601.101562 1567446157.9646
CHLD 2 601.101562 1567446157.9647
CHLD 3 601.101562 1567446157.9647
CHLD 4 665.710938 1567446157.9648
CHLD 5 663.644531 1567446157.9648
CHLD 6 663.617188 1567446157.9649
CHLD 7 663.167969 1567446157.9649
CHLD 8 667.511719 1567446157.9650
CHLD 9 656.308594 1567446157.9651
CHLD 10 666.722656 1567446157.9651
CHLD 11 686.929688 1567446157.9652
CHLD 12 10.898438 1567446157.9652
CHLD 13 10.925781 1567446157.9653
CHLD 14 10.929688 1567446157.9653
CHLD 15 10.824219 1567446157.9654
CHLD 16 10.871094 1567446157.9655
CHLD 17 10.988281 1567446157.9655
CHLD 18 10.906250 1567446157.9656
CHLD 19 10.964844 1567446157.9656
MEM 708.562500 1567446158.0664
CHLD 0 601.093750 1567446158.1277
CHLD 1 601.101562 1567446158.1277
CHLD 2 601.101562 1567446158.1278
CHLD 3 601.101562 1567446158.1279
CHLD 4 665.710938 1567446158.1279
CHLD 5 663.644531 1567446158.1280
CHLD 6 663.617188 1567446158.1280
CHLD 7 663.167969 1567446158.1281
CHLD 8 667.511719 1567446158.1281
CHLD 9 656.308594 1567446158.1282
CHLD 10 666.722656 1567446158.1283
CHLD 11 686.929688 1567446158.1283
CHLD 12 10.898438 1567446158.1284
CHLD 13 10.925781 1567446158.1284
CHLD 14 10.929688 1567446158.1285
CHLD 15 10.824219 1567446158.1286
CHLD 16 10.871094 1567446158.1286
CHLD 17 10.988281 1567446158.1287
CHLD 18 10.906250 1567446158.1287
CHLD 19 10.964844 1567446158.1288
MEM 708.562500 1567446158.2292
CHLD 0 601.093750 1567446158.2959
CHLD 1 601.101562 1567446158.2960
CHLD 2 601.101562 1567446158.2961
CHLD 3 601.101562 1567446158.2961
CHLD 4 665.710938 1567446158.2962
CHLD 5 663.644531 1567446158.2962
CHLD 6 663.617188 1567446158.2963
CHLD 7 663.167969 1567446158.2963
CHLD 8 667.769531 1567446158.2964
CHLD 9 656.308594 1567446158.2964
CHLD 10 666.722656 1567446158.2965
CHLD 11 688.476562 1567446158.2966
CHLD 12 10.898438 1567446158.2966
CHLD 13 10.925781 1567446158.2967
CHLD 14 10.929688 1567446158.2968
CHLD 15 10.824219 1567446158.2968
CHLD 16 10.871094 1567446158.2969
CHLD 17 10.988281 1567446158.2969
CHLD 18 10.906250 1567446158.2970
CHLD 19 10.964844 1567446158.2971
MEM 708.562500 1567446158.3976
CHLD 0 601.093750 1567446158.4656
CHLD 1 601.101562 1567446158.4657
CHLD 2 601.101562 1567446158.4657
CHLD 3 601.101562 1567446158.4658
CHLD 4 665.710938 1567446158.4659
CHLD 5 663.644531 1567446158.4659
CHLD 6 663.617188 1567446158.4660
CHLD 7 663.167969 1567446158.4660
CHLD 8 667.769531 1567446158.4661
CHLD 9 656.308594 1567446158.4662
CHLD 10 666.722656 1567446158.4662
CHLD 11 688.992188 1567446158.4663
CHLD 12 10.898438 1567446158.4664
CHLD 13 10.925781 1567446158.4664
CHLD 14 10.929688 1567446158.4665
CHLD 15 10.824219 1567446158.4665
CHLD 16 10.871094 1567446158.4666
CHLD 17 10.988281 1567446158.4667
CHLD 18 10.906250 1567446158.4667
CHLD 19 10.964844 1567446158.4668
MEM 708.562500 1567446158.5676
CHLD 0 601.093750 1567446158.6218
CHLD 1 601.101562 1567446158.6218
CHLD 2 601.101562 1567446158.6219
CHLD 3 601.101562 1567446158.6219
CHLD 4 665.710938 1567446158.6220
CHLD 5 663.644531 1567446158.6220
CHLD 6 663.617188 1567446158.6221
CHLD 7 663.417969 1567446158.6221
CHLD 8 667.769531 1567446158.6222
CHLD 9 660.996094 1567446158.6223
CHLD 10 666.722656 1567446158.6223
CHLD 11 688.992188 1567446158.6224
CHLD 12 10.898438 1567446158.6224
CHLD 13 10.925781 1567446158.6225
CHLD 14 10.929688 1567446158.6225
CHLD 15 10.824219 1567446158.6226
CHLD 16 10.871094 1567446158.6226
CHLD 17 10.988281 1567446158.6227
CHLD 18 10.906250 1567446158.6227
CHLD 19 10.964844 1567446158.6228
MEM 708.562500 1567446158.7233
CHLD 0 601.093750 1567446158.8051
CHLD 1 601.101562 1567446158.8052
CHLD 2 601.101562 1567446158.8052
CHLD 3 601.101562 1567446158.8053
CHLD 4 665.710938 1567446158.8053
CHLD 5 663.644531 1567446158.8054
CHLD 6 663.617188 1567446158.8054
CHLD 7 663.417969 1567446158.8055
CHLD 8 667.769531 1567446158.8056
CHLD 9 661.578125 1567446158.8056
CHLD 10 666.722656 1567446158.8057
CHLD 11 688.992188 1567446158.8057
CHLD 12 10.898438 1567446158.8058
CHLD 13 10.925781 1567446158.8058
CHLD 14 10.929688 1567446158.8059
CHLD 15 10.824219 1567446158.8059
CHLD 16 10.871094 1567446158.8060
CHLD 17 10.988281 1567446158.8061
CHLD 18 10.906250 1567446158.8061
CHLD 19 10.964844 1567446158.8062
MEM 708.562500 1567446158.9065
CHLD 0 601.093750 1567446158.9631
CHLD 1 601.101562 1567446158.9632
CHLD 2 601.101562 1567446158.9633
CHLD 3 601.101562 1567446158.9634
CHLD 4 665.968750 1567446158.9634
CHLD 5 663.644531 1567446158.9635
CHLD 6 663.617188 1567446158.9636
CHLD 7 663.417969 1567446158.9636
CHLD 8 667.769531 1567446158.9637
CHLD 9 661.871094 1567446158.9637
CHLD 10 666.722656 1567446158.9638
CHLD 11 689.250000 1567446158.9638
CHLD 12 10.898438 1567446158.9639
CHLD 13 10.925781 1567446158.9639
CHLD 14 10.929688 1567446158.9640
CHLD 15 10.824219 1567446158.9641
CHLD 16 10.871094 1567446158.9641
CHLD 17 10.988281 1567446158.9642
CHLD 18 10.906250 1567446158.9642
CHLD 19 10.964844 1567446158.9643
MEM 708.562500 1567446159.0647
CHLD 0 601.093750 1567446159.0860
CHLD 1 601.101562 1567446159.0861
CHLD 2 601.101562 1567446159.0861
CHLD 3 601.101562 1567446159.0862
CHLD 4 666.226562 1567446159.0863
CHLD 5 663.644531 1567446159.0863
CHLD 6 663.617188 1567446159.0864
CHLD 7 663.417969 1567446159.0865
CHLD 8 667.769531 1567446159.0865
CHLD 9 661.871094 1567446159.0866
CHLD 10 666.722656 1567446159.0866
CHLD 11 690.539062 1567446159.0867
CHLD 12 10.898438 1567446159.0868
CHLD 13 10.925781 1567446159.0868
CHLD 14 10.929688 1567446159.0869
CHLD 15 10.824219 1567446159.0869
CHLD 16 10.871094 1567446159.0870
CHLD 17 10.988281 1567446159.0870
CHLD 18 10.906250 1567446159.0871
CHLD 19 10.964844 1567446159.0872
MEM 708.562500 1567446159.1876
CHLD 0 601.093750 1567446159.2177
CHLD 1 601.101562 1567446159.2177
CHLD 2 601.101562 1567446159.2178
CHLD 3 601.101562 1567446159.2178
CHLD 4 666.226562 1567446159.2179
CHLD 5 663.644531 1567446159.2180
CHLD 6 663.617188 1567446159.2180
CHLD 7 663.417969 1567446159.2181
CHLD 8 668.027344 1567446159.2181
CHLD 9 661.871094 1567446159.2182
CHLD 10 669.386719 1567446159.2183
CHLD 11 690.539062 1567446159.2183
CHLD 12 10.898438 1567446159.2184
CHLD 13 10.925781 1567446159.2184
CHLD 14 10.929688 1567446159.2185
CHLD 15 10.824219 1567446159.2186
CHLD 16 10.871094 1567446159.2186
CHLD 17 10.988281 1567446159.2187
CHLD 18 10.906250 1567446159.2187
CHLD 19 10.964844 1567446159.2188
MEM 708.562500 1567446159.3193
CHLD 0 601.093750 1567446159.3779
CHLD 1 601.101562 1567446159.3780
CHLD 2 601.101562 1567446159.3780
CHLD 3 601.101562 1567446159.3781
CHLD 4 666.226562 1567446159.3782
CHLD 5 663.644531 1567446159.3782
CHLD 6 663.617188 1567446159.3783
CHLD 7 663.417969 1567446159.4166
CHLD 8 668.027344 1567446159.4166
CHLD 9 661.871094 1567446159.4167
CHLD 10 700.457031 1567446159.4168
CHLD 11 690.539062 1567446159.4168
CHLD 12 10.898438 1567446159.4169
CHLD 13 10.925781 1567446159.4169
CHLD 14 10.929688 1567446159.4170
CHLD 15 10.824219 1567446159.4170
CHLD 16 10.871094 1567446159.4171
CHLD 17 10.988281 1567446159.4171
CHLD 18 10.906250 1567446159.4172
CHLD 19 10.964844 1567446159.4173
MEM 708.562500 1567446159.5188
CHLD 0 601.093750 1567446159.5907
CHLD 1 601.101562 1567446159.5908
CHLD 2 601.101562 1567446159.5908
CHLD 3 601.101562 1567446159.5909
CHLD 4 666.226562 1567446159.5909
CHLD 5 663.644531 1567446159.5910
CHLD 6 663.617188 1567446159.5911
CHLD 7 663.417969 1567446159.5911
CHLD 8 668.027344 1567446159.5912
CHLD 9 661.871094 1567446159.5912
CHLD 10 712.312500 1567446159.5913
CHLD 11 690.539062 1567446159.6046
CHLD 12 10.898438 1567446159.6047
CHLD 13 10.925781 1567446159.6047
CHLD 14 10.929688 1567446159.6048
CHLD 15 10.824219 1567446159.6048
CHLD 16 10.871094 1567446159.6049
CHLD 17 10.988281 1567446159.6049
CHLD 18 10.906250 1567446159.6050
CHLD 19 10.964844 1567446159.6050
MEM 708.562500 1567446159.7063
CHLD 0 601.093750 1567446159.7927
CHLD 1 601.101562 1567446159.7927
CHLD 2 601.101562 1567446159.7928
CHLD 3 601.101562 1567446159.7929
CHLD 4 666.226562 1567446159.7929
CHLD 5 663.644531 1567446159.7930
CHLD 6 663.617188 1567446159.7930
CHLD 7 663.417969 1567446159.7931
CHLD 8 668.027344 1567446159.7932
CHLD 9 662.164062 1567446159.7932
CHLD 10 716.179688 1567446159.7933
CHLD 11 690.539062 1567446159.7934
CHLD 12 10.898438 1567446159.7934
CHLD 13 10.925781 1567446159.7935
CHLD 14 10.929688 1567446159.7935
CHLD 15 10.824219 1567446159.7936
CHLD 16 10.871094 1567446159.7936
CHLD 17 10.988281 1567446159.7937
CHLD 18 10.906250 1567446159.7937
CHLD 19 10.964844 1567446159.7938
MEM 708.562500 1567446159.9026
CHLD 0 601.093750 1567446160.0841
CHLD 1 601.101562 1567446160.0842
CHLD 2 601.101562 1567446160.0842
CHLD 3 601.101562 1567446160.0843
CHLD 4 666.226562 1567446160.0844
CHLD 5 663.644531 1567446160.0844
CHLD 6 663.617188 1567446160.0845
CHLD 7 663.417969 1567446160.0845
CHLD 8 668.027344 1567446160.0846
CHLD 9 662.164062 1567446160.0846
CHLD 10 717.468750 1567446160.0847
CHLD 11 690.539062 1567446160.0848
CHLD 12 10.898438 1567446160.0848
CHLD 13 10.925781 1567446160.0849
CHLD 14 10.929688 1567446160.0849
CHLD 15 10.824219 1567446160.0850
CHLD 16 10.871094 1567446160.0850
CHLD 17 10.988281 1567446160.0851
CHLD 18 10.906250 1567446160.0851
CHLD 19 10.964844 1567446160.0852
MEM 708.562500 1567446160.1857
CHLD 0 601.093750 1567446160.2643
CHLD 1 601.101562 1567446160.2644
CHLD 2 601.101562 1567446160.2644
CHLD 3 601.101562 1567446160.2645
CHLD 4 666.226562 1567446160.2645
CHLD 5 663.644531 1567446160.2646
CHLD 6 663.617188 1567446160.2646
CHLD 7 663.417969 1567446160.2647
CHLD 8 668.027344 1567446160.2647
CHLD 9 662.164062 1567446160.2648
CHLD 10 721.335938 1567446160.2648
CHLD 11 690.539062 1567446160.2649
CHLD 12 10.898438 1567446160.2649
CHLD 13 10.925781 1567446160.2650
CHLD 14 10.929688 1567446160.2651
CHLD 15 10.824219 1567446160.2651
CHLD 16 10.871094 1567446160.2652
CHLD 17 10.988281 1567446160.2652
CHLD 18 10.906250 1567446160.2653
CHLD 19 10.964844 1567446160.2653
MEM 708.562500 1567446160.3669
CHLD 0 601.093750 1567446160.4418
CHLD 1 601.101562 1567446160.4419
CHLD 2 601.101562 1567446160.4419
CHLD 3 601.101562 1567446160.4420
CHLD 4 666.226562 1567446160.4420
CHLD 5 663.644531 1567446160.4421
CHLD 6 663.617188 1567446160.4421
CHLD 7 663.417969 1567446160.4422
CHLD 8 668.027344 1567446160.4422
CHLD 9 662.164062 1567446160.4423
CHLD 10 725.460938 1567446160.4424
CHLD 11 690.539062 1567446160.4424
CHLD 12 10.898438 1567446160.4425
CHLD 13 10.925781 1567446160.4425
CHLD 14 10.929688 1567446160.4426
CHLD 15 10.824219 1567446160.4427
CHLD 16 10.871094 1567446160.4427
CHLD 17 10.988281 1567446160.4428
CHLD 18 10.906250 1567446160.4428
CHLD 19 10.964844 1567446160.4429
MEM 708.562500 1567446160.5434
CHLD 0 601.093750 1567446160.5848
CHLD 1 601.101562 1567446160.5849
CHLD 2 601.101562 1567446160.5850
CHLD 3 601.101562 1567446160.5850
CHLD 4 666.226562 1567446160.5851
CHLD 5 663.644531 1567446160.5852
CHLD 6 663.617188 1567446160.5852
CHLD 7 663.417969 1567446160.5853
CHLD 8 668.027344 1567446160.5853
CHLD 9 662.164062 1567446160.5854
CHLD 10 729.585938 1567446160.5855
CHLD 11 690.539062 1567446160.5855
CHLD 12 10.898438 1567446160.5856
CHLD 13 10.925781 1567446160.5856
CHLD 14 10.929688 1567446160.5857
CHLD 15 10.824219 1567446160.5857
CHLD 16 10.871094 1567446160.5858
CHLD 17 10.988281 1567446160.5858
CHLD 18 10.906250 1567446160.5859
CHLD 19 10.964844 1567446160.5859
MEM 708.562500 1567446160.6870
CHLD 0 601.093750 1567446160.7409
CHLD 1 601.101562 1567446160.7410
CHLD 2 601.101562 1567446160.7410
CHLD 3 601.101562 1567446160.7411
CHLD 4 666.226562 1567446160.7412
CHLD 5 663.644531 1567446160.7412
CHLD 6 663.617188 1567446160.7413
CHLD 7 663.417969 1567446160.7877
CHLD 8 668.027344 1567446160.7878
CHLD 9 662.164062 1567446160.7878
CHLD 10 731.648438 1567446160.7879
CHLD 11 690.539062 1567446160.7879
CHLD 12 10.898438 1567446160.7880
CHLD 13 10.925781 1567446160.7881
CHLD 14 10.929688 1567446160.7881
CHLD 15 10.824219 1567446160.7882
CHLD 16 10.871094 1567446160.7882
CHLD 17 10.988281 1567446160.7883
CHLD 18 10.906250 1567446160.7884
CHLD 19 10.964844 1567446160.7884
MEM 708.562500 1567446160.8891
CHLD 0 601.093750 1567446160.9925
CHLD 1 601.101562 1567446160.9926
CHLD 2 601.101562 1567446160.9926
CHLD 3 601.101562 1567446160.9927
CHLD 4 666.226562 1567446160.9927
CHLD 5 663.644531 1567446160.9928
CHLD 6 663.617188 1567446160.9929
CHLD 7 663.417969 1567446160.9929
CHLD 8 668.027344 1567446160.9930
CHLD 9 662.164062 1567446160.9930
CHLD 10 731.648438 1567446160.9931
CHLD 11 690.539062 1567446160.9932
CHLD 12 10.898438 1567446160.9932
CHLD 13 10.925781 1567446160.9933
CHLD 14 10.929688 1567446160.9933
CHLD 15 10.824219 1567446160.9934
CHLD 16 10.871094 1567446160.9935
CHLD 17 10.988281 1567446160.9935
CHLD 18 10.906250 1567446160.9936
CHLD 19 10.964844 1567446160.9936
MEM 708.562500 1567446161.0941
CHLD 0 601.093750 1567446161.2057
CHLD 1 601.101562 1567446161.2058
CHLD 2 601.101562 1567446161.2191
CHLD 3 601.101562 1567446161.2192
CHLD 4 666.226562 1567446161.2192
CHLD 5 663.644531 1567446161.2193
CHLD 6 663.617188 1567446161.2193
CHLD 7 663.417969 1567446161.2194
CHLD 8 668.027344 1567446161.2195
CHLD 9 662.164062 1567446161.2195
CHLD 10 731.648438 1567446161.2196
CHLD 11 691.054688 1567446161.2196
CHLD 12 10.898438 1567446161.2197
CHLD 13 10.925781 1567446161.2197
CHLD 14 10.929688 1567446161.2198
CHLD 15 10.824219 1567446161.2198
CHLD 16 10.871094 1567446161.2199
CHLD 17 10.988281 1567446161.2199
CHLD 18 10.906250 1567446161.2200
CHLD 19 10.964844 1567446161.2200
MEM 708.562500 1567446161.3207
CHLD 0 601.093750 1567446161.3562
CHLD 1 601.101562 1567446161.3563
CHLD 2 601.101562 1567446161.3563
CHLD 3 601.101562 1567446161.3564
CHLD 4 666.226562 1567446161.3565
CHLD 5 663.644531 1567446161.3565
CHLD 6 663.617188 1567446161.3566
CHLD 7 663.417969 1567446161.3566
CHLD 8 668.027344 1567446161.3567
CHLD 9 662.164062 1567446161.3568
CHLD 10 731.648438 1567446161.3568
CHLD 11 691.054688 1567446161.3569
CHLD 12 10.898438 1567446161.3569
CHLD 13 10.925781 1567446161.3570
CHLD 14 10.929688 1567446161.3570
CHLD 15 10.824219 1567446161.3571
CHLD 16 10.871094 1567446161.3572
CHLD 17 10.988281 1567446161.3572
CHLD 18 10.906250 1567446161.3573
CHLD 19 10.964844 1567446161.3573
MEM 708.562500 1567446161.4709
CHLD 0 601.093750 1567446161.5662
CHLD 1 601.101562 1567446161.6185
CHLD 2 601.101562 1567446161.6186
CHLD 3 601.101562 1567446161.6187
CHLD 4 666.226562 1567446161.6188
CHLD 5 663.644531 1567446161.6188
CHLD 6 663.617188 1567446161.6189
CHLD 7 663.417969 1567446161.6190
CHLD 8 668.027344 1567446161.6190
CHLD 9 662.164062 1567446161.6191
CHLD 10 731.648438 1567446161.6191
CHLD 11 691.054688 1567446161.6192
CHLD 12 10.898438 1567446161.6192
CHLD 13 10.925781 1567446161.6193
CHLD 14 10.929688 1567446161.6193
CHLD 15 10.824219 1567446161.6194
CHLD 16 10.871094 1567446161.6194
CHLD 17 10.988281 1567446161.6195
CHLD 18 10.906250 1567446161.6195
CHLD 19 10.964844 1567446161.6196
MEM 708.562500 1567446161.7201
CHLD 0 601.093750 1567446161.7758
CHLD 1 601.101562 1567446161.7758
CHLD 2 601.101562 1567446161.7759
CHLD 3 601.101562 1567446161.7760
CHLD 4 666.226562 1567446161.7760
CHLD 5 663.644531 1567446161.7761
CHLD 6 663.617188 1567446161.7761
CHLD 7 663.417969 1567446161.7762
CHLD 8 668.027344 1567446161.7762
CHLD 9 662.164062 1567446161.7763
CHLD 10 733.710938 1567446161.7763
CHLD 11 692.085938 1567446161.7764
CHLD 12 10.898438 1567446161.7764
CHLD 13 10.925781 1567446161.7765
CHLD 14 10.929688 1567446161.7766
CHLD 15 10.824219 1567446161.8717
CHLD 16 10.871094 1567446161.8718
CHLD 17 10.988281 1567446161.8719
CHLD 18 10.906250 1567446161.8720
CHLD 19 10.964844 1567446161.8720
MEM 708.574219 1567446161.9726
CHLD 0 601.093750 1567446162.0712
CHLD 1 601.101562 1567446162.0746
CHLD 2 601.101562 1567446162.0747
CHLD 3 601.101562 1567446162.0747
CHLD 4 666.226562 1567446162.0748
CHLD 5 663.644531 1567446162.0749
CHLD 6 663.617188 1567446162.0749
CHLD 7 663.417969 1567446162.0750
CHLD 8 668.027344 1567446162.0751
CHLD 9 662.164062 1567446162.0751
CHLD 10 735.773438 1567446162.0752
CHLD 11 692.085938 1567446162.0753
CHLD 12 10.898438 1567446162.0753
CHLD 13 10.925781 1567446162.0754
CHLD 14 10.929688 1567446162.0755
CHLD 15 10.824219 1567446162.0755
CHLD 16 10.871094 1567446162.0756
CHLD 17 10.988281 1567446162.0756
CHLD 18 10.906250 1567446162.0757
CHLD 19 10.964844 1567446162.0758
MEM 708.574219 1567446162.1762
CHLD 0 601.093750 1567446162.2497
CHLD 1 601.101562 1567446162.2498
CHLD 2 601.101562 1567446162.2514
CHLD 3 601.101562 1567446162.2515
CHLD 4 666.226562 1567446162.2516
CHLD 5 663.644531 1567446162.2516
CHLD 6 663.617188 1567446162.2517
CHLD 7 663.417969 1567446162.2517
CHLD 8 668.027344 1567446162.2518
CHLD 9 662.164062 1567446162.2518
CHLD 10 735.773438 1567446162.2519
CHLD 11 692.343750 1567446162.2519
CHLD 12 10.898438 1567446162.2520
CHLD 13 10.925781 1567446162.2550
CHLD 14 10.929688 1567446162.2551
CHLD 15 10.824219 1567446162.2552
CHLD 16 10.871094 1567446162.2552
CHLD 17 10.988281 1567446162.2553
CHLD 18 10.906250 1567446162.2553
CHLD 19 10.964844 1567446162.2554
MEM 708.574219 1567446162.3560
CHLD 0 601.093750 1567446162.4284
CHLD 1 601.101562 1567446162.4284
CHLD 2 601.101562 1567446162.4285
CHLD 3 601.101562 1567446162.4286
CHLD 4 666.226562 1567446162.4286
CHLD 5 663.644531 1567446162.4287
CHLD 6 663.617188 1567446162.4287
CHLD 7 663.417969 1567446162.4288
CHLD 8 668.027344 1567446162.4288
CHLD 9 662.164062 1567446162.4289
CHLD 10 735.773438 1567446162.4290
CHLD 11 692.343750 1567446162.4290
CHLD 12 10.898438 1567446162.4291
CHLD 13 10.925781 1567446162.4291
CHLD 14 10.929688 1567446162.4292
CHLD 15 10.824219 1567446162.4292
CHLD 16 10.871094 1567446162.4293
CHLD 17 10.988281 1567446162.4294
CHLD 18 10.906250 1567446162.4294
CHLD 19 10.964844 1567446162.4295
MEM 708.574219 1567446162.5300
CHLD 0 601.093750 1567446162.6481
CHLD 1 601.101562 1567446162.6482
CHLD 2 601.101562 1567446162.6483
CHLD 3 601.101562 1567446162.6483
CHLD 4 666.226562 1567446162.6484
CHLD 5 663.644531 1567446162.6485
CHLD 6 663.617188 1567446162.6485
CHLD 7 663.417969 1567446162.6486
CHLD 8 668.027344 1567446162.6486
CHLD 9 662.164062 1567446162.6487
CHLD 10 735.773438 1567446162.6488
CHLD 11 692.343750 1567446162.6488
CHLD 12 10.898438 1567446162.6489
CHLD 13 10.925781 1567446162.6489
CHLD 14 10.929688 1567446162.6490
CHLD 15 10.824219 1567446162.6490
CHLD 16 10.871094 1567446162.6491
CHLD 17 10.988281 1567446162.6491
CHLD 18 10.906250 1567446162.6492
CHLD 19 10.964844 1567446162.6492
MEM 708.574219 1567446162.7513
CHLD 0 601.093750 1567446162.8613
CHLD 1 601.101562 1567446162.8614
CHLD 2 601.101562 1567446162.8615
CHLD 3 601.101562 1567446162.8615
CHLD 4 666.226562 1567446162.8616
CHLD 5 663.902344 1567446162.8617
CHLD 6 663.617188 1567446162.8617
CHLD 7 663.417969 1567446162.8618
CHLD 8 668.027344 1567446162.8618
CHLD 9 662.164062 1567446162.8619
CHLD 10 735.773438 1567446162.8620
CHLD 11 693.117188 1567446162.8620
CHLD 12 10.898438 1567446162.8621
CHLD 13 10.925781 1567446162.8621
CHLD 14 10.929688 1567446162.8622
CHLD 15 10.824219 1567446162.8623
CHLD 16 10.871094 1567446162.8624
CHLD 17 10.988281 1567446162.8624
CHLD 18 10.906250 1567446162.8625
CHLD 19 10.964844 1567446162.8626
MEM 708.574219 1567446162.9632
CHLD 0 601.093750 1567446163.0266
CHLD 1 601.101562 1567446163.0267
CHLD 2 601.101562 1567446163.0267
CHLD 3 601.101562 1567446163.0268
CHLD 4 666.226562 1567446163.0269
CHLD 5 663.902344 1567446163.0269
CHLD 6 663.617188 1567446163.0270
CHLD 7 663.417969 1567446163.0271
CHLD 8 668.027344 1567446163.0271
CHLD 9 662.164062 1567446163.0272
CHLD 10 735.773438 1567446163.0272
CHLD 11 693.117188 1567446163.0273
CHLD 12 10.898438 1567446163.0273
CHLD 13 10.925781 1567446163.0274
CHLD 14 10.929688 1567446163.0274
CHLD 15 10.824219 1567446163.0275
CHLD 16 10.871094 1567446163.0275
CHLD 17 10.988281 1567446163.0276
CHLD 18 10.906250 1567446163.0276
CHLD 19 10.964844 1567446163.0277
MEM 708.574219 1567446163.1288
CHLD 0 601.093750 1567446163.1813
CHLD 1 601.101562 1567446163.1814
CHLD 2 601.101562 1567446163.1815
CHLD 3 601.101562 1567446163.1815
CHLD 4 666.226562 1567446163.1816
CHLD 5 663.902344 1567446163.1816
CHLD 6 663.617188 1567446163.1817
CHLD 7 663.417969 1567446163.1817
CHLD 8 668.027344 1567446163.1818
CHLD 9 662.164062 1567446163.1819
CHLD 10 735.773438 1567446163.1819
CHLD 11 693.117188 1567446163.1820
CHLD 12 10.898438 1567446163.1820
CHLD 13 10.925781 1567446163.1821
CHLD 14 10.929688 1567446163.1821
CHLD 15 10.824219 1567446163.1822
CHLD 16 10.871094 1567446163.1822
CHLD 17 10.988281 1567446163.2270
CHLD 18 10.906250 1567446163.2271
CHLD 19 10.964844 1567446163.2272
MEM 708.574219 1567446163.3299
CHLD 0 601.093750 1567446163.4022
CHLD 1 601.101562 1567446163.4227
CHLD 2 601.101562 1567446163.4228
CHLD 3 601.101562 1567446163.4229
CHLD 4 666.226562 1567446163.4229
CHLD 5 663.902344 1567446163.4230
CHLD 6 663.617188 1567446163.4231
CHLD 7 663.417969 1567446163.4231
CHLD 8 668.027344 1567446163.4232
CHLD 9 662.164062 1567446163.4232
CHLD 10 735.773438 1567446163.4233
CHLD 11 693.117188 1567446163.4233
CHLD 12 10.898438 1567446163.4234
CHLD 13 10.925781 1567446163.4234
CHLD 14 10.929688 1567446163.4321
CHLD 15 10.824219 1567446163.4322
CHLD 16 10.871094 1567446163.4327
CHLD 17 10.988281 1567446163.4328
CHLD 18 10.906250 1567446163.4329
CHLD 19 10.964844 1567446163.4329
MEM 708.574219 1567446163.5363
CHLD 0 601.093750 1567446163.5831
CHLD 1 601.101562 1567446163.5832
CHLD 2 601.101562 1567446163.5832
CHLD 3 601.101562 1567446163.5833
CHLD 4 666.742188 1567446163.5833
CHLD 5 663.902344 1567446163.5834
CHLD 6 663.617188 1567446163.5834
CHLD 7 663.417969 1567446163.5835
CHLD 8 668.027344 1567446163.5835
CHLD 9 662.164062 1567446163.5836
CHLD 10 735.773438 1567446163.5837
CHLD 11 693.117188 1567446163.5837
CHLD 12 10.898438 1567446163.5838
CHLD 13 10.925781 1567446163.5839
CHLD 14 10.929688 1567446163.5839
CHLD 15 10.824219 1567446163.5840
CHLD 16 10.871094 1567446163.5840
CHLD 17 10.988281 1567446163.5841
CHLD 18 10.906250 1567446163.5841
CHLD 19 10.964844 1567446163.5842
MEM 708.574219 1567446163.6846
CHLD 0 601.093750 1567446163.7559
CHLD 1 601.101562 1567446163.7560
CHLD 2 601.101562 1567446163.7560
CHLD 3 601.101562 1567446163.7561
CHLD 4 666.742188 1567446163.7562
CHLD 5 663.902344 1567446163.7562
CHLD 6 663.617188 1567446163.7563
CHLD 7 663.417969 1567446163.7563
CHLD 8 668.027344 1567446163.7564
CHLD 9 662.164062 1567446163.7564
CHLD 10 735.773438 1567446163.7565
CHLD 11 693.117188 1567446163.7565
CHLD 12 10.898438 1567446163.7566
CHLD 13 10.925781 1567446163.7566
CHLD 14 10.929688 1567446163.7567
CHLD 15 10.824219 1567446163.7567
CHLD 16 10.871094 1567446163.7568
CHLD 17 10.988281 1567446163.7568
CHLD 18 10.906250 1567446163.7569
CHLD 19 10.964844 1567446163.7569
MEM 708.574219 1567446163.8576
CHLD 0 601.093750 1567446163.8930
CHLD 1 601.101562 1567446163.8931
CHLD 2 601.101562 1567446163.8932
CHLD 3 601.101562 1567446163.8932
CHLD 4 666.742188 1567446163.8933
CHLD 5 663.902344 1567446163.8933
CHLD 6 663.617188 1567446163.8934
CHLD 7 663.417969 1567446163.8934
CHLD 8 668.027344 1567446163.8935
CHLD 9 662.164062 1567446163.8935
CHLD 10 736.031250 1567446163.8936
CHLD 11 693.117188 1567446163.8936
CHLD 12 10.898438 1567446163.8937
CHLD 13 10.925781 1567446163.8938
CHLD 14 10.929688 1567446163.8938
CHLD 15 10.824219 1567446163.8939
CHLD 16 10.871094 1567446163.8939
CHLD 17 10.988281 1567446163.8940
CHLD 18 10.906250 1567446163.8940
CHLD 19 10.964844 1567446163.9219
MEM 708.574219 1567446164.0228
CHLD 0 601.093750 1567446164.1190
CHLD 1 601.101562 1567446164.1191
CHLD 2 601.101562 1567446164.1192
CHLD 3 601.101562 1567446164.1192
CHLD 4 666.742188 1567446164.1193
CHLD 5 663.902344 1567446164.1193
CHLD 6 663.617188 1567446164.1194
CHLD 7 663.417969 1567446164.1195
CHLD 8 668.027344 1567446164.1195
CHLD 9 662.164062 1567446164.1196
CHLD 10 736.031250 1567446164.1196
CHLD 11 693.117188 1567446164.1197
CHLD 12 10.898438 1567446164.1197
CHLD 13 10.925781 1567446164.1198
CHLD 14 10.929688 1567446164.1199
CHLD 15 10.824219 1567446164.1199
CHLD 16 10.871094 1567446164.1200
CHLD 17 10.988281 1567446164.1200
CHLD 18 10.906250 1567446164.1201
CHLD 19 10.964844 1567446164.1201
MEM 708.574219 1567446164.2217
CHLD 0 601.093750 1567446164.3237
CHLD 1 601.101562 1567446164.3238
CHLD 2 601.101562 1567446164.3239
CHLD 3 601.101562 1567446164.3240
CHLD 4 666.742188 1567446164.3240
CHLD 5 663.902344 1567446164.3333
CHLD 6 663.617188 1567446164.3333
CHLD 7 663.417969 1567446164.3334
CHLD 8 668.027344 1567446164.3335
CHLD 9 662.164062 1567446164.3336
CHLD 10 736.031250 1567446164.3336
CHLD 11 693.117188 1567446164.3337
CHLD 12 10.898438 1567446164.3337
CHLD 13 10.925781 1567446164.3338
CHLD 14 10.929688 1567446164.3339
CHLD 15 10.824219 1567446164.3339
CHLD 16 10.871094 1567446164.3340
CHLD 17 10.988281 1567446164.3340
CHLD 18 10.906250 1567446164.3341
CHLD 19 10.964844 1567446164.3341
MEM 708.574219 1567446164.4346
CHLD 0 601.093750 1567446164.5116
CHLD 1 601.101562 1567446164.5117
CHLD 2 601.101562 1567446164.5117
CHLD 3 601.101562 1567446164.5118
CHLD 4 666.742188 1567446164.5118
CHLD 5 663.902344 1567446164.5119
CHLD 6 663.617188 1567446164.5120
CHLD 7 663.417969 1567446164.5120
CHLD 8 668.027344 1567446164.5121
CHLD 9 662.164062 1567446164.5121
CHLD 10 736.031250 1567446164.5122
CHLD 11 693.117188 1567446164.5122
CHLD 12 10.898438 1567446164.5123
CHLD 13 10.925781 1567446164.5123
CHLD 14 10.929688 1567446164.5124
CHLD 15 10.824219 1567446164.5124
CHLD 16 10.871094 1567446164.5125
CHLD 17 10.988281 1567446164.5125
CHLD 18 10.906250 1567446164.5126
CHLD 19 10.964844 1567446164.5126
MEM 708.574219 1567446164.6130
CHLD 0 601.093750 1567446164.7531
CHLD 1 601.101562 1567446164.7532
CHLD 2 601.101562 1567446164.7532
CHLD 3 601.101562 1567446164.7533
CHLD 4 666.742188 1567446164.7533
CHLD 5 663.902344 1567446164.7534
CHLD 6 663.617188 1567446164.7534
CHLD 7 663.417969 1567446164.7535
CHLD 8 668.027344 1567446164.7535
CHLD 9 662.164062 1567446164.7536
CHLD 10 736.031250 1567446164.7621
CHLD 11 693.117188 1567446164.7621
CHLD 12 10.898438 1567446164.7622
CHLD 13 10.925781 1567446164.7623
CHLD 14 10.929688 1567446164.7624
CHLD 15 10.824219 1567446164.7624
CHLD 16 10.871094 1567446164.7625
CHLD 17 10.988281 1567446164.7625
CHLD 18 10.906250 1567446164.7626
CHLD 19 10.964844 1567446164.7627
MEM 708.574219 1567446164.8632
CHLD 0 601.093750 1567446164.9114
CHLD 1 601.101562 1567446164.9115
CHLD 2 601.101562 1567446164.9115
CHLD 3 601.101562 1567446164.9168
CHLD 4 666.742188 1567446164.9169
CHLD 5 663.902344 1567446164.9170
CHLD 6 663.617188 1567446164.9171
CHLD 7 663.417969 1567446164.9171
CHLD 8 669.175781 1567446164.9172
CHLD 9 662.164062 1567446164.9172
CHLD 10 736.031250 1567446164.9173
CHLD 11 693.117188 1567446164.9173
CHLD 12 10.898438 1567446164.9174
CHLD 13 10.925781 1567446164.9175
CHLD 14 10.929688 1567446164.9175
CHLD 15 10.824219 1567446164.9176
CHLD 16 10.871094 1567446164.9176
CHLD 17 10.988281 1567446164.9177
CHLD 18 10.906250 1567446164.9178
CHLD 19 10.964844 1567446164.9178
MEM 708.574219 1567446165.0189
CHLD 0 601.093750 1567446165.0552
CHLD 1 601.101562 1567446165.0553
CHLD 2 601.101562 1567446165.0554
CHLD 3 601.101562 1567446165.0554
CHLD 4 666.742188 1567446165.0555
CHLD 5 663.902344 1567446165.0555
CHLD 6 663.617188 1567446165.0556
CHLD 7 663.675781 1567446165.0557
CHLD 8 669.175781 1567446165.0557
CHLD 9 662.164062 1567446165.0558
CHLD 10 736.031250 1567446165.0611
CHLD 11 693.117188 1567446165.0611
CHLD 12 10.898438 1567446165.0612
CHLD 13 10.925781 1567446165.0613
CHLD 14 10.929688 1567446165.0613
CHLD 15 10.824219 1567446165.0614
CHLD 16 10.871094 1567446165.0615
CHLD 17 10.988281 1567446165.0615
CHLD 18 10.906250 1567446165.0616
CHLD 19 10.964844 1567446165.0616
MEM 708.574219 1567446165.1625
CHLD 0 601.093750 1567446165.2020
CHLD 1 601.101562 1567446165.2021
CHLD 2 601.101562 1567446165.2021
CHLD 3 601.101562 1567446165.2022
CHLD 4 666.742188 1567446165.2049
CHLD 5 663.902344 1567446165.2050
CHLD 6 664.855469 1567446165.2051
CHLD 7 663.675781 1567446165.2052
CHLD 8 669.175781 1567446165.2052
CHLD 9 662.164062 1567446165.2053
CHLD 10 736.031250 1567446165.2053
CHLD 11 694.148438 1567446165.2054
CHLD 12 10.898438 1567446165.2055
CHLD 13 10.925781 1567446165.2055
CHLD 14 10.929688 1567446165.2056
CHLD 15 10.824219 1567446165.2056
CHLD 16 10.871094 1567446165.2057
CHLD 17 10.988281 1567446165.2057
CHLD 18 10.906250 1567446165.2058
CHLD 19 10.964844 1567446165.2059
MEM 708.574219 1567446165.3063
CHLD 0 601.093750 1567446165.3405
CHLD 1 601.101562 1567446165.3406
CHLD 2 601.101562 1567446165.3406
CHLD 3 601.101562 1567446165.3407
CHLD 4 666.742188 1567446165.3407
CHLD 5 663.902344 1567446165.3408
CHLD 6 664.855469 1567446165.3409
CHLD 7 664.914062 1567446165.3409
CHLD 8 669.175781 1567446165.3410
CHLD 9 662.164062 1567446165.3410
CHLD 10 736.031250 1567446165.3411
CHLD 11 694.148438 1567446165.3411
CHLD 12 10.898438 1567446165.3412
CHLD 13 10.925781 1567446165.3413
CHLD 14 10.929688 1567446165.3413
CHLD 15 10.824219 1567446165.3414
CHLD 16 10.871094 1567446165.3414
CHLD 17 10.988281 1567446165.3415
CHLD 18 10.906250 1567446165.3415
CHLD 19 10.964844 1567446165.3416
MEM 708.574219 1567446165.4420
CHLD 0 601.093750 1567446165.4885
CHLD 1 601.101562 1567446165.4885
CHLD 2 601.101562 1567446165.4886
CHLD 3 601.101562 1567446165.4887
CHLD 4 666.742188 1567446165.4887
CHLD 5 663.902344 1567446165.4888
CHLD 6 664.855469 1567446165.4888
CHLD 7 664.914062 1567446165.4889
CHLD 8 669.175781 1567446165.4890
CHLD 9 662.164062 1567446165.4890
CHLD 10 736.031250 1567446165.4891
CHLD 11 694.148438 1567446165.4891
CHLD 12 10.898438 1567446165.4892
CHLD 13 10.925781 1567446165.4892
CHLD 14 10.929688 1567446165.4893
CHLD 15 10.824219 1567446165.4893
CHLD 16 10.871094 1567446165.4894
CHLD 17 10.988281 1567446165.4895
CHLD 18 10.906250 1567446165.4895
CHLD 19 10.964844 1567446165.4896
MEM 708.574219 1567446165.5900
CHLD 0 601.093750 1567446165.6177
CHLD 1 601.101562 1567446165.6178
CHLD 2 601.101562 1567446165.6178
CHLD 3 601.101562 1567446165.6179
CHLD 4 666.742188 1567446165.6180
CHLD 5 663.902344 1567446165.6180
CHLD 6 664.855469 1567446165.6181
CHLD 7 664.914062 1567446165.6181
CHLD 8 669.175781 1567446165.6182
CHLD 9 662.164062 1567446165.6472
CHLD 10 736.031250 1567446165.6473
CHLD 11 694.148438 1567446165.6474
CHLD 12 10.898438 1567446165.6474
CHLD 13 10.925781 1567446165.6475
CHLD 14 10.929688 1567446165.6476
CHLD 15 10.824219 1567446165.6476
CHLD 16 10.871094 1567446165.6477
CHLD 17 10.988281 1567446165.6478
CHLD 18 10.906250 1567446165.6478
CHLD 19 10.964844 1567446165.6479
MEM 708.574219 1567446165.7483
CHLD 0 601.093750 1567446165.7817
CHLD 1 601.101562 1567446165.7818
CHLD 2 601.101562 1567446165.7818
CHLD 3 601.101562 1567446165.7819
CHLD 4 666.742188 1567446165.7820
CHLD 5 665.222656 1567446165.7820
CHLD 6 664.855469 1567446165.7821
CHLD 7 664.914062 1567446165.7821
CHLD 8 669.175781 1567446165.7822
CHLD 9 663.437500 1567446165.7937
CHLD 10 736.031250 1567446165.7938
CHLD 11 694.148438 1567446165.7939
CHLD 12 10.898438 1567446165.7940
CHLD 13 10.925781 1567446165.7940
CHLD 14 10.929688 1567446165.7941
CHLD 15 10.824219 1567446165.7942
CHLD 16 10.871094 1567446165.7942
CHLD 17 10.988281 1567446165.8064
CHLD 18 10.906250 1567446165.8065
CHLD 19 10.964844 1567446165.8066
MEM 708.574219 1567446165.9070
CHLD 0 601.093750 1567446165.9301
CHLD 1 601.101562 1567446165.9302
CHLD 2 601.101562 1567446165.9302
CHLD 3 601.101562 1567446165.9303
CHLD 4 666.742188 1567446165.9304
CHLD 5 0.000000 1567446165.9304
CHLD 6 664.855469 1567446165.9305
CHLD 7 664.914062 1567446165.9306
CHLD 8 669.175781 1567446165.9306
CHLD 9 663.437500 1567446165.9307
CHLD 10 736.031250 1567446165.9307
CHLD 11 694.148438 1567446165.9308
CHLD 12 10.898438 1567446165.9308
CHLD 13 10.925781 1567446165.9309
CHLD 14 10.929688 1567446165.9309
CHLD 15 10.824219 1567446165.9310
CHLD 16 10.871094 1567446165.9310
CHLD 17 10.988281 1567446165.9311
CHLD 18 10.964844 1567446165.9311
MEM 708.574219 1567446166.0319
CHLD 0 601.093750 1567446166.0987
CHLD 1 601.101562 1567446166.0988
CHLD 2 601.101562 1567446166.0989
CHLD 3 601.101562 1567446166.0989
CHLD 4 666.742188 1567446166.0990
CHLD 5 0.000000 1567446166.0990
CHLD 6 664.855469 1567446166.0991
CHLD 7 664.914062 1567446166.0991
CHLD 8 669.175781 1567446166.0992
CHLD 9 663.437500 1567446166.0993
CHLD 10 736.031250 1567446166.0993
CHLD 11 694.148438 1567446166.0994
CHLD 12 10.898438 1567446166.0994
CHLD 13 10.925781 1567446166.0995
CHLD 14 10.929688 1567446166.0996
CHLD 15 10.824219 1567446166.0996
CHLD 16 10.871094 1567446166.0997
CHLD 17 10.988281 1567446166.0997
CHLD 18 10.964844 1567446166.0998
MEM 708.574219 1567446166.2002
CHLD 0 601.093750 1567446166.2633
CHLD 1 601.101562 1567446166.2634
CHLD 2 601.101562 1567446166.2634
CHLD 3 601.101562 1567446166.2635
CHLD 4 666.742188 1567446166.2636
CHLD 5 0.000000 1567446166.2636
CHLD 6 664.855469 1567446166.2637
CHLD 7 664.914062 1567446166.2637
CHLD 8 669.175781 1567446166.2638
CHLD 9 663.437500 1567446166.2638
CHLD 10 736.031250 1567446166.2639
CHLD 11 694.148438 1567446166.2639
CHLD 12 10.898438 1567446166.2640
CHLD 13 10.925781 1567446166.2640
CHLD 14 10.929688 1567446166.2641
CHLD 15 10.824219 1567446166.2642
CHLD 16 10.871094 1567446166.2642
CHLD 17 10.988281 1567446166.2643
CHLD 18 10.964844 1567446166.2643
MEM 708.574219 1567446166.3648
CHLD 0 601.093750 1567446166.4077
CHLD 1 601.101562 1567446166.4078
CHLD 2 601.101562 1567446166.4079
CHLD 3 601.101562 1567446166.4079
CHLD 4 668.132812 1567446166.4080
CHLD 5 0.000000 1567446166.4080
CHLD 6 664.855469 1567446166.4081
CHLD 7 0.000000 1567446166.4081
CHLD 8 669.175781 1567446166.4082
CHLD 9 663.437500 1567446166.4082
CHLD 10 736.031250 1567446166.4083
CHLD 11 694.148438 1567446166.4083
CHLD 12 10.898438 1567446166.4084
CHLD 13 10.925781 1567446166.4084
CHLD 14 10.929688 1567446166.4085
CHLD 15 10.824219 1567446166.4085
CHLD 16 10.871094 1567446166.4086
CHLD 17 10.988281 1567446166.4088
CHLD 18 10.964844 1567446166.4089
MEM 708.574219 1567446166.5093
CHLD 0 601.093750 1567446166.5329
CHLD 1 601.101562 1567446166.5330
CHLD 2 601.101562 1567446166.5331
CHLD 3 601.101562 1567446166.5331
CHLD 4 664.855469 1567446166.5332
CHLD 5 0.000000 1567446166.5332
CHLD 6 0.000000 1567446166.5333
CHLD 7 663.437500 1567446166.5333
CHLD 8 736.031250 1567446166.5334
CHLD 9 694.148438 1567446166.5335
CHLD 10 10.898438 1567446166.5336
CHLD 11 10.925781 1567446166.5336
CHLD 12 10.929688 1567446166.5337
CHLD 13 10.988281 1567446166.5337
MEM 708.574219 1567446166.6342
CHLD 0 601.093750 1567446166.6491
CHLD 1 601.101562 1567446166.6492
CHLD 2 601.101562 1567446166.6492
CHLD 3 601.101562 1567446166.6493
CHLD 4 663.437500 1567446166.6493
CHLD 5 736.031250 1567446166.6494
CHLD 6 694.148438 1567446166.6495
CHLD 7 10.898438 1567446166.6495
CHLD 8 10.925781 1567446166.6496
CHLD 9 10.929688 1567446166.6496
MEM 708.574219 1567446166.7626
CHLD 0 601.093750 1567446166.8147
CHLD 1 601.101562 1567446166.8185
CHLD 2 601.101562 1567446166.8193
CHLD 3 601.101562 1567446166.8193
CHLD 4 0.000000 1567446166.8194
CHLD 5 736.031250 1567446166.8195
CHLD 6 694.148438 1567446166.8197
CHLD 7 10.898438 1567446166.8199
CHLD 8 10.925781 1567446166.8199
CHLD 9 10.929688 1567446166.8200
MEM 708.574219 1567446166.9266
CHLD 0 601.093750 1567446166.9540
CHLD 1 601.101562 1567446166.9540
CHLD 2 601.101562 1567446166.9541
CHLD 3 601.101562 1567446166.9542
CHLD 4 736.031250 1567446166.9542
CHLD 5 694.148438 1567446166.9543
CHLD 6 10.898438 1567446166.9544
CHLD 7 10.925781 1567446166.9544
MEM 708.574219 1567446167.0548
CHLD 0 601.093750 1567446167.0778
CHLD 1 601.101562 1567446167.0780
CHLD 2 601.101562 1567446167.0780
CHLD 3 601.101562 1567446167.0781
CHLD 4 736.031250 1567446167.0782
CHLD 5 694.148438 1567446167.0782
CHLD 6 10.898438 1567446167.0783
CHLD 7 10.925781 1567446167.0784
MEM 708.574219 1567446167.1788
CHLD 0 601.093750 1567446167.1941
CHLD 1 601.101562 1567446167.1942
CHLD 2 601.101562 1567446167.1943
CHLD 3 601.101562 1567446167.1943
CHLD 4 736.031250 1567446167.1944
CHLD 5 694.148438 1567446167.1945
CHLD 6 10.898438 1567446167.1945
CHLD 7 10.925781 1567446167.1946
MEM 708.574219 1567446167.2950
CHLD 0 601.093750 1567446167.3082
CHLD 1 601.101562 1567446167.3083
CHLD 2 601.101562 1567446167.3083
CHLD 3 601.101562 1567446167.3084
CHLD 4 736.031250 1567446167.3084
CHLD 5 0.000000 1567446167.3085
CHLD 6 10.898438 1567446167.3085
CHLD 7 10.925781 1567446167.3086
MEM 708.574219 1567446167.4090
CHLD 0 601.093750 1567446167.4220
CHLD 1 601.101562 1567446167.4221
CHLD 2 601.101562 1567446167.4222
CHLD 3 601.101562 1567446167.4222
CHLD 4 736.031250 1567446167.4223
CHLD 5 0.000000 1567446167.4223
CHLD 6 10.925781 1567446167.4224
MEM 708.574219 1567446167.5228
CHLD 0 601.093750 1567446167.5365
CHLD 1 601.101562 1567446167.5366
CHLD 2 601.101562 1567446167.5366
CHLD 3 601.101562 1567446167.5367
CHLD 4 736.031250 1567446167.5367
CHLD 5 0.000000 1567446167.5368
CHLD 6 10.925781 1567446167.5369
MEM 708.574219 1567446167.6373
CHLD 0 601.093750 1567446167.6509
CHLD 1 601.101562 1567446167.6509
CHLD 2 601.101562 1567446167.6510
CHLD 3 601.101562 1567446167.6510
CHLD 4 736.031250 1567446167.6510
CHLD 5 0.000000 1567446167.6511
CHLD 6 10.925781 1567446167.6511
MEM 708.574219 1567446167.7515
CHLD 0 601.093750 1567446167.7649
CHLD 1 601.101562 1567446167.7649
CHLD 2 601.101562 1567446167.7649
CHLD 3 601.101562 1567446167.7650
CHLD 4 736.031250 1567446167.7650
CHLD 5 0.000000 1567446167.7650
CHLD 6 10.925781 1567446167.7651
MEM 708.574219 1567446167.8654
CHLD 0 601.093750 1567446167.8781
CHLD 1 601.101562 1567446167.8781
CHLD 2 601.101562 1567446167.8782
CHLD 3 601.101562 1567446167.8782
CHLD 4 736.031250 1567446167.8783
CHLD 5 0.000000 1567446167.8784
CHLD 6 10.925781 1567446167.8784
MEM 708.574219 1567446167.9789
CHLD 0 601.093750 1567446167.9915
CHLD 1 601.101562 1567446167.9916
CHLD 2 601.101562 1567446167.9917
CHLD 3 601.101562 1567446167.9917
CHLD 4 736.031250 1567446167.9918
CHLD 5 0.000000 1567446167.9918
CHLD 6 10.925781 1567446167.9918
MEM 708.574219 1567446168.0922
CHLD 0 601.093750 1567446168.1063
CHLD 1 601.101562 1567446168.1063
CHLD 2 601.101562 1567446168.1064
CHLD 3 601.101562 1567446168.1064
CHLD 4 736.031250 1567446168.1065
CHLD 5 0.000000 1567446168.1066
CHLD 6 10.925781 1567446168.1066
MEM 708.574219 1567446168.2071
CHLD 0 601.093750 1567446168.2182
CHLD 1 601.101562 1567446168.2182
CHLD 2 601.101562 1567446168.2182
CHLD 3 601.101562 1567446168.2183
CHLD 4 736.031250 1567446168.2183
CHLD 5 0.000000 1567446168.2184
CHLD 6 10.925781 1567446168.2184
MEM 721.554688 1567446168.3188
CHLD 0 601.093750 1567446168.3273
CHLD 1 601.101562 1567446168.3274
CHLD 2 601.101562 1567446168.3274
CHLD 3 601.101562 1567446168.3274
MEM 725.589844 1567446168.4278
CHLD 0 601.093750 1567446168.4385
CHLD 1 601.101562 1567446168.4385
CHLD 2 601.101562 1567446168.4386
CHLD 3 601.101562 1567446168.4386
MEM 726.113281 1567446168.5390
CHLD 0 601.093750 1567446168.5472
CHLD 1 601.101562 1567446168.5472
CHLD 2 601.101562 1567446168.5473
CHLD 3 601.101562 1567446168.5473
MEM 726.140625 1567446168.6476
CHLD 0 601.093750 1567446168.6558
CHLD 1 601.101562 1567446168.6558
CHLD 2 601.101562 1567446168.6559
CHLD 3 601.101562 1567446168.6559
MEM 726.312500 1567446168.7563
MEM 726.117188 1567446168.8683
MEM 363.242188 1567446168.9767
