CMDLINE /home/dn16382/anaconda3/bin/python mnist_example.py
MEM 1.945312 1567450842.9518
MEM 18.093750 1567450843.0601
MEM 33.019531 1567450843.1763
MEM 41.160156 1567450843.2840
MEM 58.539062 1567450843.3924
MEM 71.710938 1567450843.5016
MEM 78.800781 1567450843.6093
MEM 123.207031 1567450843.7172
MEM 151.187500 1567450843.8305
MEM 162.890625 1567450843.9384
MEM 163.359375 1567450844.0466
MEM 170.855469 1567450844.1544
MEM 178.949219 1567450844.2623
MEM 184.335938 1567450844.3700
MEM 192.441406 1567450844.4778
MEM 204.390625 1567450844.5894
MEM 210.769531 1567450844.7018
MEM 215.625000 1567450844.8097
MEM 227.441406 1567450844.9175
MEM 234.054688 1567450845.0251
MEM 248.996094 1567450845.1330
MEM 255.914062 1567450845.2414
MEM 263.113281 1567450845.3493
MEM 268.648438 1567450845.4571
MEM 284.632812 1567450845.5650
MEM 300.875000 1567450845.6729
MEM 357.203125 1567450845.7809
MEM 338.527344 1567450845.8890
MEM 411.230469 1567450845.9972
MEM 564.886719 1567450846.1106
MEM 685.628906 1567450846.2242
MEM 633.785156 1567450846.3327
MEM 702.777344 1567450846.4405
MEM 709.980469 1567450846.5487
CHLD 0 601.039062 1567450846.5618
CHLD 1 601.046875 1567450846.5619
CHLD 2 601.046875 1567450846.5620
CHLD 3 601.050781 1567450846.5620
CHLD 4 605.546875 1567450846.5621
CHLD 5 605.398438 1567450846.5621
MEM 709.996094 1567450846.6625
CHLD 0 601.039062 1567450846.6915
CHLD 1 601.046875 1567450846.6915
CHLD 2 601.046875 1567450846.6916
CHLD 3 601.050781 1567450846.6917
CHLD 4 612.000000 1567450846.6917
CHLD 5 607.929688 1567450846.6918
CHLD 6 606.226562 1567450846.6919
CHLD 7 605.566406 1567450846.6919
CHLD 8 601.167969 1567450846.6920
CHLD 9 601.167969 1567450846.6920
CHLD 10 0.007812 1567450846.6921
CHLD 11 7.339844 1567450846.6922
CHLD 12 8.531250 1567450846.6922
MEM 709.996094 1567450846.7926
CHLD 0 601.039062 1567450846.8203
CHLD 1 601.046875 1567450846.8204
CHLD 2 601.046875 1567450846.8205
CHLD 3 601.050781 1567450846.8205
CHLD 4 614.789062 1567450846.8206
CHLD 5 612.125000 1567450846.8206
CHLD 6 609.656250 1567450846.8207
CHLD 7 607.429688 1567450846.8343
CHLD 8 601.167969 1567450846.8344
CHLD 9 601.167969 1567450846.8345
CHLD 10 601.171875 1567450846.8346
CHLD 11 601.171875 1567450846.8346
CHLD 12 601.171875 1567450846.8347
CHLD 13 7.285156 1567450846.8348
CHLD 14 8.781250 1567450846.8348
CHLD 15 9.683594 1567450846.8349
CHLD 16 10.898438 1567450846.8350
MEM 710.000000 1567450846.9354
CHLD 0 601.039062 1567450846.9564
CHLD 1 601.046875 1567450846.9565
CHLD 2 601.046875 1567450846.9566
CHLD 3 601.050781 1567450846.9566
CHLD 4 617.699219 1567450846.9567
CHLD 5 615.863281 1567450846.9567
CHLD 6 614.542969 1567450846.9568
CHLD 7 611.472656 1567450846.9569
CHLD 8 601.167969 1567450846.9569
CHLD 9 601.167969 1567450846.9570
CHLD 10 601.171875 1567450846.9570
CHLD 11 601.171875 1567450846.9571
CHLD 12 601.171875 1567450846.9571
CHLD 13 601.171875 1567450846.9572
CHLD 14 601.175781 1567450846.9573
CHLD 15 8.964844 1567450846.9573
CHLD 16 10.890625 1567450846.9574
CHLD 17 10.859375 1567450846.9574
CHLD 18 10.898438 1567450846.9575
MEM 710.000000 1567450847.0579
CHLD 0 601.039062 1567450847.0988
CHLD 1 601.046875 1567450847.0988
CHLD 2 601.046875 1567450847.0989
CHLD 3 601.050781 1567450847.0990
CHLD 4 618.054688 1567450847.0990
CHLD 5 617.890625 1567450847.0991
CHLD 6 617.894531 1567450847.0991
CHLD 7 615.425781 1567450847.0992
CHLD 8 601.167969 1567450847.0993
CHLD 9 601.167969 1567450847.0993
CHLD 10 601.171875 1567450847.0994
CHLD 11 601.171875 1567450847.0994
CHLD 12 601.171875 1567450847.0995
CHLD 13 601.171875 1567450847.0995
CHLD 14 601.175781 1567450847.0996
CHLD 15 601.175781 1567450847.0997
CHLD 16 10.867188 1567450847.0997
CHLD 17 10.890625 1567450847.0998
CHLD 18 10.859375 1567450847.0999
CHLD 19 10.898438 1567450847.0999
MEM 710.000000 1567450847.2003
CHLD 0 601.039062 1567450847.2266
CHLD 1 601.046875 1567450847.2267
CHLD 2 601.046875 1567450847.2268
CHLD 3 601.050781 1567450847.2268
CHLD 4 618.296875 1567450847.2269
CHLD 5 618.175781 1567450847.2269
CHLD 6 618.253906 1567450847.2270
CHLD 7 617.699219 1567450847.2270
CHLD 8 601.167969 1567450847.2271
CHLD 9 601.167969 1567450847.2272
CHLD 10 601.171875 1567450847.2272
CHLD 11 601.171875 1567450847.2273
CHLD 12 601.171875 1567450847.2273
CHLD 13 601.171875 1567450847.2274
CHLD 14 601.175781 1567450847.2274
CHLD 15 601.175781 1567450847.2275
CHLD 16 10.867188 1567450847.2275
CHLD 17 10.890625 1567450847.2276
CHLD 18 10.859375 1567450847.2277
CHLD 19 10.898438 1567450847.2277
MEM 710.000000 1567450847.3281
CHLD 0 601.039062 1567450847.3578
CHLD 1 601.046875 1567450847.3579
CHLD 2 601.046875 1567450847.3580
CHLD 3 601.050781 1567450847.3580
CHLD 4 619.148438 1567450847.3581
CHLD 5 618.417969 1567450847.3582
CHLD 6 618.417969 1567450847.3582
CHLD 7 617.980469 1567450847.3663
CHLD 8 601.167969 1567450847.3664
CHLD 9 601.167969 1567450847.3664
CHLD 10 601.171875 1567450847.3665
CHLD 11 601.171875 1567450847.3665
CHLD 12 601.171875 1567450847.3666
CHLD 13 601.171875 1567450847.3667
CHLD 14 601.175781 1567450847.3667
CHLD 15 601.175781 1567450847.3668
CHLD 16 10.867188 1567450847.3668
CHLD 17 10.890625 1567450847.3669
CHLD 18 10.859375 1567450847.3669
CHLD 19 10.898438 1567450847.3670
MEM 710.000000 1567450847.4674
CHLD 0 601.039062 1567450847.4969
CHLD 1 601.046875 1567450847.4969
CHLD 2 601.046875 1567450847.4970
CHLD 3 601.050781 1567450847.4970
CHLD 4 621.128906 1567450847.4971
CHLD 5 618.699219 1567450847.4972
CHLD 6 618.753906 1567450847.4972
CHLD 7 618.226562 1567450847.4973
CHLD 8 601.167969 1567450847.4973
CHLD 9 601.167969 1567450847.4974
CHLD 10 601.171875 1567450847.4974
CHLD 11 601.171875 1567450847.4975
CHLD 12 601.171875 1567450847.4975
CHLD 13 601.171875 1567450847.4976
CHLD 14 601.175781 1567450847.4976
CHLD 15 601.175781 1567450847.4977
CHLD 16 10.867188 1567450847.4977
CHLD 17 10.890625 1567450847.4978
CHLD 18 10.859375 1567450847.4978
CHLD 19 10.898438 1567450847.4979
MEM 710.000000 1567450847.5983
CHLD 0 601.039062 1567450847.6241
CHLD 1 601.046875 1567450847.6241
CHLD 2 601.046875 1567450847.6242
CHLD 3 601.050781 1567450847.6242
CHLD 4 622.875000 1567450847.6243
CHLD 5 621.183594 1567450847.6243
CHLD 6 620.855469 1567450847.6244
CHLD 7 618.507812 1567450847.6245
CHLD 8 601.167969 1567450847.6245
CHLD 9 601.167969 1567450847.6246
CHLD 10 601.171875 1567450847.6246
CHLD 11 601.171875 1567450847.6247
CHLD 12 601.171875 1567450847.6247
CHLD 13 601.171875 1567450847.6248
CHLD 14 601.175781 1567450847.6248
CHLD 15 601.175781 1567450847.6249
CHLD 16 10.867188 1567450847.6249
CHLD 17 10.890625 1567450847.6250
CHLD 18 10.859375 1567450847.6251
CHLD 19 10.898438 1567450847.6251
MEM 710.000000 1567450847.7255
CHLD 0 601.039062 1567450847.7598
CHLD 1 601.046875 1567450847.7599
CHLD 2 601.046875 1567450847.7599
CHLD 3 601.050781 1567450847.7600
CHLD 4 623.878906 1567450847.7600
CHLD 5 623.000000 1567450847.7601
CHLD 6 622.640625 1567450847.7602
CHLD 7 620.593750 1567450847.7602
CHLD 8 601.167969 1567450847.7603
CHLD 9 601.167969 1567450847.7603
CHLD 10 601.171875 1567450847.7604
CHLD 11 601.171875 1567450847.7605
CHLD 12 601.171875 1567450847.7605
CHLD 13 601.171875 1567450847.7606
CHLD 14 601.175781 1567450847.7606
CHLD 15 601.175781 1567450847.7607
CHLD 16 10.867188 1567450847.7608
CHLD 17 10.890625 1567450847.7608
CHLD 18 10.859375 1567450847.7609
CHLD 19 10.898438 1567450847.7609
MEM 710.000000 1567450847.8613
CHLD 0 601.039062 1567450847.8841
CHLD 1 601.046875 1567450847.8841
CHLD 2 601.046875 1567450847.8842
CHLD 3 601.050781 1567450847.8842
CHLD 4 630.332031 1567450847.8843
CHLD 5 624.000000 1567450847.8843
CHLD 6 623.507812 1567450847.8844
CHLD 7 622.519531 1567450847.8844
CHLD 8 601.167969 1567450847.8845
CHLD 9 601.167969 1567450847.8845
CHLD 10 601.171875 1567450847.8846
CHLD 11 601.171875 1567450847.8846
CHLD 12 601.171875 1567450847.8847
CHLD 13 601.171875 1567450847.8848
CHLD 14 601.175781 1567450847.8848
CHLD 15 601.175781 1567450847.8849
CHLD 16 10.867188 1567450847.8849
CHLD 17 10.890625 1567450847.8850
CHLD 18 10.859375 1567450847.8850
CHLD 19 10.898438 1567450847.8851
MEM 710.000000 1567450847.9855
CHLD 0 601.039062 1567450848.0073
CHLD 1 601.046875 1567450848.0074
CHLD 2 601.046875 1567450848.0075
CHLD 3 601.050781 1567450848.0076
CHLD 4 634.324219 1567450848.0077
CHLD 5 630.453125 1567450848.0077
CHLD 6 625.371094 1567450848.0078
CHLD 7 623.136719 1567450848.0078
CHLD 8 601.167969 1567450848.0079
CHLD 9 601.167969 1567450848.0079
CHLD 10 601.171875 1567450848.0080
CHLD 11 601.171875 1567450848.0080
CHLD 12 601.171875 1567450848.0081
CHLD 13 601.171875 1567450848.0081
CHLD 14 601.175781 1567450848.0082
CHLD 15 601.175781 1567450848.0082
CHLD 16 10.867188 1567450848.0083
CHLD 17 10.890625 1567450848.0084
CHLD 18 10.859375 1567450848.0084
CHLD 19 10.898438 1567450848.0085
MEM 710.000000 1567450848.1090
CHLD 0 601.039062 1567450848.1308
CHLD 1 601.046875 1567450848.1309
CHLD 2 601.046875 1567450848.1309
CHLD 3 601.050781 1567450848.1310
CHLD 4 635.167969 1567450848.1311
CHLD 5 634.250000 1567450848.1311
CHLD 6 631.316406 1567450848.1312
CHLD 7 624.484375 1567450848.1312
CHLD 8 601.167969 1567450848.1313
CHLD 9 601.167969 1567450848.1314
CHLD 10 601.171875 1567450848.1314
CHLD 11 601.171875 1567450848.1315
CHLD 12 601.171875 1567450848.1316
CHLD 13 601.171875 1567450848.1316
CHLD 14 601.175781 1567450848.1317
CHLD 15 601.175781 1567450848.1317
CHLD 16 10.867188 1567450848.1318
CHLD 17 10.890625 1567450848.1319
CHLD 18 10.859375 1567450848.1319
CHLD 19 10.898438 1567450848.1320
MEM 710.000000 1567450848.2324
CHLD 0 601.039062 1567450848.2514
CHLD 1 601.046875 1567450848.2514
CHLD 2 601.046875 1567450848.2515
CHLD 3 601.050781 1567450848.2516
CHLD 4 635.339844 1567450848.2516
CHLD 5 635.175781 1567450848.2517
CHLD 6 634.488281 1567450848.2518
CHLD 7 629.656250 1567450848.2518
CHLD 8 601.167969 1567450848.2519
CHLD 9 601.167969 1567450848.2519
CHLD 10 601.171875 1567450848.2520
CHLD 11 601.171875 1567450848.2521
CHLD 12 601.171875 1567450848.2521
CHLD 13 601.171875 1567450848.2522
CHLD 14 601.175781 1567450848.2522
CHLD 15 601.175781 1567450848.2523
CHLD 16 10.867188 1567450848.2524
CHLD 17 10.890625 1567450848.2524
CHLD 18 10.859375 1567450848.2525
CHLD 19 10.898438 1567450848.2525
MEM 710.000000 1567450848.3529
CHLD 0 601.039062 1567450848.3943
CHLD 1 601.046875 1567450848.3944
CHLD 2 601.046875 1567450848.3944
CHLD 3 601.050781 1567450848.3945
CHLD 4 635.593750 1567450848.3946
CHLD 5 635.300781 1567450848.3947
CHLD 6 635.347656 1567450848.3947
CHLD 7 633.449219 1567450848.3948
CHLD 8 601.167969 1567450848.3949
CHLD 9 601.167969 1567450848.3949
CHLD 10 601.171875 1567450848.3950
CHLD 11 601.171875 1567450848.3950
CHLD 12 601.171875 1567450848.3951
CHLD 13 601.171875 1567450848.3952
CHLD 14 601.175781 1567450848.3952
CHLD 15 601.175781 1567450848.3953
CHLD 16 10.867188 1567450848.3954
CHLD 17 10.890625 1567450848.3954
CHLD 18 10.859375 1567450848.3955
CHLD 19 10.898438 1567450848.3956
MEM 710.000000 1567450848.4960
CHLD 0 601.039062 1567450848.5402
CHLD 1 601.046875 1567450848.5403
CHLD 2 601.046875 1567450848.5403
CHLD 3 601.050781 1567450848.5404
CHLD 4 635.656250 1567450848.5405
CHLD 5 635.527344 1567450848.5405
CHLD 6 635.347656 1567450848.5406
CHLD 7 635.132812 1567450848.5407
CHLD 8 601.167969 1567450848.5407
CHLD 9 601.167969 1567450848.5408
CHLD 10 601.171875 1567450848.5409
CHLD 11 601.171875 1567450848.5409
CHLD 12 601.171875 1567450848.5410
CHLD 13 601.171875 1567450848.5411
CHLD 14 601.175781 1567450848.5411
CHLD 15 601.175781 1567450848.5412
CHLD 16 10.867188 1567450848.5413
CHLD 17 10.890625 1567450848.5413
CHLD 18 10.859375 1567450848.5414
CHLD 19 10.898438 1567450848.5414
MEM 710.000000 1567450848.6419
CHLD 0 601.039062 1567450848.6799
CHLD 1 601.046875 1567450848.6800
CHLD 2 601.046875 1567450848.6800
CHLD 3 601.050781 1567450848.6801
CHLD 4 637.558594 1567450848.6802
CHLD 5 636.039062 1567450848.6803
CHLD 6 635.617188 1567450848.6803
CHLD 7 635.406250 1567450848.6804
CHLD 8 601.167969 1567450848.6804
CHLD 9 601.167969 1567450848.6805
CHLD 10 601.171875 1567450848.6806
CHLD 11 601.171875 1567450848.6806
CHLD 12 601.171875 1567450848.6807
CHLD 13 601.171875 1567450848.6807
CHLD 14 601.175781 1567450848.6808
CHLD 15 601.175781 1567450848.6809
CHLD 16 10.867188 1567450848.6809
CHLD 17 10.890625 1567450848.6810
CHLD 18 10.859375 1567450848.6810
CHLD 19 10.898438 1567450848.6811
MEM 710.000000 1567450848.7815
CHLD 0 601.039062 1567450848.8187
CHLD 1 601.046875 1567450848.8188
CHLD 2 601.046875 1567450848.8189
CHLD 3 601.050781 1567450848.8189
CHLD 4 637.937500 1567450848.8190
CHLD 5 638.050781 1567450848.8191
CHLD 6 636.058594 1567450848.8191
CHLD 7 635.648438 1567450848.8192
CHLD 8 601.167969 1567450848.8193
CHLD 9 601.167969 1567450848.8193
CHLD 10 601.171875 1567450848.8194
CHLD 11 601.171875 1567450848.8194
CHLD 12 601.171875 1567450848.8195
CHLD 13 601.171875 1567450848.8196
CHLD 14 601.175781 1567450848.8196
CHLD 15 601.175781 1567450848.8197
CHLD 16 10.867188 1567450848.8197
CHLD 17 10.890625 1567450848.8198
CHLD 18 10.859375 1567450848.8199
CHLD 19 10.898438 1567450848.8199
MEM 710.000000 1567450848.9204
CHLD 0 601.039062 1567450848.9471
CHLD 1 601.046875 1567450848.9472
CHLD 2 601.046875 1567450848.9472
CHLD 3 601.050781 1567450848.9473
CHLD 4 639.480469 1567450848.9473
CHLD 5 638.050781 1567450848.9474
CHLD 6 637.945312 1567450848.9475
CHLD 7 635.992188 1567450848.9475
CHLD 8 601.167969 1567450848.9476
CHLD 9 601.167969 1567450848.9476
CHLD 10 601.171875 1567450848.9477
CHLD 11 601.171875 1567450848.9477
CHLD 12 601.171875 1567450848.9478
CHLD 13 601.171875 1567450848.9478
CHLD 14 601.175781 1567450848.9479
CHLD 15 601.175781 1567450848.9479
CHLD 16 10.867188 1567450848.9480
CHLD 17 10.890625 1567450848.9480
CHLD 18 10.859375 1567450848.9481
CHLD 19 10.898438 1567450848.9481
MEM 710.000000 1567450849.0486
CHLD 0 601.039062 1567450849.0808
CHLD 1 601.046875 1567450849.0809
CHLD 2 601.046875 1567450849.0810
CHLD 3 601.050781 1567450849.0810
CHLD 4 639.480469 1567450849.0811
CHLD 5 638.050781 1567450849.0811
CHLD 6 637.945312 1567450849.0812
CHLD 7 637.824219 1567450849.0813
CHLD 8 601.167969 1567450849.0813
CHLD 9 601.167969 1567450849.0814
CHLD 10 601.171875 1567450849.0814
CHLD 11 601.171875 1567450849.0815
CHLD 12 601.171875 1567450849.0815
CHLD 13 601.171875 1567450849.0816
CHLD 14 601.175781 1567450849.0816
CHLD 15 601.175781 1567450849.0817
CHLD 16 10.867188 1567450849.0818
CHLD 17 10.890625 1567450849.0818
CHLD 18 10.859375 1567450849.0819
CHLD 19 10.898438 1567450849.0819
MEM 710.000000 1567450849.1824
CHLD 0 601.039062 1567450849.2270
CHLD 1 601.046875 1567450849.2270
CHLD 2 601.046875 1567450849.2271
CHLD 3 601.050781 1567450849.2272
CHLD 4 641.082031 1567450849.2272
CHLD 5 641.066406 1567450849.2273
CHLD 6 638.660156 1567450849.2273
CHLD 7 637.824219 1567450849.2274
CHLD 8 601.167969 1567450849.2275
CHLD 9 601.167969 1567450849.2275
CHLD 10 601.171875 1567450849.2276
CHLD 11 601.171875 1567450849.2276
CHLD 12 601.171875 1567450849.2277
CHLD 13 601.171875 1567450849.2278
CHLD 14 601.175781 1567450849.2278
CHLD 15 601.175781 1567450849.2279
CHLD 16 10.867188 1567450849.2279
CHLD 17 10.890625 1567450849.2280
CHLD 18 10.859375 1567450849.2281
CHLD 19 10.898438 1567450849.2281
MEM 710.000000 1567450849.3286
CHLD 0 601.039062 1567450849.3512
CHLD 1 601.046875 1567450849.3513
CHLD 2 601.046875 1567450849.3513
CHLD 3 601.050781 1567450849.3514
CHLD 4 641.347656 1567450849.3515
CHLD 5 641.507812 1567450849.3515
CHLD 6 640.964844 1567450849.3516
CHLD 7 639.925781 1567450849.3517
CHLD 8 601.167969 1567450849.3517
CHLD 9 601.167969 1567450849.3518
CHLD 10 601.171875 1567450849.3518
CHLD 11 601.171875 1567450849.3519
CHLD 12 601.171875 1567450849.3520
CHLD 13 601.171875 1567450849.3520
CHLD 14 601.175781 1567450849.3521
CHLD 15 601.175781 1567450849.3521
CHLD 16 10.867188 1567450849.3522
CHLD 17 10.890625 1567450849.3523
CHLD 18 10.859375 1567450849.3523
CHLD 19 10.898438 1567450849.3524
MEM 710.000000 1567450849.4528
CHLD 0 601.039062 1567450849.4758
CHLD 1 601.046875 1567450849.4759
CHLD 2 601.046875 1567450849.4760
CHLD 3 601.050781 1567450849.4760
CHLD 4 641.726562 1567450849.4761
CHLD 5 641.738281 1567450849.4761
CHLD 6 641.457031 1567450849.4762
CHLD 7 641.066406 1567450849.4762
CHLD 8 601.167969 1567450849.4763
CHLD 9 601.167969 1567450849.4763
CHLD 10 601.171875 1567450849.4764
CHLD 11 601.171875 1567450849.4764
CHLD 12 601.171875 1567450849.4765
CHLD 13 601.171875 1567450849.4765
CHLD 14 601.175781 1567450849.4766
CHLD 15 601.175781 1567450849.4766
CHLD 16 10.867188 1567450849.4767
CHLD 17 10.890625 1567450849.4767
CHLD 18 10.859375 1567450849.4768
CHLD 19 10.898438 1567450849.4768
MEM 710.000000 1567450849.5773
CHLD 0 601.039062 1567450849.5994
CHLD 1 601.046875 1567450849.5995
CHLD 2 601.046875 1567450849.5996
CHLD 3 601.050781 1567450849.5996
CHLD 4 641.906250 1567450849.5997
CHLD 5 641.925781 1567450849.5998
CHLD 6 641.648438 1567450849.5998
CHLD 7 641.203125 1567450849.5999
CHLD 8 601.167969 1567450849.5999
CHLD 9 601.167969 1567450849.6000
CHLD 10 601.171875 1567450849.6001
CHLD 11 601.171875 1567450849.6001
CHLD 12 601.171875 1567450849.6002
CHLD 13 601.171875 1567450849.6002
CHLD 14 601.175781 1567450849.6003
CHLD 15 601.175781 1567450849.6004
CHLD 16 10.867188 1567450849.6004
CHLD 17 10.890625 1567450849.6005
CHLD 18 10.859375 1567450849.6005
CHLD 19 10.898438 1567450849.6006
MEM 710.000000 1567450849.7010
CHLD 0 601.039062 1567450849.7314
CHLD 1 601.046875 1567450849.7315
CHLD 2 601.046875 1567450849.7315
CHLD 3 601.050781 1567450849.7316
CHLD 4 642.218750 1567450849.7316
CHLD 5 642.257812 1567450849.7317
CHLD 6 641.976562 1567450849.7317
CHLD 7 641.648438 1567450849.7318
CHLD 8 601.167969 1567450849.7318
CHLD 9 601.167969 1567450849.7319
CHLD 10 601.171875 1567450849.7319
CHLD 11 601.171875 1567450849.7320
CHLD 12 601.171875 1567450849.7321
CHLD 13 601.171875 1567450849.7321
CHLD 14 601.175781 1567450849.7322
CHLD 15 601.175781 1567450849.7322
CHLD 16 10.867188 1567450849.7323
CHLD 17 10.890625 1567450849.7323
CHLD 18 10.859375 1567450849.7324
CHLD 19 10.898438 1567450849.7324
MEM 710.000000 1567450849.8339
CHLD 0 601.039062 1567450849.8699
CHLD 1 601.046875 1567450849.8699
CHLD 2 601.046875 1567450849.8700
CHLD 3 601.050781 1567450849.8700
CHLD 4 642.527344 1567450849.8701
CHLD 5 642.414062 1567450849.8701
CHLD 6 642.312500 1567450849.8702
CHLD 7 641.945312 1567450849.8703
CHLD 8 601.167969 1567450849.8704
CHLD 9 601.167969 1567450849.8704
CHLD 10 601.171875 1567450849.8705
CHLD 11 601.171875 1567450849.8706
CHLD 12 601.171875 1567450849.8706
CHLD 13 601.171875 1567450849.8707
CHLD 14 601.175781 1567450849.8707
CHLD 15 601.175781 1567450849.8708
CHLD 16 10.867188 1567450849.8709
CHLD 17 10.890625 1567450849.8709
CHLD 18 10.859375 1567450849.8710
CHLD 19 10.898438 1567450849.8710
MEM 710.000000 1567450849.9715
CHLD 0 601.039062 1567450849.9906
CHLD 1 601.046875 1567450849.9906
CHLD 2 601.046875 1567450849.9907
CHLD 3 601.050781 1567450849.9908
CHLD 4 643.253906 1567450849.9908
CHLD 5 642.730469 1567450849.9909
CHLD 6 642.476562 1567450849.9909
CHLD 7 642.277344 1567450849.9910
CHLD 8 601.167969 1567450849.9910
CHLD 9 601.167969 1567450849.9911
CHLD 10 601.171875 1567450849.9911
CHLD 11 601.171875 1567450849.9912
CHLD 12 601.171875 1567450849.9913
CHLD 13 601.171875 1567450849.9913
CHLD 14 601.175781 1567450849.9914
CHLD 15 601.175781 1567450849.9914
CHLD 16 10.867188 1567450849.9915
CHLD 17 10.890625 1567450849.9915
CHLD 18 10.859375 1567450849.9916
CHLD 19 10.898438 1567450849.9916
MEM 710.000000 1567450850.0921
CHLD 0 601.039062 1567450850.1266
CHLD 1 601.046875 1567450850.1267
CHLD 2 601.046875 1567450850.1268
CHLD 3 601.050781 1567450850.1268
CHLD 4 650.500000 1567450850.1269
CHLD 5 643.066406 1567450850.1269
CHLD 6 642.648438 1567450850.1270
CHLD 7 642.527344 1567450850.1270
CHLD 8 601.167969 1567450850.1271
CHLD 9 601.167969 1567450850.1272
CHLD 10 601.171875 1567450850.1272
CHLD 11 601.171875 1567450850.1273
CHLD 12 601.171875 1567450850.1273
CHLD 13 601.171875 1567450850.1274
CHLD 14 601.175781 1567450850.1274
CHLD 15 601.175781 1567450850.1275
CHLD 16 10.867188 1567450850.1276
CHLD 17 10.890625 1567450850.1276
CHLD 18 10.859375 1567450850.1277
CHLD 19 10.898438 1567450850.1277
MEM 710.000000 1567450850.2282
CHLD 0 601.039062 1567450850.2420
CHLD 1 601.046875 1567450850.2420
CHLD 2 601.046875 1567450850.2421
CHLD 3 601.050781 1567450850.2421
CHLD 4 654.167969 1567450850.2422
CHLD 5 643.242188 1567450850.2503
CHLD 6 642.898438 1567450850.2504
CHLD 7 642.687500 1567450850.2505
CHLD 8 601.167969 1567450850.2506
CHLD 9 601.167969 1567450850.2506
CHLD 10 601.171875 1567450850.2507
CHLD 11 601.171875 1567450850.2507
CHLD 12 601.171875 1567450850.2508
CHLD 13 601.171875 1567450850.2508
CHLD 14 601.175781 1567450850.2509
CHLD 15 601.175781 1567450850.2509
CHLD 16 10.867188 1567450850.2510
CHLD 17 10.890625 1567450850.2511
CHLD 18 10.859375 1567450850.2511
CHLD 19 10.898438 1567450850.2512
MEM 710.000000 1567450850.3516
CHLD 0 601.039062 1567450850.3725
CHLD 1 601.046875 1567450850.3726
CHLD 2 601.046875 1567450850.3726
CHLD 3 601.050781 1567450850.3727
CHLD 4 654.964844 1567450850.3728
CHLD 5 644.828125 1567450850.3728
CHLD 6 643.800781 1567450850.3729
CHLD 7 642.777344 1567450850.3729
CHLD 8 601.167969 1567450850.3730
CHLD 9 601.167969 1567450850.3784
CHLD 10 601.171875 1567450850.3784
CHLD 11 601.171875 1567450850.3785
CHLD 12 601.171875 1567450850.3786
CHLD 13 601.171875 1567450850.3786
CHLD 14 601.175781 1567450850.3787
CHLD 15 601.175781 1567450850.3787
CHLD 16 10.867188 1567450850.3788
CHLD 17 10.890625 1567450850.3788
CHLD 18 10.859375 1567450850.3789
CHLD 19 10.898438 1567450850.3789
MEM 710.000000 1567450850.4793
CHLD 0 601.039062 1567450850.5260
CHLD 1 601.046875 1567450850.5261
CHLD 2 601.046875 1567450850.5262
CHLD 3 601.050781 1567450850.5262
CHLD 4 655.171875 1567450850.5263
CHLD 5 650.878906 1567450850.5263
CHLD 6 650.957031 1567450850.5264
CHLD 7 642.941406 1567450850.5265
CHLD 8 601.167969 1567450850.5265
CHLD 9 601.167969 1567450850.5266
CHLD 10 601.171875 1567450850.5266
CHLD 11 601.171875 1567450850.5267
CHLD 12 601.171875 1567450850.5267
CHLD 13 601.171875 1567450850.5268
CHLD 14 601.175781 1567450850.5268
CHLD 15 601.175781 1567450850.5269
CHLD 16 10.867188 1567450850.5269
CHLD 17 10.890625 1567450850.5270
CHLD 18 10.859375 1567450850.5271
CHLD 19 10.898438 1567450850.5271
MEM 710.000000 1567450850.6386
CHLD 0 601.039062 1567450850.7123
CHLD 1 601.046875 1567450850.7124
CHLD 2 601.046875 1567450850.7124
CHLD 3 601.050781 1567450850.7125
CHLD 4 655.171875 1567450850.7125
CHLD 5 653.023438 1567450850.7126
CHLD 6 654.574219 1567450850.7127
CHLD 7 643.437500 1567450850.7127
CHLD 8 601.167969 1567450850.7128
CHLD 9 601.167969 1567450850.7128
CHLD 10 601.171875 1567450850.7129
CHLD 11 601.171875 1567450850.7129
CHLD 12 601.171875 1567450850.7130
CHLD 13 601.171875 1567450850.7130
CHLD 14 601.175781 1567450850.7131
CHLD 15 601.175781 1567450850.7131
CHLD 16 10.867188 1567450850.7132
CHLD 17 10.890625 1567450850.7133
CHLD 18 10.859375 1567450850.7133
CHLD 19 10.898438 1567450850.7134
MEM 710.000000 1567450850.8138
CHLD 0 601.039062 1567450850.8273
CHLD 1 601.046875 1567450850.8274
CHLD 2 601.046875 1567450850.8274
CHLD 3 601.050781 1567450850.8275
CHLD 4 655.453125 1567450850.8276
CHLD 5 655.062500 1567450850.8276
CHLD 6 655.730469 1567450850.8277
CHLD 7 643.621094 1567450850.8277
CHLD 8 601.167969 1567450850.8278
CHLD 9 601.167969 1567450850.8278
CHLD 10 601.171875 1567450850.8279
CHLD 11 601.171875 1567450850.8279
CHLD 12 601.171875 1567450850.8280
CHLD 13 601.171875 1567450850.8280
CHLD 14 601.175781 1567450850.8281
CHLD 15 601.175781 1567450850.8281
CHLD 16 10.867188 1567450850.8282
CHLD 17 10.890625 1567450850.8282
CHLD 18 10.859375 1567450850.8283
CHLD 19 10.898438 1567450850.8284
MEM 710.000000 1567450850.9288
CHLD 0 601.039062 1567450850.9710
CHLD 1 601.046875 1567450850.9710
CHLD 2 601.046875 1567450850.9711
CHLD 3 601.050781 1567450850.9712
CHLD 4 655.453125 1567450850.9712
CHLD 5 655.460938 1567450850.9713
CHLD 6 655.835938 1567450850.9713
CHLD 7 643.804688 1567450850.9714
CHLD 8 601.167969 1567450850.9714
CHLD 9 601.167969 1567450850.9715
CHLD 10 601.171875 1567450850.9715
CHLD 11 601.171875 1567450850.9716
CHLD 12 601.171875 1567450850.9717
CHLD 13 601.171875 1567450850.9717
CHLD 14 601.175781 1567450850.9718
CHLD 15 601.175781 1567450850.9718
CHLD 16 10.867188 1567450850.9719
CHLD 17 10.890625 1567450850.9719
CHLD 18 10.859375 1567450850.9720
CHLD 19 10.898438 1567450850.9721
MEM 710.000000 1567450851.0725
CHLD 0 601.039062 1567450851.0961
CHLD 1 601.046875 1567450851.0962
CHLD 2 601.046875 1567450851.0963
CHLD 3 601.050781 1567450851.0963
CHLD 4 655.453125 1567450851.0964
CHLD 5 657.464844 1567450851.0964
CHLD 6 655.835938 1567450851.0965
CHLD 7 643.804688 1567450851.0966
CHLD 8 601.167969 1567450851.0966
CHLD 9 601.167969 1567450851.0967
CHLD 10 601.171875 1567450851.0967
CHLD 11 601.171875 1567450851.0968
CHLD 12 601.171875 1567450851.0969
CHLD 13 601.171875 1567450851.0969
CHLD 14 601.175781 1567450851.0970
CHLD 15 601.175781 1567450851.0971
CHLD 16 10.867188 1567450851.0971
CHLD 17 10.890625 1567450851.0972
CHLD 18 10.859375 1567450851.0972
CHLD 19 10.898438 1567450851.0973
MEM 710.000000 1567450851.1977
CHLD 0 601.039062 1567450851.2266
CHLD 1 601.046875 1567450851.2267
CHLD 2 601.046875 1567450851.2267
CHLD 3 601.050781 1567450851.2268
CHLD 4 657.496094 1567450851.2268
CHLD 5 657.925781 1567450851.2269
CHLD 6 657.550781 1567450851.2270
CHLD 7 644.175781 1567450851.2270
CHLD 8 601.167969 1567450851.2271
CHLD 9 601.167969 1567450851.2271
CHLD 10 601.171875 1567450851.2272
CHLD 11 601.171875 1567450851.2272
CHLD 12 601.171875 1567450851.2273
CHLD 13 601.171875 1567450851.2273
CHLD 14 601.175781 1567450851.2274
CHLD 15 601.175781 1567450851.2274
CHLD 16 10.867188 1567450851.2275
CHLD 17 10.890625 1567450851.2276
CHLD 18 10.859375 1567450851.2276
CHLD 19 10.898438 1567450851.2277
MEM 710.000000 1567450851.3281
CHLD 0 601.039062 1567450851.4096
CHLD 1 601.046875 1567450851.4096
CHLD 2 601.046875 1567450851.4097
CHLD 3 601.050781 1567450851.4097
CHLD 4 661.835938 1567450851.4098
CHLD 5 663.035156 1567450851.4099
CHLD 6 662.531250 1567450851.4099
CHLD 7 644.691406 1567450851.4100
CHLD 8 601.167969 1567450851.4100
CHLD 9 601.167969 1567450851.4101
CHLD 10 601.171875 1567450851.4101
CHLD 11 601.171875 1567450851.4102
CHLD 12 601.171875 1567450851.4102
CHLD 13 601.171875 1567450851.4480
CHLD 14 601.175781 1567450851.4481
CHLD 15 601.175781 1567450851.4482
CHLD 16 10.867188 1567450851.4483
CHLD 17 10.890625 1567450851.4483
CHLD 18 10.859375 1567450851.4484
CHLD 19 10.898438 1567450851.4484
MEM 710.000000 1567450851.5489
CHLD 0 601.039062 1567450851.5677
CHLD 1 601.046875 1567450851.5678
CHLD 2 601.046875 1567450851.5678
CHLD 3 601.050781 1567450851.5679
CHLD 4 662.093750 1567450851.5679
CHLD 5 663.808594 1567450851.5680
CHLD 6 662.531250 1567450851.5681
CHLD 7 645.210938 1567450851.5681
CHLD 8 601.167969 1567450851.5682
CHLD 9 601.167969 1567450851.5682
CHLD 10 601.171875 1567450851.5683
CHLD 11 601.171875 1567450851.5683
CHLD 12 601.171875 1567450851.5684
CHLD 13 601.171875 1567450851.5684
CHLD 14 601.175781 1567450851.5685
CHLD 15 601.175781 1567450851.5685
CHLD 16 10.867188 1567450851.5686
CHLD 17 10.890625 1567450851.5687
CHLD 18 10.859375 1567450851.5687
CHLD 19 10.898438 1567450851.5688
MEM 710.000000 1567450851.6692
CHLD 0 601.039062 1567450851.7180
CHLD 1 601.046875 1567450851.7181
CHLD 2 601.046875 1567450851.7181
CHLD 3 601.050781 1567450851.7182
CHLD 4 662.351562 1567450851.7182
CHLD 5 663.808594 1567450851.7318
CHLD 6 662.531250 1567450851.7319
CHLD 7 645.390625 1567450851.7320
CHLD 8 601.167969 1567450851.7321
CHLD 9 601.167969 1567450851.7321
CHLD 10 601.171875 1567450851.7322
CHLD 11 601.171875 1567450851.7322
CHLD 12 601.171875 1567450851.7323
CHLD 13 601.171875 1567450851.7324
CHLD 14 601.175781 1567450851.7324
CHLD 15 601.175781 1567450851.7325
CHLD 16 10.867188 1567450851.7325
CHLD 17 10.890625 1567450851.7326
CHLD 18 10.859375 1567450851.7327
CHLD 19 10.898438 1567450851.7327
MEM 710.000000 1567450851.8332
CHLD 0 601.039062 1567450851.8502
CHLD 1 601.046875 1567450851.8689
CHLD 2 601.046875 1567450851.8690
CHLD 3 601.050781 1567450851.8692
CHLD 4 662.351562 1567450851.8704
CHLD 5 663.808594 1567450851.8704
CHLD 6 662.531250 1567450851.8705
CHLD 7 645.574219 1567450851.8706
CHLD 8 601.167969 1567450851.8706
CHLD 9 601.167969 1567450851.8707
CHLD 10 601.171875 1567450851.8708
CHLD 11 601.171875 1567450851.8708
CHLD 12 601.171875 1567450851.8709
CHLD 13 601.171875 1567450851.8710
CHLD 14 601.175781 1567450851.8710
CHLD 15 601.175781 1567450851.8711
CHLD 16 10.867188 1567450851.8711
CHLD 17 10.890625 1567450851.8712
CHLD 18 10.859375 1567450851.8713
CHLD 19 10.898438 1567450851.8713
MEM 710.000000 1567450851.9718
CHLD 0 601.039062 1567450851.9942
CHLD 1 601.046875 1567450851.9943
CHLD 2 601.046875 1567450851.9944
CHLD 3 601.050781 1567450851.9944
CHLD 4 662.351562 1567450851.9945
CHLD 5 663.808594 1567450851.9945
CHLD 6 662.531250 1567450851.9946
CHLD 7 645.937500 1567450851.9947
CHLD 8 601.167969 1567450851.9947
CHLD 9 601.167969 1567450851.9948
CHLD 10 601.171875 1567450851.9948
CHLD 11 601.171875 1567450851.9949
CHLD 12 601.171875 1567450851.9949
CHLD 13 601.171875 1567450851.9950
CHLD 14 601.175781 1567450851.9951
CHLD 15 601.175781 1567450851.9951
CHLD 16 10.867188 1567450851.9952
CHLD 17 10.890625 1567450851.9952
CHLD 18 10.859375 1567450852.0064
CHLD 19 10.898438 1567450852.0065
MEM 710.000000 1567450852.1100
CHLD 0 601.039062 1567450852.1631
CHLD 1 601.046875 1567450852.1631
CHLD 2 601.046875 1567450852.1632
CHLD 3 601.050781 1567450852.1632
CHLD 4 662.351562 1567450852.1633
CHLD 5 668.062500 1567450852.1634
CHLD 6 662.531250 1567450852.1634
CHLD 7 651.316406 1567450852.1635
CHLD 8 601.167969 1567450852.1635
CHLD 9 601.167969 1567450852.1636
CHLD 10 601.171875 1567450852.1636
CHLD 11 601.171875 1567450852.1637
CHLD 12 601.171875 1567450852.1637
CHLD 13 601.171875 1567450852.1638
CHLD 14 601.175781 1567450852.1638
CHLD 15 601.175781 1567450852.1639
CHLD 16 10.867188 1567450852.1639
CHLD 17 10.890625 1567450852.1640
CHLD 18 10.859375 1567450852.1640
CHLD 19 10.898438 1567450852.1641
MEM 710.000000 1567450852.2645
CHLD 0 601.039062 1567450852.2858
CHLD 1 601.046875 1567450852.2859
CHLD 2 601.046875 1567450852.2860
CHLD 3 601.050781 1567450852.2860
CHLD 4 662.609375 1567450852.2861
CHLD 5 692.511719 1567450852.2861
CHLD 6 670.304688 1567450852.2862
CHLD 7 653.601562 1567450852.2862
CHLD 8 601.167969 1567450852.3014
CHLD 9 601.167969 1567450852.3015
CHLD 10 601.171875 1567450852.3016
CHLD 11 601.171875 1567450852.3016
CHLD 12 601.171875 1567450852.3017
CHLD 13 601.171875 1567450852.3017
CHLD 14 601.175781 1567450852.3018
CHLD 15 601.175781 1567450852.3019
CHLD 16 10.867188 1567450852.3019
CHLD 17 10.890625 1567450852.3020
CHLD 18 10.859375 1567450852.3020
CHLD 19 10.898438 1567450852.3021
MEM 710.000000 1567450852.4025
CHLD 0 601.039062 1567450852.4411
CHLD 1 601.046875 1567450852.4411
CHLD 2 601.046875 1567450852.4412
CHLD 3 601.050781 1567450852.4413
CHLD 4 662.609375 1567450852.4413
CHLD 5 700.808594 1567450852.4414
CHLD 6 693.984375 1567450852.4415
CHLD 7 655.507812 1567450852.4415
CHLD 8 601.167969 1567450852.4416
CHLD 9 601.167969 1567450852.4416
CHLD 10 601.171875 1567450852.4417
CHLD 11 601.171875 1567450852.4418
CHLD 12 601.171875 1567450852.4418
CHLD 13 601.171875 1567450852.4419
CHLD 14 601.175781 1567450852.4419
CHLD 15 601.175781 1567450852.4420
CHLD 16 10.867188 1567450852.4421
CHLD 17 10.890625 1567450852.4421
CHLD 18 10.859375 1567450852.4422
CHLD 19 10.898438 1567450852.4422
MEM 710.000000 1567450852.5427
CHLD 0 601.039062 1567450852.5968
CHLD 1 601.046875 1567450852.5969
CHLD 2 601.046875 1567450852.5969
CHLD 3 601.050781 1567450852.5970
CHLD 4 662.609375 1567450852.5971
CHLD 5 704.675781 1567450852.5971
CHLD 6 702.539062 1567450852.5972
CHLD 7 655.695312 1567450852.5973
CHLD 8 601.167969 1567450852.5973
CHLD 9 601.167969 1567450852.5974
CHLD 10 601.171875 1567450852.5974
CHLD 11 601.171875 1567450852.5975
CHLD 12 601.171875 1567450852.5976
CHLD 13 601.171875 1567450852.5976
CHLD 14 601.175781 1567450852.5977
CHLD 15 601.175781 1567450852.5977
CHLD 16 10.867188 1567450852.5978
CHLD 17 10.890625 1567450852.5979
CHLD 18 10.859375 1567450852.5979
CHLD 19 10.898438 1567450852.5980
MEM 710.000000 1567450852.6986
CHLD 0 601.039062 1567450852.7131
CHLD 1 601.046875 1567450852.7132
CHLD 2 601.046875 1567450852.7132
CHLD 3 601.050781 1567450852.7133
CHLD 4 662.609375 1567450852.7133
CHLD 5 704.675781 1567450852.7134
CHLD 6 706.664062 1567450852.7135
CHLD 7 657.933594 1567450852.7135
CHLD 8 601.167969 1567450852.7136
CHLD 9 601.167969 1567450852.7136
CHLD 10 601.171875 1567450852.7137
CHLD 11 601.171875 1567450852.7137
CHLD 12 601.171875 1567450852.7138
CHLD 13 601.171875 1567450852.7139
CHLD 14 601.175781 1567450852.7139
CHLD 15 601.175781 1567450852.7140
CHLD 16 10.867188 1567450852.7140
CHLD 17 10.890625 1567450852.7141
CHLD 18 10.859375 1567450852.7142
CHLD 19 10.898438 1567450852.7142
MEM 710.000000 1567450852.8155
CHLD 0 601.039062 1567450852.8302
CHLD 1 601.046875 1567450852.8302
CHLD 2 601.046875 1567450852.8589
CHLD 3 601.050781 1567450852.8590
CHLD 4 662.609375 1567450852.8591
CHLD 5 706.738281 1567450852.8591
CHLD 6 709.757812 1567450852.8592
CHLD 7 658.027344 1567450852.8593
CHLD 8 601.167969 1567450852.8593
CHLD 9 601.167969 1567450852.8594
CHLD 10 601.171875 1567450852.8595
CHLD 11 601.171875 1567450852.8596
CHLD 12 601.171875 1567450852.8597
CHLD 13 601.171875 1567450852.8597
CHLD 14 601.175781 1567450852.8598
CHLD 15 601.175781 1567450852.8599
CHLD 16 10.867188 1567450852.8599
CHLD 17 10.890625 1567450852.8600
CHLD 18 10.859375 1567450852.8601
CHLD 19 10.898438 1567450852.8602
MEM 710.000000 1567450852.9671
CHLD 0 601.039062 1567450853.0957
CHLD 1 601.046875 1567450853.0958
CHLD 2 601.046875 1567450853.0959
CHLD 3 601.050781 1567450853.0960
CHLD 4 662.609375 1567450853.0960
CHLD 5 713.441406 1567450853.0961
CHLD 6 711.820312 1567450853.0962
CHLD 7 658.132812 1567450853.0962
CHLD 8 601.167969 1567450853.0963
CHLD 9 601.167969 1567450853.0964
CHLD 10 601.171875 1567450853.0964
CHLD 11 601.171875 1567450853.0965
CHLD 12 601.171875 1567450853.0966
CHLD 13 601.171875 1567450853.0966
CHLD 14 601.175781 1567450853.0967
CHLD 15 601.175781 1567450853.0968
CHLD 16 10.867188 1567450853.0968
CHLD 17 10.890625 1567450853.0969
CHLD 18 10.859375 1567450853.0970
CHLD 19 10.898438 1567450853.0970
MEM 710.000000 1567450853.1974
CHLD 0 601.039062 1567450853.2577
CHLD 1 601.046875 1567450853.2578
CHLD 2 601.046875 1567450853.2578
CHLD 3 601.050781 1567450853.2579
CHLD 4 662.609375 1567450853.2580
CHLD 5 717.324219 1567450853.2580
CHLD 6 714.656250 1567450853.2581
CHLD 7 658.132812 1567450853.2582
CHLD 8 601.167969 1567450853.2582
CHLD 9 601.167969 1567450853.2583
CHLD 10 601.171875 1567450853.2584
CHLD 11 601.171875 1567450853.2584
CHLD 12 601.171875 1567450853.2585
CHLD 13 601.171875 1567450853.2585
CHLD 14 601.175781 1567450853.2586
CHLD 15 601.175781 1567450853.2587
CHLD 16 10.867188 1567450853.2587
CHLD 17 10.890625 1567450853.2588
CHLD 18 10.859375 1567450853.2588
CHLD 19 10.898438 1567450853.2589
MEM 710.000000 1567450853.3595
CHLD 0 601.039062 1567450853.3778
CHLD 1 601.046875 1567450853.3779
CHLD 2 601.046875 1567450853.3780
CHLD 3 601.050781 1567450853.3780
CHLD 4 662.609375 1567450853.3781
CHLD 5 717.324219 1567450853.3781
CHLD 6 714.914062 1567450853.3782
CHLD 7 658.132812 1567450853.4183
CHLD 8 601.167969 1567450853.4185
CHLD 9 601.167969 1567450853.4185
CHLD 10 601.171875 1567450853.4186
CHLD 11 601.171875 1567450853.4187
CHLD 12 601.171875 1567450853.4187
CHLD 13 601.171875 1567450853.4188
CHLD 14 601.175781 1567450853.4188
CHLD 15 601.175781 1567450853.4189
CHLD 16 10.867188 1567450853.4189
CHLD 17 10.890625 1567450853.4190
CHLD 18 10.859375 1567450853.4191
CHLD 19 10.898438 1567450853.4191
MEM 710.000000 1567450853.5195
CHLD 0 601.039062 1567450853.5443
CHLD 1 601.046875 1567450853.5443
CHLD 2 601.046875 1567450853.5444
CHLD 3 601.050781 1567450853.5445
CHLD 4 662.867188 1567450853.5446
CHLD 5 717.324219 1567450853.5447
CHLD 6 714.914062 1567450853.5448
CHLD 7 658.132812 1567450853.5449
CHLD 8 601.167969 1567450853.5450
CHLD 9 601.167969 1567450853.5451
CHLD 10 601.171875 1567450853.5452
CHLD 11 601.171875 1567450853.5453
CHLD 12 601.171875 1567450853.5454
CHLD 13 601.171875 1567450853.5455
CHLD 14 601.175781 1567450853.5456
CHLD 15 601.175781 1567450853.5457
CHLD 16 10.867188 1567450853.5457
CHLD 17 10.890625 1567450853.5458
CHLD 18 10.859375 1567450853.5459
CHLD 19 10.898438 1567450853.5459
MEM 710.000000 1567450853.6464
CHLD 0 601.039062 1567450853.6753
CHLD 1 601.046875 1567450853.6753
CHLD 2 601.046875 1567450853.6754
CHLD 3 601.050781 1567450853.6755
CHLD 4 662.867188 1567450853.6755
CHLD 5 717.324219 1567450853.6756
CHLD 6 716.976562 1567450853.6757
CHLD 7 658.277344 1567450853.6758
CHLD 8 601.167969 1567450853.6758
CHLD 9 601.167969 1567450853.6759
CHLD 10 601.171875 1567450853.6760
CHLD 11 601.171875 1567450853.6761
CHLD 12 601.171875 1567450853.6762
CHLD 13 601.171875 1567450853.6762
CHLD 14 601.175781 1567450853.6763
CHLD 15 601.175781 1567450853.6763
CHLD 16 10.867188 1567450853.6764
CHLD 17 10.890625 1567450853.6765
CHLD 18 10.859375 1567450853.6766
CHLD 19 10.898438 1567450853.6766
MEM 710.000000 1567450853.7772
CHLD 0 601.039062 1567450853.8101
CHLD 1 601.046875 1567450853.8102
CHLD 2 601.046875 1567450853.8304
CHLD 3 601.050781 1567450853.8305
CHLD 4 662.867188 1567450853.8306
CHLD 5 717.324219 1567450853.8307
CHLD 6 717.234375 1567450853.8307
CHLD 7 658.277344 1567450853.8311
CHLD 8 601.167969 1567450853.8311
CHLD 9 601.167969 1567450853.8312
CHLD 10 601.171875 1567450853.8312
CHLD 11 601.171875 1567450853.8313
CHLD 12 601.171875 1567450853.8314
CHLD 13 601.171875 1567450853.8314
CHLD 14 601.175781 1567450853.8315
CHLD 15 601.175781 1567450853.8315
CHLD 16 10.867188 1567450853.8316
CHLD 17 10.890625 1567450853.8317
CHLD 18 10.859375 1567450853.8317
CHLD 19 10.898438 1567450853.8318
MEM 710.000000 1567450853.9323
CHLD 0 601.039062 1567450853.9790
CHLD 1 601.046875 1567450853.9791
CHLD 2 601.046875 1567450853.9791
CHLD 3 601.050781 1567450853.9792
CHLD 4 662.867188 1567450853.9792
CHLD 5 719.386719 1567450853.9793
CHLD 6 719.773438 1567450853.9793
CHLD 7 658.277344 1567450853.9794
CHLD 8 601.167969 1567450853.9794
CHLD 9 601.167969 1567450853.9795
CHLD 10 601.171875 1567450853.9796
CHLD 11 601.171875 1567450853.9796
CHLD 12 601.171875 1567450853.9797
CHLD 13 601.171875 1567450853.9797
CHLD 14 601.175781 1567450853.9798
CHLD 15 601.175781 1567450853.9798
CHLD 16 10.867188 1567450853.9799
CHLD 17 10.890625 1567450853.9799
CHLD 18 10.859375 1567450853.9800
CHLD 19 10.898438 1567450853.9800
MEM 710.000000 1567450854.0806
CHLD 0 601.039062 1567450854.1356
CHLD 1 601.046875 1567450854.1357
CHLD 2 601.046875 1567450854.1357
CHLD 3 601.050781 1567450854.1358
CHLD 4 662.867188 1567450854.1358
CHLD 5 719.386719 1567450854.1359
CHLD 6 719.773438 1567450854.1359
CHLD 7 658.277344 1567450854.1360
CHLD 8 601.167969 1567450854.1361
CHLD 9 601.167969 1567450854.1361
CHLD 10 601.171875 1567450854.1362
CHLD 11 601.171875 1567450854.1362
CHLD 12 601.171875 1567450854.1363
CHLD 13 601.171875 1567450854.1364
CHLD 14 601.175781 1567450854.1364
CHLD 15 601.175781 1567450854.1365
CHLD 16 10.867188 1567450854.1365
CHLD 17 10.890625 1567450854.1366
CHLD 18 10.859375 1567450854.1366
CHLD 19 10.898438 1567450854.1367
MEM 710.000000 1567450854.2372
CHLD 0 601.039062 1567450854.2771
CHLD 1 601.046875 1567450854.2772
CHLD 2 601.046875 1567450854.2773
CHLD 3 601.050781 1567450854.2773
CHLD 4 662.867188 1567450854.2774
CHLD 5 719.386719 1567450854.2774
CHLD 6 719.773438 1567450854.2775
CHLD 7 658.277344 1567450854.2775
CHLD 8 601.167969 1567450854.2776
CHLD 9 601.167969 1567450854.2776
CHLD 10 601.171875 1567450854.2777
CHLD 11 601.171875 1567450854.2777
CHLD 12 601.171875 1567450854.2778
CHLD 13 601.171875 1567450854.2778
CHLD 14 601.175781 1567450854.2779
CHLD 15 601.175781 1567450854.2780
CHLD 16 10.867188 1567450854.2780
CHLD 17 10.890625 1567450854.2781
CHLD 18 10.859375 1567450854.2781
CHLD 19 10.898438 1567450854.2782
MEM 710.000000 1567450854.3786
CHLD 0 601.039062 1567450854.4231
CHLD 1 601.046875 1567450854.4231
CHLD 2 601.046875 1567450854.4232
CHLD 3 601.050781 1567450854.4233
CHLD 4 662.867188 1567450854.4233
CHLD 5 719.386719 1567450854.4234
CHLD 6 719.773438 1567450854.4234
CHLD 7 658.277344 1567450854.4235
CHLD 8 601.167969 1567450854.4235
CHLD 9 601.167969 1567450854.4236
CHLD 10 601.171875 1567450854.4236
CHLD 11 601.171875 1567450854.4237
CHLD 12 601.171875 1567450854.4238
CHLD 13 601.171875 1567450854.4238
CHLD 14 601.175781 1567450854.4239
CHLD 15 601.175781 1567450854.4239
CHLD 16 10.867188 1567450854.4240
CHLD 17 10.890625 1567450854.4240
CHLD 18 10.859375 1567450854.4241
CHLD 19 10.898438 1567450854.4241
MEM 710.000000 1567450854.5246
CHLD 0 601.039062 1567450854.5700
CHLD 1 601.046875 1567450854.5701
CHLD 2 601.046875 1567450854.5702
CHLD 3 601.050781 1567450854.5702
CHLD 4 662.867188 1567450854.5703
CHLD 5 719.386719 1567450854.5703
CHLD 6 719.773438 1567450854.5704
CHLD 7 658.277344 1567450854.5704
CHLD 8 601.167969 1567450854.5705
CHLD 9 601.167969 1567450854.5706
CHLD 10 601.171875 1567450854.5706
CHLD 11 601.171875 1567450854.5707
CHLD 12 601.171875 1567450854.5708
CHLD 13 601.171875 1567450854.5708
CHLD 14 601.175781 1567450854.5709
CHLD 15 601.175781 1567450854.5709
CHLD 16 10.867188 1567450854.5710
CHLD 17 10.890625 1567450854.5711
CHLD 18 10.859375 1567450854.5711
CHLD 19 10.898438 1567450854.5712
MEM 710.000000 1567450854.6716
CHLD 0 601.039062 1567450854.7137
CHLD 1 601.046875 1567450854.7138
CHLD 2 601.046875 1567450854.7139
CHLD 3 601.050781 1567450854.7139
CHLD 4 662.867188 1567450854.7140
CHLD 5 723.769531 1567450854.7140
CHLD 6 722.609375 1567450854.7141
CHLD 7 658.277344 1567450854.7141
CHLD 8 601.167969 1567450854.7142
CHLD 9 601.167969 1567450854.7153
CHLD 10 601.171875 1567450854.7292
CHLD 11 601.171875 1567450854.7293
CHLD 12 601.171875 1567450854.7294
CHLD 13 601.171875 1567450854.7295
CHLD 14 601.175781 1567450854.7295
CHLD 15 601.175781 1567450854.7296
CHLD 16 10.867188 1567450854.7297
CHLD 17 10.890625 1567450854.7297
CHLD 18 10.859375 1567450854.7298
CHLD 19 10.898438 1567450854.7299
MEM 710.000000 1567450854.8303
CHLD 0 601.039062 1567450854.8625
CHLD 1 601.046875 1567450854.8626
CHLD 2 601.046875 1567450854.8626
CHLD 3 601.050781 1567450854.8627
CHLD 4 662.867188 1567450854.8627
CHLD 5 723.769531 1567450854.8628
CHLD 6 722.609375 1567450854.8629
CHLD 7 658.277344 1567450854.8629
CHLD 8 601.167969 1567450854.8630
CHLD 9 601.167969 1567450854.8631
CHLD 10 601.171875 1567450854.8631
CHLD 11 601.171875 1567450854.8632
CHLD 12 601.171875 1567450854.8632
CHLD 13 601.171875 1567450854.8633
CHLD 14 601.175781 1567450854.8634
CHLD 15 601.175781 1567450854.8634
CHLD 16 10.867188 1567450854.8635
CHLD 17 10.890625 1567450854.8635
CHLD 18 10.859375 1567450854.8636
CHLD 19 10.898438 1567450854.8637
MEM 710.000000 1567450854.9641
CHLD 0 601.039062 1567450854.9960
CHLD 1 601.046875 1567450854.9960
CHLD 2 601.046875 1567450854.9961
CHLD 3 601.050781 1567450854.9962
CHLD 4 662.867188 1567450854.9962
CHLD 5 723.769531 1567450854.9963
CHLD 6 722.609375 1567450854.9964
CHLD 7 659.468750 1567450854.9964
CHLD 8 601.167969 1567450854.9965
CHLD 9 601.167969 1567450854.9965
CHLD 10 601.171875 1567450854.9966
CHLD 11 601.171875 1567450854.9966
CHLD 12 601.171875 1567450854.9967
CHLD 13 601.171875 1567450854.9968
CHLD 14 601.175781 1567450854.9968
CHLD 15 601.175781 1567450854.9969
CHLD 16 10.867188 1567450854.9969
CHLD 17 10.890625 1567450854.9970
CHLD 18 10.859375 1567450854.9971
CHLD 19 10.898438 1567450854.9971
MEM 710.000000 1567450855.0976
CHLD 0 601.039062 1567450855.1466
CHLD 1 601.046875 1567450855.1467
CHLD 2 601.046875 1567450855.1467
CHLD 3 601.050781 1567450855.1468
CHLD 4 662.867188 1567450855.1468
CHLD 5 723.769531 1567450855.1469
CHLD 6 725.960938 1567450855.1469
CHLD 7 661.015625 1567450855.1470
CHLD 8 601.167969 1567450855.1470
CHLD 9 601.167969 1567450855.1471
CHLD 10 601.171875 1567450855.1471
CHLD 11 601.171875 1567450855.1472
CHLD 12 601.171875 1567450855.1473
CHLD 13 601.171875 1567450855.1473
CHLD 14 601.175781 1567450855.1474
CHLD 15 601.175781 1567450855.1474
CHLD 16 10.867188 1567450855.1475
CHLD 17 10.890625 1567450855.1475
CHLD 18 10.859375 1567450855.1476
CHLD 19 10.898438 1567450855.1476
MEM 710.000000 1567450855.2481
CHLD 0 601.039062 1567450855.2779
CHLD 1 601.046875 1567450855.2780
CHLD 2 601.046875 1567450855.2780
CHLD 3 601.050781 1567450855.2781
CHLD 4 662.867188 1567450855.2781
CHLD 5 723.769531 1567450855.2782
CHLD 6 725.960938 1567450855.2782
CHLD 7 661.015625 1567450855.2783
CHLD 8 601.167969 1567450855.2784
CHLD 9 601.167969 1567450855.2784
CHLD 10 601.171875 1567450855.2785
CHLD 11 601.171875 1567450855.2785
CHLD 12 601.171875 1567450855.2786
CHLD 13 601.171875 1567450855.2786
CHLD 14 601.175781 1567450855.2787
CHLD 15 601.175781 1567450855.2787
CHLD 16 10.867188 1567450855.2788
CHLD 17 10.890625 1567450855.2788
CHLD 18 10.859375 1567450855.2789
CHLD 19 10.898438 1567450855.2790
MEM 710.000000 1567450855.3812
CHLD 0 601.039062 1567450855.4252
CHLD 1 601.046875 1567450855.4253
CHLD 2 601.046875 1567450855.4254
CHLD 3 601.050781 1567450855.4254
CHLD 4 662.867188 1567450855.4255
CHLD 5 723.769531 1567450855.4255
CHLD 6 725.960938 1567450855.4256
CHLD 7 661.015625 1567450855.4257
CHLD 8 601.167969 1567450855.4257
CHLD 9 601.167969 1567450855.4258
CHLD 10 601.171875 1567450855.4258
CHLD 11 601.171875 1567450855.4259
CHLD 12 601.171875 1567450855.4259
CHLD 13 601.171875 1567450855.4260
CHLD 14 601.175781 1567450855.4260
CHLD 15 601.175781 1567450855.4261
CHLD 16 10.867188 1567450855.4690
CHLD 17 10.890625 1567450855.4691
CHLD 18 10.859375 1567450855.4692
CHLD 19 10.898438 1567450855.4692
MEM 710.000000 1567450855.5706
CHLD 0 601.039062 1567450855.6926
CHLD 1 601.046875 1567450855.6926
CHLD 2 601.046875 1567450855.6927
CHLD 3 601.050781 1567450855.6927
CHLD 4 662.867188 1567450855.6928
CHLD 5 723.769531 1567450855.6928
CHLD 6 726.992188 1567450855.6929
CHLD 7 661.015625 1567450855.6929
CHLD 8 601.167969 1567450855.6930
CHLD 9 601.167969 1567450855.6930
CHLD 10 601.171875 1567450855.6931
CHLD 11 601.171875 1567450855.6932
CHLD 12 601.171875 1567450855.6932
CHLD 13 601.171875 1567450855.6933
CHLD 14 601.175781 1567450855.6933
CHLD 15 601.175781 1567450855.6934
CHLD 16 10.867188 1567450855.6934
CHLD 17 10.890625 1567450855.6935
CHLD 18 10.859375 1567450855.6935
CHLD 19 10.898438 1567450855.6936
MEM 710.000000 1567450855.7956
CHLD 0 601.039062 1567450855.8343
CHLD 1 601.046875 1567450855.8343
CHLD 2 601.046875 1567450855.8344
CHLD 3 601.050781 1567450855.8344
CHLD 4 662.867188 1567450855.8345
CHLD 5 723.769531 1567450855.8346
CHLD 6 726.992188 1567450855.8346
CHLD 7 661.015625 1567450855.8347
CHLD 8 601.167969 1567450855.8347
CHLD 9 601.167969 1567450855.8348
CHLD 10 601.171875 1567450855.8349
CHLD 11 601.171875 1567450855.8349
CHLD 12 601.171875 1567450855.8350
CHLD 13 601.171875 1567450855.8350
CHLD 14 601.175781 1567450855.8351
CHLD 15 601.175781 1567450855.8352
CHLD 16 10.867188 1567450855.8352
CHLD 17 10.890625 1567450855.8353
CHLD 18 10.859375 1567450855.8353
CHLD 19 10.898438 1567450855.8354
MEM 710.000000 1567450855.9362
CHLD 0 601.039062 1567450855.9621
CHLD 1 601.046875 1567450855.9621
CHLD 2 601.046875 1567450855.9622
CHLD 3 601.050781 1567450855.9622
CHLD 4 662.867188 1567450855.9822
CHLD 5 723.769531 1567450855.9823
CHLD 6 726.992188 1567450855.9824
CHLD 7 661.015625 1567450855.9825
CHLD 8 601.167969 1567450855.9826
CHLD 9 601.167969 1567450855.9827
CHLD 10 601.171875 1567450855.9827
CHLD 11 601.171875 1567450855.9828
CHLD 12 601.171875 1567450855.9829
CHLD 13 601.171875 1567450855.9830
CHLD 14 601.175781 1567450855.9830
CHLD 15 601.175781 1567450855.9831
CHLD 16 10.867188 1567450855.9832
CHLD 17 10.890625 1567450855.9833
CHLD 18 10.859375 1567450855.9834
CHLD 19 10.898438 1567450855.9834
MEM 710.000000 1567450856.0839
CHLD 0 601.039062 1567450856.1817
CHLD 1 601.046875 1567450856.1818
CHLD 2 601.046875 1567450856.1819
CHLD 3 601.050781 1567450856.1819
CHLD 4 662.867188 1567450856.1820
CHLD 5 723.769531 1567450856.1820
CHLD 6 726.992188 1567450856.1821
CHLD 7 661.015625 1567450856.1821
CHLD 8 601.167969 1567450856.1822
CHLD 9 601.167969 1567450856.1822
CHLD 10 601.171875 1567450856.1823
CHLD 11 601.171875 1567450856.1824
CHLD 12 601.171875 1567450856.1824
CHLD 13 601.171875 1567450856.1825
CHLD 14 601.175781 1567450856.1825
CHLD 15 601.175781 1567450856.1826
CHLD 16 10.867188 1567450856.1826
CHLD 17 10.890625 1567450856.1827
CHLD 18 10.859375 1567450856.1827
CHLD 19 10.898438 1567450856.1828
MEM 710.000000 1567450856.2832
CHLD 0 601.039062 1567450856.3106
CHLD 1 601.046875 1567450856.3106
CHLD 2 601.046875 1567450856.3107
CHLD 3 601.050781 1567450856.3108
CHLD 4 662.867188 1567450856.3108
CHLD 5 723.769531 1567450856.3109
CHLD 6 726.992188 1567450856.3109
CHLD 7 662.847656 1567450856.3110
CHLD 8 601.167969 1567450856.3110
CHLD 9 601.167969 1567450856.3111
CHLD 10 601.171875 1567450856.3112
CHLD 11 601.171875 1567450856.3112
CHLD 12 601.171875 1567450856.3113
CHLD 13 601.171875 1567450856.3113
CHLD 14 601.175781 1567450856.3114
CHLD 15 601.175781 1567450856.3114
CHLD 16 10.867188 1567450856.3115
CHLD 17 10.890625 1567450856.3115
CHLD 18 10.859375 1567450856.3116
CHLD 19 10.898438 1567450856.3117
MEM 710.000000 1567450856.4126
CHLD 0 601.039062 1567450856.4608
CHLD 1 601.046875 1567450856.4609
CHLD 2 601.046875 1567450856.4609
CHLD 3 601.050781 1567450856.4610
CHLD 4 662.867188 1567450856.4611
CHLD 5 723.769531 1567450856.4611
CHLD 6 728.023438 1567450856.4612
CHLD 7 672.652344 1567450856.4612
CHLD 8 601.167969 1567450856.4613
CHLD 9 601.167969 1567450856.4614
CHLD 10 601.171875 1567450856.4614
CHLD 11 601.171875 1567450856.4615
CHLD 12 601.171875 1567450856.4615
CHLD 13 601.171875 1567450856.4616
CHLD 14 601.175781 1567450856.4617
CHLD 15 601.175781 1567450856.4617
CHLD 16 10.867188 1567450856.4618
CHLD 17 10.890625 1567450856.4618
CHLD 18 10.859375 1567450856.4619
CHLD 19 10.898438 1567450856.4619
MEM 710.011719 1567450856.5624
CHLD 0 601.039062 1567450856.6191
CHLD 1 601.046875 1567450856.6192
CHLD 2 601.046875 1567450856.6192
CHLD 3 601.050781 1567450856.6193
CHLD 4 662.867188 1567450856.6194
CHLD 5 723.769531 1567450856.6194
CHLD 6 728.023438 1567450856.6195
CHLD 7 673.425781 1567450856.6195
CHLD 8 601.167969 1567450856.6196
CHLD 9 601.167969 1567450856.6197
CHLD 10 601.171875 1567450856.6197
CHLD 11 601.171875 1567450856.6198
CHLD 12 601.171875 1567450856.6198
CHLD 13 601.171875 1567450856.6199
CHLD 14 601.175781 1567450856.6199
CHLD 15 601.175781 1567450856.6200
CHLD 16 10.867188 1567450856.6200
CHLD 17 10.890625 1567450856.6201
CHLD 18 10.859375 1567450856.6202
CHLD 19 10.898438 1567450856.6202
MEM 710.011719 1567450856.7207
CHLD 0 601.039062 1567450856.7677
CHLD 1 601.046875 1567450856.7678
CHLD 2 601.046875 1567450856.7679
CHLD 3 601.050781 1567450856.7679
CHLD 4 662.867188 1567450856.7680
CHLD 5 723.769531 1567450856.7681
CHLD 6 728.023438 1567450856.7681
CHLD 7 673.941406 1567450856.7682
CHLD 8 601.167969 1567450856.7683
CHLD 9 601.167969 1567450856.7683
CHLD 10 601.171875 1567450856.7684
CHLD 11 601.171875 1567450856.7684
CHLD 12 601.171875 1567450856.7685
CHLD 13 601.171875 1567450856.7685
CHLD 14 601.175781 1567450856.7686
CHLD 15 601.175781 1567450856.7687
CHLD 16 10.867188 1567450856.7688
CHLD 17 10.890625 1567450856.7688
CHLD 18 10.859375 1567450856.7689
CHLD 19 10.898438 1567450856.7690
MEM 710.011719 1567450856.8694
CHLD 0 601.039062 1567450856.9124
CHLD 1 601.046875 1567450856.9125
CHLD 2 601.046875 1567450856.9125
CHLD 3 601.050781 1567450856.9126
CHLD 4 662.867188 1567450856.9126
CHLD 5 723.769531 1567450856.9127
CHLD 6 728.023438 1567450856.9127
CHLD 7 673.941406 1567450856.9128
CHLD 8 601.167969 1567450856.9128
CHLD 9 601.167969 1567450856.9129
CHLD 10 601.171875 1567450856.9130
CHLD 11 601.171875 1567450856.9130
CHLD 12 601.171875 1567450856.9131
CHLD 13 601.171875 1567450856.9131
CHLD 14 601.175781 1567450856.9132
CHLD 15 601.175781 1567450856.9132
CHLD 16 10.867188 1567450856.9133
CHLD 17 10.890625 1567450856.9134
CHLD 18 10.859375 1567450856.9134
CHLD 19 10.898438 1567450856.9135
MEM 710.011719 1567450857.0139
CHLD 0 601.039062 1567450857.0403
CHLD 1 601.046875 1567450857.0404
CHLD 2 601.046875 1567450857.0405
CHLD 3 601.050781 1567450857.0406
CHLD 4 662.867188 1567450857.0406
CHLD 5 723.769531 1567450857.0407
CHLD 6 728.023438 1567450857.0407
CHLD 7 673.941406 1567450857.0408
CHLD 8 601.167969 1567450857.0409
CHLD 9 601.167969 1567450857.0409
CHLD 10 601.171875 1567450857.0410
CHLD 11 601.171875 1567450857.0411
CHLD 12 601.171875 1567450857.0411
CHLD 13 601.171875 1567450857.0412
CHLD 14 601.175781 1567450857.0412
CHLD 15 601.175781 1567450857.0413
CHLD 16 10.867188 1567450857.0414
CHLD 17 10.890625 1567450857.0414
CHLD 18 10.859375 1567450857.0415
CHLD 19 10.898438 1567450857.0415
MEM 710.011719 1567450857.1420
CHLD 0 601.039062 1567450857.1688
CHLD 1 601.046875 1567450857.1689
CHLD 2 601.046875 1567450857.1689
CHLD 3 601.050781 1567450857.1690
CHLD 4 662.867188 1567450857.1691
CHLD 5 723.769531 1567450857.1691
CHLD 6 728.023438 1567450857.1692
CHLD 7 674.199219 1567450857.1692
CHLD 8 601.167969 1567450857.1693
CHLD 9 601.167969 1567450857.1693
CHLD 10 601.171875 1567450857.1694
CHLD 11 601.171875 1567450857.1695
CHLD 12 601.171875 1567450857.1695
CHLD 13 601.171875 1567450857.1696
CHLD 14 601.175781 1567450857.1697
CHLD 15 601.175781 1567450857.1697
CHLD 16 10.867188 1567450857.1698
CHLD 17 10.890625 1567450857.1698
CHLD 18 10.859375 1567450857.1699
CHLD 19 10.898438 1567450857.1700
MEM 710.011719 1567450857.2705
CHLD 0 601.039062 1567450857.3054
CHLD 1 601.046875 1567450857.3054
CHLD 2 601.046875 1567450857.3055
CHLD 3 601.050781 1567450857.3056
CHLD 4 662.867188 1567450857.3056
CHLD 5 723.769531 1567450857.3057
CHLD 6 730.085938 1567450857.3057
CHLD 7 674.972656 1567450857.3058
CHLD 8 601.167969 1567450857.3058
CHLD 9 601.167969 1567450857.3059
CHLD 10 601.171875 1567450857.3060
CHLD 11 601.171875 1567450857.3060
CHLD 12 601.171875 1567450857.3061
CHLD 13 601.171875 1567450857.3061
CHLD 14 601.175781 1567450857.3062
CHLD 15 601.175781 1567450857.3063
CHLD 16 10.867188 1567450857.3225
CHLD 17 10.890625 1567450857.3225
CHLD 18 10.859375 1567450857.3226
CHLD 19 10.898438 1567450857.3227
MEM 710.011719 1567450857.4232
CHLD 0 601.039062 1567450857.4681
CHLD 1 601.046875 1567450857.4681
CHLD 2 601.046875 1567450857.4682
CHLD 3 601.050781 1567450857.4683
CHLD 4 662.867188 1567450857.4683
CHLD 5 723.769531 1567450857.4684
CHLD 6 730.085938 1567450857.4684
CHLD 7 675.230469 1567450857.4685
CHLD 8 601.167969 1567450857.4685
CHLD 9 601.167969 1567450857.4686
CHLD 10 601.171875 1567450857.4686
CHLD 11 601.171875 1567450857.4687
CHLD 12 601.171875 1567450857.4687
CHLD 13 601.171875 1567450857.4688
CHLD 14 601.175781 1567450857.4689
CHLD 15 601.175781 1567450857.4689
CHLD 16 10.867188 1567450857.4690
CHLD 17 10.890625 1567450857.4690
CHLD 18 10.859375 1567450857.4691
CHLD 19 10.898438 1567450857.4691
MEM 710.011719 1567450857.5696
CHLD 0 601.039062 1567450857.5932
CHLD 1 601.046875 1567450857.5932
CHLD 2 601.046875 1567450857.5933
CHLD 3 601.050781 1567450857.5933
CHLD 4 662.867188 1567450857.5934
CHLD 5 723.769531 1567450857.5935
CHLD 6 730.085938 1567450857.5935
CHLD 7 675.746094 1567450857.5936
CHLD 8 601.167969 1567450857.5936
CHLD 9 601.167969 1567450857.5937
CHLD 10 601.171875 1567450857.5937
CHLD 11 601.171875 1567450857.5938
CHLD 12 601.171875 1567450857.5938
CHLD 13 601.171875 1567450857.5939
CHLD 14 601.175781 1567450857.5939
CHLD 15 601.175781 1567450857.5940
CHLD 16 10.867188 1567450857.5940
CHLD 17 10.890625 1567450857.5941
CHLD 18 10.859375 1567450857.5942
CHLD 19 10.898438 1567450857.5942
MEM 710.011719 1567450857.6946
CHLD 0 601.039062 1567450857.7610
CHLD 1 601.046875 1567450857.7611
CHLD 2 601.046875 1567450857.7612
CHLD 3 601.050781 1567450857.7612
CHLD 4 662.867188 1567450857.7613
CHLD 5 723.769531 1567450857.7614
CHLD 6 730.343750 1567450857.7614
CHLD 7 675.746094 1567450857.7615
CHLD 8 601.167969 1567450857.7616
CHLD 9 601.167969 1567450857.7616
CHLD 10 601.171875 1567450857.7617
CHLD 11 601.171875 1567450857.7618
CHLD 12 601.171875 1567450857.7618
CHLD 13 601.171875 1567450857.7619
CHLD 14 601.175781 1567450857.7620
CHLD 15 601.175781 1567450857.7620
CHLD 16 10.867188 1567450857.7621
CHLD 17 10.890625 1567450857.7622
CHLD 18 10.859375 1567450857.7622
CHLD 19 10.898438 1567450857.7623
MEM 710.011719 1567450857.8627
CHLD 0 601.039062 1567450857.9290
CHLD 1 601.046875 1567450857.9291
CHLD 2 601.046875 1567450857.9291
CHLD 3 601.050781 1567450857.9292
CHLD 4 662.867188 1567450857.9293
CHLD 5 723.769531 1567450857.9293
CHLD 6 730.343750 1567450857.9294
CHLD 7 675.746094 1567450857.9294
CHLD 8 601.167969 1567450857.9295
CHLD 9 601.167969 1567450857.9295
CHLD 10 601.171875 1567450857.9296
CHLD 11 601.171875 1567450857.9296
CHLD 12 601.171875 1567450857.9297
CHLD 13 601.171875 1567450857.9297
CHLD 14 601.175781 1567450857.9298
CHLD 15 601.175781 1567450857.9299
CHLD 16 10.867188 1567450857.9299
CHLD 17 10.890625 1567450857.9300
CHLD 18 10.859375 1567450857.9300
CHLD 19 10.898438 1567450857.9301
MEM 710.011719 1567450858.0305
CHLD 0 601.039062 1567450858.0809
CHLD 1 601.046875 1567450858.0900
CHLD 2 601.046875 1567450858.0902
CHLD 3 601.050781 1567450858.0902
CHLD 4 662.867188 1567450858.0903
CHLD 5 723.769531 1567450858.0904
CHLD 6 730.343750 1567450858.0904
CHLD 7 675.746094 1567450858.0905
CHLD 8 601.167969 1567450858.0905
CHLD 9 601.167969 1567450858.0987
CHLD 10 601.171875 1567450858.0987
CHLD 11 601.171875 1567450858.0988
CHLD 12 601.171875 1567450858.0989
CHLD 13 601.171875 1567450858.0989
CHLD 14 601.175781 1567450858.0990
CHLD 15 601.175781 1567450858.0990
CHLD 16 10.867188 1567450858.0991
CHLD 17 10.890625 1567450858.0991
CHLD 18 10.859375 1567450858.0992
CHLD 19 10.898438 1567450858.0992
MEM 710.011719 1567450858.1997
CHLD 0 601.039062 1567450858.2172
CHLD 1 601.046875 1567450858.2172
CHLD 2 601.046875 1567450858.2173
CHLD 3 601.050781 1567450858.2173
CHLD 4 662.867188 1567450858.2174
CHLD 5 723.769531 1567450858.2174
CHLD 6 730.343750 1567450858.2175
CHLD 7 675.746094 1567450858.2176
CHLD 8 601.167969 1567450858.2176
CHLD 9 601.167969 1567450858.2177
CHLD 10 601.171875 1567450858.2177
CHLD 11 601.171875 1567450858.2178
CHLD 12 601.171875 1567450858.2178
CHLD 13 601.171875 1567450858.2179
CHLD 14 601.175781 1567450858.2179
CHLD 15 601.175781 1567450858.2180
CHLD 16 10.867188 1567450858.2180
CHLD 17 10.890625 1567450858.2181
CHLD 18 10.859375 1567450858.2181
CHLD 19 10.898438 1567450858.2182
MEM 710.011719 1567450858.3186
CHLD 0 601.039062 1567450858.3703
CHLD 1 601.046875 1567450858.3704
CHLD 2 601.046875 1567450858.3705
CHLD 3 601.050781 1567450858.3705
CHLD 4 662.867188 1567450858.3706
CHLD 5 723.769531 1567450858.3707
CHLD 6 730.343750 1567450858.3707
CHLD 7 676.003906 1567450858.3708
CHLD 8 601.167969 1567450858.3708
CHLD 9 601.167969 1567450858.3709
CHLD 10 601.171875 1567450858.3710
CHLD 11 601.171875 1567450858.3710
CHLD 12 601.171875 1567450858.3711
CHLD 13 601.171875 1567450858.3712
CHLD 14 601.175781 1567450858.3712
CHLD 15 601.175781 1567450858.3713
CHLD 16 10.867188 1567450858.3713
CHLD 17 10.890625 1567450858.3714
CHLD 18 10.859375 1567450858.3715
CHLD 19 10.898438 1567450858.3715
MEM 710.011719 1567450858.4719
CHLD 0 601.039062 1567450858.5013
CHLD 1 601.046875 1567450858.5014
CHLD 2 601.046875 1567450858.5015
CHLD 3 601.050781 1567450858.5015
CHLD 4 662.867188 1567450858.5016
CHLD 5 723.769531 1567450858.5016
CHLD 6 730.343750 1567450858.5017
CHLD 7 676.003906 1567450858.5018
CHLD 8 601.167969 1567450858.5018
CHLD 9 601.167969 1567450858.5019
CHLD 10 601.171875 1567450858.5019
CHLD 11 601.171875 1567450858.5020
CHLD 12 601.171875 1567450858.5020
CHLD 13 601.171875 1567450858.5021
CHLD 14 601.175781 1567450858.5021
CHLD 15 601.175781 1567450858.5022
CHLD 16 10.867188 1567450858.5023
CHLD 17 10.890625 1567450858.5023
CHLD 18 10.859375 1567450858.5024
CHLD 19 10.898438 1567450858.5024
MEM 710.011719 1567450858.6029
CHLD 0 601.039062 1567450858.6945
CHLD 1 601.046875 1567450858.6946
CHLD 2 601.046875 1567450858.6947
CHLD 3 601.050781 1567450858.6947
CHLD 4 662.867188 1567450858.6948
CHLD 5 723.769531 1567450858.6948
CHLD 6 730.343750 1567450858.6949
CHLD 7 676.261719 1567450858.6950
CHLD 8 601.167969 1567450858.6950
CHLD 9 601.167969 1567450858.6951
CHLD 10 601.171875 1567450858.6951
CHLD 11 601.171875 1567450858.6952
CHLD 12 601.171875 1567450858.6953
CHLD 13 601.171875 1567450858.6953
CHLD 14 601.175781 1567450858.6954
CHLD 15 601.175781 1567450858.6955
CHLD 16 10.867188 1567450858.6955
CHLD 17 10.890625 1567450858.6956
CHLD 18 10.859375 1567450858.6957
CHLD 19 10.898438 1567450858.6957
MEM 710.011719 1567450858.7962
CHLD 0 601.039062 1567450858.8575
CHLD 1 601.046875 1567450858.8575
CHLD 2 601.046875 1567450858.8576
CHLD 3 601.050781 1567450858.8577
CHLD 4 662.867188 1567450858.8577
CHLD 5 723.769531 1567450858.8578
CHLD 6 730.343750 1567450858.8578
CHLD 7 676.261719 1567450858.8579
CHLD 8 601.167969 1567450858.8579
CHLD 9 601.167969 1567450858.8580
CHLD 10 601.171875 1567450858.8581
CHLD 11 601.171875 1567450858.8581
CHLD 12 601.171875 1567450858.8582
CHLD 13 601.171875 1567450858.8582
CHLD 14 601.175781 1567450858.8583
CHLD 15 601.175781 1567450858.8584
CHLD 16 10.867188 1567450858.8584
CHLD 17 10.890625 1567450858.8585
CHLD 18 10.859375 1567450858.8586
CHLD 19 10.898438 1567450858.8586
MEM 710.011719 1567450858.9590
CHLD 0 601.039062 1567450858.9927
CHLD 1 601.046875 1567450858.9928
CHLD 2 601.046875 1567450858.9928
CHLD 3 601.050781 1567450858.9929
CHLD 4 662.867188 1567450858.9929
CHLD 5 723.769531 1567450858.9930
CHLD 6 730.343750 1567450858.9930
CHLD 7 677.035156 1567450858.9931
CHLD 8 601.167969 1567450858.9931
CHLD 9 601.167969 1567450858.9932
CHLD 10 601.171875 1567450858.9933
CHLD 11 601.171875 1567450858.9933
CHLD 12 601.171875 1567450858.9934
CHLD 13 601.171875 1567450858.9934
CHLD 14 601.175781 1567450858.9935
CHLD 15 601.175781 1567450858.9935
CHLD 16 10.867188 1567450858.9936
CHLD 17 10.890625 1567450858.9936
CHLD 18 10.859375 1567450858.9937
CHLD 19 10.898438 1567450858.9937
MEM 710.011719 1567450859.0944
CHLD 0 601.039062 1567450859.1095
CHLD 1 601.046875 1567450859.1096
CHLD 2 601.046875 1567450859.1097
CHLD 3 601.050781 1567450859.1097
CHLD 4 662.867188 1567450859.1098
CHLD 5 723.769531 1567450859.1098
CHLD 6 730.343750 1567450859.1099
CHLD 7 677.035156 1567450859.1099
CHLD 8 601.167969 1567450859.1100
CHLD 9 601.167969 1567450859.1100
CHLD 10 601.171875 1567450859.1101
CHLD 11 601.171875 1567450859.1101
CHLD 12 601.171875 1567450859.1102
CHLD 13 601.171875 1567450859.1103
CHLD 14 601.175781 1567450859.1508
CHLD 15 601.175781 1567450859.1509
CHLD 16 10.867188 1567450859.1510
CHLD 17 10.890625 1567450859.1510
CHLD 18 10.859375 1567450859.1511
CHLD 19 10.898438 1567450859.1511
MEM 710.011719 1567450859.2523
CHLD 0 601.039062 1567450859.3201
CHLD 1 601.046875 1567450859.3202
CHLD 2 601.046875 1567450859.3202
CHLD 3 601.050781 1567450859.3203
CHLD 4 662.867188 1567450859.3204
CHLD 5 723.769531 1567450859.3204
CHLD 6 730.343750 1567450859.3205
CHLD 7 677.035156 1567450859.3205
CHLD 8 601.167969 1567450859.3206
CHLD 9 601.167969 1567450859.3206
CHLD 10 601.171875 1567450859.3207
CHLD 11 601.171875 1567450859.3208
CHLD 12 601.171875 1567450859.3208
CHLD 13 601.171875 1567450859.3209
CHLD 14 601.175781 1567450859.3209
CHLD 15 601.175781 1567450859.3210
CHLD 16 10.867188 1567450859.3210
CHLD 17 10.890625 1567450859.3211
CHLD 18 10.859375 1567450859.3211
CHLD 19 10.898438 1567450859.3212
MEM 710.011719 1567450859.4217
CHLD 0 601.039062 1567450859.4964
CHLD 1 601.046875 1567450859.4965
CHLD 2 601.046875 1567450859.4965
CHLD 3 601.050781 1567450859.4966
CHLD 4 662.867188 1567450859.4966
CHLD 5 723.769531 1567450859.4967
CHLD 6 730.343750 1567450859.4967
CHLD 7 677.035156 1567450859.4968
CHLD 8 601.167969 1567450859.4969
CHLD 9 601.167969 1567450859.4969
CHLD 10 601.171875 1567450859.4970
CHLD 11 601.171875 1567450859.4970
CHLD 12 601.171875 1567450859.4971
CHLD 13 601.171875 1567450859.4971
CHLD 14 601.175781 1567450859.4972
CHLD 15 601.175781 1567450859.4972
CHLD 16 10.867188 1567450859.4973
CHLD 17 10.890625 1567450859.4973
CHLD 18 10.859375 1567450859.4974
CHLD 19 10.898438 1567450859.4975
MEM 710.011719 1567450859.5979
