CMDLINE /home/dn16382/anaconda3/bin/python mnist_example.py
MEM 1.894531 1567449958.7916
MEM 15.417969 1567449958.9058
MEM 30.652344 1567449959.0287
MEM 39.335938 1567449959.1385
MEM 45.332031 1567449959.2479
MEM 67.437500 1567449959.3583
MEM 76.660156 1567449959.4668
MEM 81.578125 1567449959.5771
MEM 95.984375 1567449959.6871
MEM 132.968750 1567449959.7976
MEM 161.593750 1567449959.9081
MEM 162.167969 1567449960.0240
MEM 168.101562 1567449960.1406
MEM 175.914062 1567449960.2573
MEM 179.972656 1567449960.3776
MEM 183.644531 1567449960.4968
MEM 189.011719 1567449960.6176
MEM 199.582031 1567449960.7308
MEM 203.957031 1567449960.8450
MEM 212.050781 1567449960.9629
MEM 214.937500 1567449961.0774
MEM 226.128906 1567449961.1935
MEM 231.867188 1567449961.3104
MEM 244.976562 1567449961.4251
MEM 251.507812 1567449961.5393
MEM 259.378906 1567449961.6540
MEM 262.976562 1567449961.7680
MEM 274.937500 1567449961.8824
MEM 290.921875 1567449961.9968
MEM 306.906250 1567449962.1122
MEM 359.906250 1567449962.2270
MEM 362.316406 1567449962.3442
MEM 495.664062 1567449962.4611
MEM 655.507812 1567449962.5758
MEM 676.460938 1567449962.6948
MEM 641.605469 1567449962.8422
MEM 707.710938 1567449962.9896
CHLD 0 601.078125 1567449963.0069
MEM 707.796875 1567449963.1073
CHLD 0 601.078125 1567449963.1274
CHLD 1 601.085938 1567449963.1275
CHLD 2 601.085938 1567449963.1275
CHLD 3 601.085938 1567449963.1276
CHLD 4 605.992188 1567449963.1276
CHLD 5 605.769531 1567449963.1277
CHLD 6 605.511719 1567449963.1277
CHLD 7 601.214844 1567449963.1278
CHLD 8 0.007812 1567449963.1279
MEM 707.812500 1567449963.2284
CHLD 0 601.078125 1567449963.2837
CHLD 1 601.085938 1567449963.2838
CHLD 2 601.085938 1567449963.2839
CHLD 3 601.085938 1567449963.2840
CHLD 4 607.648438 1567449963.2840
CHLD 5 612.628906 1567449963.2841
CHLD 6 606.167969 1567449963.2842
CHLD 7 605.777344 1567449963.2842
CHLD 8 605.675781 1567449963.2843
CHLD 9 605.343750 1567449963.2843
CHLD 10 602.445312 1567449963.2844
CHLD 11 0.007812 1567449963.2845
CHLD 12 7.097656 1567449963.2845
CHLD 13 7.914062 1567449963.2846
MEM 707.812500 1567449963.4027
CHLD 0 601.078125 1567449963.4593
CHLD 1 601.085938 1567449963.4594
CHLD 2 601.085938 1567449963.4595
CHLD 3 601.085938 1567449963.4595
CHLD 4 609.972656 1567449963.4596
CHLD 5 618.910156 1567449963.4597
CHLD 6 609.285156 1567449963.4597
CHLD 7 606.132812 1567449963.4598
CHLD 8 605.992188 1567449963.4598
CHLD 9 605.855469 1567449963.4599
CHLD 10 605.851562 1567449963.4600
CHLD 11 605.601562 1567449963.4600
CHLD 12 0.007812 1567449963.4601
CHLD 13 0.007812 1567449963.4601
CHLD 14 7.707031 1567449963.4602
CHLD 15 9.015625 1567449963.4603
CHLD 16 9.082031 1567449963.4603
MEM 707.812500 1567449963.5608
CHLD 0 601.078125 1567449963.6129
CHLD 1 601.085938 1567449963.6130
CHLD 2 601.085938 1567449963.6131
CHLD 3 601.085938 1567449963.6131
CHLD 4 611.914062 1567449963.6132
CHLD 5 621.914062 1567449963.6133
CHLD 6 610.617188 1567449963.6133
CHLD 7 607.265625 1567449963.6134
CHLD 8 607.164062 1567449963.6135
CHLD 9 606.273438 1567449963.6135
CHLD 10 606.269531 1567449963.6136
CHLD 11 605.875000 1567449963.6136
CHLD 12 5.804688 1567449963.6137
CHLD 13 5.613281 1567449963.6138
CHLD 14 6.898438 1567449963.6138
CHLD 15 7.656250 1567449963.6139
CHLD 16 8.601562 1567449963.6140
CHLD 17 10.148438 1567449963.6140
CHLD 18 10.343750 1567449963.6141
MEM 707.812500 1567449963.7145
CHLD 0 601.078125 1567449963.7711
CHLD 1 601.085938 1567449963.7711
CHLD 2 601.085938 1567449963.7712
CHLD 3 601.085938 1567449963.7713
CHLD 4 612.968750 1567449963.7713
CHLD 5 630.957031 1567449963.7714
CHLD 6 612.679688 1567449963.7715
CHLD 7 609.628906 1567449963.7715
CHLD 8 609.210938 1567449963.7716
CHLD 9 607.652344 1567449963.7717
CHLD 10 608.164062 1567449963.7717
CHLD 11 606.292969 1567449963.7718
CHLD 12 6.578125 1567449963.7719
CHLD 13 7.949219 1567449963.7719
CHLD 14 7.867188 1567449963.7720
CHLD 15 8.597656 1567449963.7721
CHLD 16 8.550781 1567449963.7721
CHLD 17 9.683594 1567449963.7722
CHLD 18 10.847656 1567449963.7722
CHLD 19 10.917969 1567449963.7723
MEM 707.812500 1567449963.8728
CHLD 0 601.078125 1567449963.9215
CHLD 1 601.085938 1567449963.9216
CHLD 2 601.085938 1567449963.9216
CHLD 3 601.085938 1567449963.9217
CHLD 4 615.417969 1567449963.9218
CHLD 5 635.394531 1567449963.9218
CHLD 6 614.542969 1567449963.9219
CHLD 7 610.781250 1567449963.9220
CHLD 8 610.113281 1567449963.9220
CHLD 9 609.726562 1567449963.9221
CHLD 10 609.804688 1567449963.9221
CHLD 11 608.992188 1567449963.9222
CHLD 12 8.105469 1567449963.9503
CHLD 13 9.117188 1567449963.9504
CHLD 14 8.757812 1567449963.9505
CHLD 15 9.679688 1567449963.9506
CHLD 16 10.218750 1567449963.9506
CHLD 17 10.968750 1567449963.9507
CHLD 18 10.847656 1567449963.9508
CHLD 19 10.917969 1567449963.9508
MEM 707.812500 1567449964.0513
CHLD 0 601.078125 1567449964.1081
CHLD 1 601.085938 1567449964.1081
CHLD 2 601.085938 1567449964.1082
CHLD 3 601.085938 1567449964.1083
CHLD 4 618.312500 1567449964.1083
CHLD 5 636.113281 1567449964.1084
CHLD 6 617.281250 1567449964.1084
CHLD 7 612.972656 1567449964.1085
CHLD 8 612.679688 1567449964.1086
CHLD 9 612.152344 1567449964.1086
CHLD 10 612.269531 1567449964.1087
CHLD 11 611.437500 1567449964.1087
CHLD 12 9.015625 1567449964.1088
CHLD 13 10.679688 1567449964.1089
CHLD 14 10.597656 1567449964.1089
CHLD 15 10.968750 1567449964.1090
CHLD 16 10.917969 1567449964.1090
CHLD 17 10.968750 1567449964.1091
CHLD 18 10.847656 1567449964.1091
CHLD 19 10.917969 1567449964.1092
MEM 707.812500 1567449964.2097
CHLD 0 601.078125 1567449964.2665
CHLD 1 601.085938 1567449964.2666
CHLD 2 601.085938 1567449964.2666
CHLD 3 601.085938 1567449964.2667
CHLD 4 618.562500 1567449964.2667
CHLD 5 639.523438 1567449964.2668
CHLD 6 618.468750 1567449964.2669
CHLD 7 615.761719 1567449964.2669
CHLD 8 615.535156 1567449964.2670
CHLD 9 614.855469 1567449964.2670
CHLD 10 614.648438 1567449964.2671
CHLD 11 614.652344 1567449964.2671
CHLD 12 10.851562 1567449964.2672
CHLD 13 10.957031 1567449964.2673
CHLD 14 10.871094 1567449964.2673
CHLD 15 10.968750 1567449964.2674
CHLD 16 10.917969 1567449964.2678
CHLD 17 10.968750 1567449964.2679
CHLD 18 10.847656 1567449964.2679
CHLD 19 10.917969 1567449964.2680
MEM 707.812500 1567449964.3685
CHLD 0 601.078125 1567449964.3932
CHLD 1 601.085938 1567449964.3932
CHLD 2 601.085938 1567449964.3933
CHLD 3 601.085938 1567449964.3934
CHLD 4 618.734375 1567449964.3934
CHLD 5 641.078125 1567449964.3935
CHLD 6 618.562500 1567449964.3935
CHLD 7 618.312500 1567449964.3936
CHLD 8 618.066406 1567449964.3937
CHLD 9 617.289062 1567449964.3937
CHLD 10 618.308594 1567449964.3938
CHLD 11 618.312500 1567449964.3938
CHLD 12 10.851562 1567449964.3939
CHLD 13 10.957031 1567449964.3940
CHLD 14 10.871094 1567449964.3940
CHLD 15 10.968750 1567449964.3941
CHLD 16 10.917969 1567449964.3941
CHLD 17 10.968750 1567449964.3942
CHLD 18 10.847656 1567449964.4219
CHLD 19 10.917969 1567449964.4221
MEM 707.812500 1567449964.5225
CHLD 0 601.078125 1567449964.5832
CHLD 1 601.085938 1567449964.5833
CHLD 2 601.085938 1567449964.5833
CHLD 3 601.085938 1567449964.5834
CHLD 4 618.996094 1567449964.5834
CHLD 5 641.832031 1567449964.5835
CHLD 6 618.812500 1567449964.5836
CHLD 7 618.562500 1567449964.5836
CHLD 8 618.562500 1567449964.5837
CHLD 9 618.656250 1567449964.5837
CHLD 10 618.558594 1567449964.5838
CHLD 11 618.562500 1567449964.5838
CHLD 12 10.851562 1567449964.5839
CHLD 13 10.957031 1567449964.5840
CHLD 14 10.871094 1567449964.5841
CHLD 15 10.968750 1567449964.5857
CHLD 16 10.917969 1567449964.5858
CHLD 17 10.968750 1567449964.5885
CHLD 18 10.847656 1567449964.5892
CHLD 19 10.917969 1567449964.5892
MEM 707.812500 1567449964.6897
CHLD 0 601.078125 1567449964.7823
CHLD 1 601.085938 1567449964.7823
CHLD 2 601.085938 1567449964.7824
CHLD 3 601.085938 1567449964.7825
CHLD 4 621.191406 1567449964.7825
CHLD 5 642.062500 1567449964.7826
CHLD 6 619.000000 1567449964.7827
CHLD 7 619.312500 1567449964.7827
CHLD 8 618.910156 1567449964.7828
CHLD 9 619.000000 1567449964.7829
CHLD 10 618.808594 1567449964.7829
CHLD 11 618.996094 1567449964.7830
CHLD 12 10.851562 1567449964.7830
CHLD 13 10.957031 1567449964.7831
CHLD 14 10.871094 1567449964.7831
CHLD 15 10.968750 1567449964.7832
CHLD 16 10.917969 1567449964.7833
CHLD 17 10.968750 1567449964.7834
CHLD 18 10.847656 1567449964.7835
CHLD 19 10.917969 1567449964.7835
MEM 707.812500 1567449964.8840
CHLD 0 601.078125 1567449964.9272
CHLD 1 601.085938 1567449964.9273
CHLD 2 601.085938 1567449964.9273
CHLD 3 601.085938 1567449964.9274
CHLD 4 622.023438 1567449964.9275
CHLD 5 642.062500 1567449964.9275
CHLD 6 619.183594 1567449964.9276
CHLD 7 622.164062 1567449964.9276
CHLD 8 619.312500 1567449964.9277
CHLD 9 619.628906 1567449964.9277
CHLD 10 618.996094 1567449964.9278
CHLD 11 619.312500 1567449964.9279
CHLD 12 10.851562 1567449964.9279
CHLD 13 10.957031 1567449964.9280
CHLD 14 10.871094 1567449964.9280
CHLD 15 10.968750 1567449964.9281
CHLD 16 10.917969 1567449964.9282
CHLD 17 10.968750 1567449964.9282
CHLD 18 10.847656 1567449964.9283
CHLD 19 10.917969 1567449964.9283
MEM 707.812500 1567449965.0290
CHLD 0 601.078125 1567449965.1084
CHLD 1 601.085938 1567449965.1085
CHLD 2 601.085938 1567449965.1086
CHLD 3 601.085938 1567449965.1087
CHLD 4 624.066406 1567449965.1087
CHLD 5 642.312500 1567449965.1088
CHLD 6 619.957031 1567449965.1089
CHLD 7 623.472656 1567449965.1089
CHLD 8 621.109375 1567449965.1090
CHLD 9 621.968750 1567449965.1091
CHLD 10 620.242188 1567449965.1091
CHLD 11 621.460938 1567449965.1092
CHLD 12 10.851562 1567449965.1093
CHLD 13 10.957031 1567449965.1093
CHLD 14 10.871094 1567449965.1094
CHLD 15 10.968750 1567449965.1094
CHLD 16 10.917969 1567449965.1095
CHLD 17 10.968750 1567449965.1096
CHLD 18 10.847656 1567449965.1096
CHLD 19 10.917969 1567449965.1097
MEM 707.812500 1567449965.2101
CHLD 0 601.078125 1567449965.2664
CHLD 1 601.085938 1567449965.2665
CHLD 2 601.085938 1567449965.2665
CHLD 3 601.085938 1567449965.2666
CHLD 4 624.585938 1567449965.2667
CHLD 5 642.484375 1567449965.2667
CHLD 6 621.824219 1567449965.2668
CHLD 7 624.152344 1567449965.2668
CHLD 8 623.472656 1567449965.2669
CHLD 9 623.085938 1567449965.2670
CHLD 10 621.671875 1567449965.2670
CHLD 11 622.062500 1567449965.2671
CHLD 12 10.851562 1567449965.2672
CHLD 13 10.957031 1567449965.2672
CHLD 14 10.871094 1567449965.2673
CHLD 15 10.968750 1567449965.2673
CHLD 16 10.917969 1567449965.2674
CHLD 17 10.968750 1567449965.2678
CHLD 18 10.847656 1567449965.2679
CHLD 19 10.917969 1567449965.2679
MEM 707.812500 1567449965.3685
CHLD 0 601.078125 1567449965.4283
CHLD 1 601.085938 1567449965.4284
CHLD 2 601.085938 1567449965.4285
CHLD 3 601.085938 1567449965.4285
CHLD 4 630.273438 1567449965.4286
CHLD 5 642.562500 1567449965.4286
CHLD 6 623.441406 1567449965.4287
CHLD 7 625.398438 1567449965.4288
CHLD 8 631.878906 1567449965.4288
CHLD 9 623.472656 1567449965.4289
CHLD 10 623.437500 1567449965.4289
CHLD 11 623.425781 1567449965.4290
CHLD 12 10.851562 1567449965.4291
CHLD 13 10.957031 1567449965.4291
CHLD 14 10.871094 1567449965.4292
CHLD 15 10.968750 1567449965.4292
CHLD 16 10.917969 1567449965.4293
CHLD 17 10.968750 1567449965.4294
CHLD 18 10.847656 1567449965.4294
CHLD 19 10.917969 1567449965.4295
MEM 707.812500 1567449965.5299
CHLD 0 601.078125 1567449965.5652
CHLD 1 601.085938 1567449965.5653
CHLD 2 601.085938 1567449965.5678
CHLD 3 601.085938 1567449965.5679
CHLD 4 633.234375 1567449965.5739
CHLD 5 642.710938 1567449965.5740
CHLD 6 624.066406 1567449965.5741
CHLD 7 630.957031 1567449965.5821
CHLD 8 634.289062 1567449965.5822
CHLD 9 624.363281 1567449965.5822
CHLD 10 623.878906 1567449965.5823
CHLD 11 633.246094 1567449965.5824
CHLD 12 10.851562 1567449965.5825
CHLD 13 10.957031 1567449965.5825
CHLD 14 10.871094 1567449965.5826
CHLD 15 10.968750 1567449965.5826
CHLD 16 10.917969 1567449965.5827
CHLD 17 10.968750 1567449965.5828
CHLD 18 10.847656 1567449965.5828
CHLD 19 10.917969 1567449965.5829
MEM 707.812500 1567449965.6846
CHLD 0 601.078125 1567449965.7352
CHLD 1 601.085938 1567449965.7352
CHLD 2 601.085938 1567449965.7353
CHLD 3 601.085938 1567449965.7354
CHLD 4 635.343750 1567449965.7354
CHLD 5 643.062500 1567449965.7355
CHLD 6 633.546875 1567449965.7356
CHLD 7 634.886719 1567449965.7356
CHLD 8 635.179688 1567449965.7357
CHLD 9 630.281250 1567449965.7358
CHLD 10 630.960938 1567449965.7358
CHLD 11 634.351562 1567449965.7359
CHLD 12 10.851562 1567449965.7360
CHLD 13 10.957031 1567449965.7360
CHLD 14 10.871094 1567449965.7361
CHLD 15 10.968750 1567449965.7362
CHLD 16 10.917969 1567449965.7362
CHLD 17 10.968750 1567449965.7363
CHLD 18 10.847656 1567449965.7364
CHLD 19 10.917969 1567449965.7364
MEM 707.812500 1567449965.8546
CHLD 0 601.078125 1567449965.8925
CHLD 1 601.085938 1567449965.8926
CHLD 2 601.085938 1567449965.8927
CHLD 3 601.085938 1567449965.8928
CHLD 4 635.476562 1567449965.8928
CHLD 5 643.246094 1567449965.8929
CHLD 6 635.085938 1567449965.8930
CHLD 7 635.460938 1567449965.8930
CHLD 8 635.320312 1567449965.8931
CHLD 9 633.320312 1567449965.8931
CHLD 10 634.156250 1567449965.8932
CHLD 11 635.203125 1567449965.8933
CHLD 12 10.851562 1567449965.8934
CHLD 13 10.957031 1567449965.8934
CHLD 14 10.871094 1567449965.8935
CHLD 15 10.968750 1567449965.8936
CHLD 16 10.917969 1567449965.8936
CHLD 17 10.968750 1567449965.8937
CHLD 18 10.847656 1567449965.8937
CHLD 19 10.917969 1567449965.8938
MEM 707.812500 1567449965.9943
CHLD 0 601.078125 1567449966.0170
CHLD 1 601.085938 1567449966.0171
CHLD 2 601.085938 1567449966.0172
CHLD 3 601.085938 1567449966.0177
CHLD 4 635.593750 1567449966.0178
CHLD 5 643.425781 1567449966.0179
CHLD 6 635.199219 1567449966.0216
CHLD 7 635.679688 1567449966.0217
CHLD 8 635.320312 1567449966.0218
CHLD 9 635.066406 1567449966.0219
CHLD 10 635.128906 1567449966.0220
CHLD 11 635.472656 1567449966.0220
CHLD 12 10.851562 1567449966.0221
CHLD 13 10.957031 1567449966.0222
CHLD 14 10.871094 1567449966.0225
CHLD 15 10.968750 1567449966.0226
CHLD 16 10.917969 1567449966.0227
CHLD 17 10.968750 1567449966.0227
CHLD 18 10.847656 1567449966.0228
CHLD 19 10.917969 1567449966.0229
MEM 707.812500 1567449966.1234
CHLD 0 601.078125 1567449966.1629
CHLD 1 601.085938 1567449966.1630
CHLD 2 601.085938 1567449966.1630
CHLD 3 601.085938 1567449966.1631
CHLD 4 635.593750 1567449966.1632
CHLD 5 643.812500 1567449966.1633
CHLD 6 635.660156 1567449966.1633
CHLD 7 636.000000 1567449966.1634
CHLD 8 635.554688 1567449966.1634
CHLD 9 635.277344 1567449966.1635
CHLD 10 635.265625 1567449966.1636
CHLD 11 635.796875 1567449966.1636
CHLD 12 10.851562 1567449966.1637
CHLD 13 10.957031 1567449966.1638
CHLD 14 10.871094 1567449966.1638
CHLD 15 10.968750 1567449966.1639
CHLD 16 10.917969 1567449966.1640
CHLD 17 10.968750 1567449966.1640
CHLD 18 10.847656 1567449966.1641
CHLD 19 10.917969 1567449966.1641
MEM 707.812500 1567449966.2646
CHLD 0 601.078125 1567449966.2957
CHLD 1 601.085938 1567449966.2958
CHLD 2 601.085938 1567449966.2958
CHLD 3 601.085938 1567449966.2959
CHLD 4 635.828125 1567449966.2960
CHLD 5 645.515625 1567449966.2960
CHLD 6 635.906250 1567449966.2961
CHLD 7 637.722656 1567449966.2961
CHLD 8 636.234375 1567449966.2962
CHLD 9 635.488281 1567449966.2963
CHLD 10 635.460938 1567449966.2963
CHLD 11 636.050781 1567449966.2964
CHLD 12 10.851562 1567449966.2965
CHLD 13 10.957031 1567449966.2965
CHLD 14 10.871094 1567449966.2966
CHLD 15 10.968750 1567449966.2966
CHLD 16 10.917969 1567449966.2967
CHLD 17 10.968750 1567449966.2968
CHLD 18 10.847656 1567449966.2968
CHLD 19 10.917969 1567449966.2969
MEM 707.812500 1567449966.3973
CHLD 0 601.078125 1567449966.4256
CHLD 1 601.085938 1567449966.4257
CHLD 2 601.085938 1567449966.4257
CHLD 3 601.085938 1567449966.4258
CHLD 4 637.832031 1567449966.4259
CHLD 5 651.437500 1567449966.4259
CHLD 6 636.222656 1567449966.4260
CHLD 7 637.843750 1567449966.4260
CHLD 8 637.687500 1567449966.4261
CHLD 9 635.488281 1567449966.4262
CHLD 10 635.460938 1567449966.4262
CHLD 11 636.093750 1567449966.4263
CHLD 12 10.851562 1567449966.4333
CHLD 13 10.957031 1567449966.4335
CHLD 14 10.871094 1567449966.4336
CHLD 15 10.968750 1567449966.4336
CHLD 16 10.917969 1567449966.4337
CHLD 17 10.968750 1567449966.4338
CHLD 18 10.847656 1567449966.4338
CHLD 19 10.917969 1567449966.4339
MEM 707.812500 1567449966.5344
CHLD 0 601.078125 1567449966.5589
CHLD 1 601.085938 1567449966.5589
CHLD 2 601.085938 1567449966.5590
CHLD 3 601.085938 1567449966.5591
CHLD 4 637.894531 1567449966.5591
CHLD 5 654.093750 1567449966.5592
CHLD 6 637.828125 1567449966.5592
CHLD 7 637.843750 1567449966.5593
CHLD 8 637.902344 1567449966.5594
CHLD 9 636.867188 1567449966.5594
CHLD 10 635.699219 1567449966.5595
CHLD 11 636.339844 1567449966.5595
CHLD 12 10.851562 1567449966.5596
CHLD 13 10.957031 1567449966.5597
CHLD 14 10.871094 1567449966.5597
CHLD 15 10.968750 1567449966.5598
CHLD 16 10.917969 1567449966.5599
CHLD 17 10.968750 1567449966.5599
CHLD 18 10.847656 1567449966.5600
CHLD 19 10.917969 1567449966.5600
MEM 707.812500 1567449966.6605
CHLD 0 601.078125 1567449966.7221
CHLD 1 601.085938 1567449966.7222
CHLD 2 601.085938 1567449966.7223
CHLD 3 601.085938 1567449966.7223
CHLD 4 640.953125 1567449966.7224
CHLD 5 655.742188 1567449966.7224
CHLD 6 639.871094 1567449966.7225
CHLD 7 638.789062 1567449966.7225
CHLD 8 637.902344 1567449966.7226
CHLD 9 637.878906 1567449966.7227
CHLD 10 635.699219 1567449966.7227
CHLD 11 636.339844 1567449966.7228
CHLD 12 10.851562 1567449966.7228
CHLD 13 10.957031 1567449966.7229
CHLD 14 10.871094 1567449966.7229
CHLD 15 10.968750 1567449966.7230
CHLD 16 10.917969 1567449966.7230
CHLD 17 10.968750 1567449966.7231
CHLD 18 10.847656 1567449966.7231
CHLD 19 10.917969 1567449966.7232
MEM 707.812500 1567449966.8346
CHLD 0 601.078125 1567449966.8715
CHLD 1 601.085938 1567449966.8715
CHLD 2 601.085938 1567449966.8716
CHLD 3 601.085938 1567449966.8717
CHLD 4 641.171875 1567449966.8717
CHLD 5 658.128906 1567449966.8718
CHLD 6 639.871094 1567449966.8718
CHLD 7 638.789062 1567449966.8719
CHLD 8 637.902344 1567449966.8720
CHLD 9 640.597656 1567449966.8720
CHLD 10 636.085938 1567449966.8721
CHLD 11 638.382812 1567449966.8722
CHLD 12 10.851562 1567449966.8722
CHLD 13 10.957031 1567449966.8723
CHLD 14 10.871094 1567449966.8724
CHLD 15 10.968750 1567449966.8724
CHLD 16 10.917969 1567449966.8725
CHLD 17 10.968750 1567449966.8725
CHLD 18 10.847656 1567449966.8726
CHLD 19 10.917969 1567449966.8727
MEM 707.812500 1567449966.9888
CHLD 0 601.078125 1567449967.0435
CHLD 1 601.085938 1567449967.0436
CHLD 2 601.085938 1567449967.0437
CHLD 3 601.085938 1567449967.0437
CHLD 4 641.390625 1567449967.0438
CHLD 5 658.730469 1567449967.0438
CHLD 6 639.871094 1567449967.0439
CHLD 7 641.179688 1567449967.0439
CHLD 8 638.968750 1567449967.0440
CHLD 9 640.597656 1567449967.0440
CHLD 10 637.804688 1567449967.0443
CHLD 11 638.382812 1567449967.0444
CHLD 12 10.851562 1567449967.0444
CHLD 13 10.957031 1567449967.0445
CHLD 14 10.871094 1567449967.0445
CHLD 15 10.968750 1567449967.0446
CHLD 16 10.917969 1567449967.0446
CHLD 17 10.968750 1567449967.0447
CHLD 18 10.847656 1567449967.0447
CHLD 19 10.917969 1567449967.0448
MEM 707.812500 1567449967.1506
CHLD 0 601.078125 1567449967.2276
CHLD 1 601.085938 1567449967.2276
CHLD 2 601.085938 1567449967.2277
CHLD 3 601.085938 1567449967.2278
CHLD 4 641.746094 1567449967.2278
CHLD 5 661.285156 1567449967.2279
CHLD 6 641.242188 1567449967.2279
CHLD 7 641.632812 1567449967.2280
CHLD 8 641.460938 1567449967.2281
CHLD 9 641.179688 1567449967.2281
CHLD 10 638.750000 1567449967.2282
CHLD 11 639.511719 1567449967.2283
CHLD 12 10.851562 1567449967.2283
CHLD 13 10.957031 1567449967.2284
CHLD 14 10.871094 1567449967.2284
CHLD 15 10.968750 1567449967.2285
CHLD 16 10.917969 1567449967.2286
CHLD 17 10.968750 1567449967.2286
CHLD 18 10.847656 1567449967.2287
CHLD 19 10.917969 1567449967.2287
MEM 707.812500 1567449967.3334
CHLD 0 601.078125 1567449967.3922
CHLD 1 601.085938 1567449967.3923
CHLD 2 601.085938 1567449967.3923
CHLD 3 601.085938 1567449967.3924
CHLD 4 641.812500 1567449967.3925
CHLD 5 661.285156 1567449967.3925
CHLD 6 641.667969 1567449967.3926
CHLD 7 641.984375 1567449967.3927
CHLD 8 641.460938 1567449967.3927
CHLD 9 641.562500 1567449967.3928
CHLD 10 640.988281 1567449967.3928
CHLD 11 641.292969 1567449967.3929
CHLD 12 10.851562 1567449967.3930
CHLD 13 10.957031 1567449967.3930
CHLD 14 10.871094 1567449967.3931
CHLD 15 10.968750 1567449967.3931
CHLD 16 10.917969 1567449967.3932
CHLD 17 10.968750 1567449967.3933
CHLD 18 10.847656 1567449967.3933
CHLD 19 10.917969 1567449967.3934
MEM 707.812500 1567449967.4985
CHLD 0 601.078125 1567449967.5629
CHLD 1 601.085938 1567449967.5630
CHLD 2 601.085938 1567449967.5631
CHLD 3 601.085938 1567449967.5631
CHLD 4 641.980469 1567449967.5632
CHLD 5 661.285156 1567449967.5632
CHLD 6 641.980469 1567449967.5633
CHLD 7 642.320312 1567449967.5634
CHLD 8 641.832031 1567449967.5634
CHLD 9 641.562500 1567449967.5635
CHLD 10 641.425781 1567449967.5635
CHLD 11 641.656250 1567449967.5636
CHLD 12 10.851562 1567449967.5637
CHLD 13 10.957031 1567449967.5637
CHLD 14 10.871094 1567449967.5638
CHLD 15 10.968750 1567449967.5638
CHLD 16 10.917969 1567449967.5639
CHLD 17 10.968750 1567449967.5640
CHLD 18 10.847656 1567449967.5640
CHLD 19 10.917969 1567449967.5641
MEM 707.812500 1567449967.6645
CHLD 0 601.078125 1567449967.7454
CHLD 1 601.085938 1567449967.7455
CHLD 2 601.085938 1567449967.7456
CHLD 3 601.085938 1567449967.7456
CHLD 4 642.140625 1567449967.7457
CHLD 5 661.285156 1567449967.7458
CHLD 6 642.312500 1567449967.7458
CHLD 7 642.562500 1567449967.7459
CHLD 8 642.007812 1567449967.7459
CHLD 9 641.742188 1567449967.7460
CHLD 10 641.609375 1567449967.7460
CHLD 11 641.785156 1567449967.7461
CHLD 12 10.851562 1567449967.7462
CHLD 13 10.957031 1567449967.7462
CHLD 14 10.871094 1567449967.7623
CHLD 15 10.968750 1567449967.7625
CHLD 16 10.917969 1567449967.7625
CHLD 17 10.968750 1567449967.7626
CHLD 18 10.847656 1567449967.7627
CHLD 19 10.917969 1567449967.7627
MEM 707.812500 1567449967.8631
CHLD 0 601.078125 1567449967.9079
CHLD 1 601.085938 1567449967.9080
CHLD 2 601.085938 1567449967.9081
CHLD 3 601.085938 1567449967.9081
CHLD 4 642.484375 1567449967.9082
CHLD 5 661.285156 1567449967.9082
CHLD 6 642.562500 1567449967.9083
CHLD 7 642.812500 1567449967.9083
CHLD 8 642.175781 1567449967.9084
CHLD 9 641.914062 1567449967.9084
CHLD 10 641.769531 1567449967.9085
CHLD 11 641.960938 1567449967.9085
CHLD 12 10.851562 1567449967.9086
CHLD 13 10.957031 1567449967.9086
CHLD 14 10.871094 1567449967.9087
CHLD 15 10.968750 1567449967.9088
CHLD 16 10.917969 1567449967.9088
CHLD 17 10.968750 1567449967.9089
CHLD 18 10.847656 1567449967.9089
CHLD 19 10.917969 1567449967.9090
MEM 707.812500 1567449968.0094
CHLD 0 601.078125 1567449968.0418
CHLD 1 601.085938 1567449968.0419
CHLD 2 601.085938 1567449968.0420
CHLD 3 601.085938 1567449968.0420
CHLD 4 642.734375 1567449968.0421
CHLD 5 661.285156 1567449968.0421
CHLD 6 642.562500 1567449968.0422
CHLD 7 642.812500 1567449968.0463
CHLD 8 642.175781 1567449968.0465
CHLD 9 642.093750 1567449968.0465
CHLD 10 642.101562 1567449968.0466
CHLD 11 642.289062 1567449968.0467
CHLD 12 10.851562 1567449968.0467
CHLD 13 10.957031 1567449968.0468
CHLD 14 10.871094 1567449968.0468
CHLD 15 10.968750 1567449968.0469
CHLD 16 10.917969 1567449968.0470
CHLD 17 10.968750 1567449968.0470
CHLD 18 10.847656 1567449968.0471
CHLD 19 10.917969 1567449968.0472
MEM 707.812500 1567449968.1476
CHLD 0 601.078125 1567449968.1804
CHLD 1 601.085938 1567449968.1805
CHLD 2 601.085938 1567449968.1806
CHLD 3 601.085938 1567449968.1806
CHLD 4 642.902344 1567449968.1807
CHLD 5 661.285156 1567449968.1808
CHLD 6 642.730469 1567449968.1808
CHLD 7 643.109375 1567449968.1809
CHLD 8 642.468750 1567449968.1809
CHLD 9 642.253906 1567449968.1810
CHLD 10 642.265625 1567449968.1811
CHLD 11 642.460938 1567449968.1811
CHLD 12 10.851562 1567449968.1812
CHLD 13 10.957031 1567449968.1812
CHLD 14 10.871094 1567449968.1813
CHLD 15 10.968750 1567449968.1814
CHLD 16 10.917969 1567449968.1814
CHLD 17 10.968750 1567449968.1815
CHLD 18 10.847656 1567449968.1815
CHLD 19 10.917969 1567449968.1816
MEM 707.812500 1567449968.2820
CHLD 0 601.078125 1567449968.2978
CHLD 1 601.085938 1567449968.2979
CHLD 2 601.085938 1567449968.2980
CHLD 3 601.085938 1567449968.2980
CHLD 4 643.386719 1567449968.2981
CHLD 5 661.285156 1567449968.2981
CHLD 6 642.898438 1567449968.2982
CHLD 7 643.449219 1567449968.2982
CHLD 8 642.640625 1567449968.3224
CHLD 9 642.421875 1567449968.3225
CHLD 10 642.445312 1567449968.3225
CHLD 11 642.769531 1567449968.3226
CHLD 12 10.851562 1567449968.3227
CHLD 13 10.957031 1567449968.3227
CHLD 14 10.871094 1567449968.3228
CHLD 15 10.968750 1567449968.3229
CHLD 16 10.917969 1567449968.3229
CHLD 17 10.968750 1567449968.3230
CHLD 18 10.847656 1567449968.3230
CHLD 19 10.917969 1567449968.3231
MEM 707.812500 1567449968.4235
CHLD 0 601.078125 1567449968.4625
CHLD 1 601.085938 1567449968.4625
CHLD 2 601.085938 1567449968.4626
CHLD 3 601.085938 1567449968.4627
CHLD 4 650.492188 1567449968.4627
CHLD 5 666.371094 1567449968.4628
CHLD 6 643.042969 1567449968.4629
CHLD 7 650.484375 1567449968.4629
CHLD 8 642.832031 1567449968.4630
CHLD 9 642.597656 1567449968.4630
CHLD 10 643.957031 1567449968.4631
CHLD 11 649.375000 1567449968.4632
CHLD 12 10.851562 1567449968.4632
CHLD 13 10.957031 1567449968.4633
CHLD 14 10.871094 1567449968.4633
CHLD 15 10.968750 1567449968.4634
CHLD 16 10.917969 1567449968.4635
CHLD 17 10.968750 1567449968.4635
CHLD 18 10.847656 1567449968.4636
CHLD 19 10.917969 1567449968.4636
MEM 707.812500 1567449968.5641
CHLD 0 601.078125 1567449968.5977
CHLD 1 601.085938 1567449968.5978
CHLD 2 601.085938 1567449968.5978
CHLD 3 601.085938 1567449968.5979
CHLD 4 651.656250 1567449968.5980
CHLD 5 697.117188 1567449968.5980
CHLD 6 644.539062 1567449968.5981
CHLD 7 651.183594 1567449968.5981
CHLD 8 643.011719 1567449968.5982
CHLD 9 642.742188 1567449968.5982
CHLD 10 654.007812 1567449968.6027
CHLD 11 650.640625 1567449968.6029
CHLD 12 10.851562 1567449968.6029
CHLD 13 10.957031 1567449968.6030
CHLD 14 10.871094 1567449968.6031
CHLD 15 10.968750 1567449968.6031
CHLD 16 10.917969 1567449968.6032
CHLD 17 10.968750 1567449968.6032
CHLD 18 10.847656 1567449968.6033
CHLD 19 10.917969 1567449968.6034
MEM 707.812500 1567449968.7051
CHLD 0 601.078125 1567449968.8113
CHLD 1 601.085938 1567449968.8114
CHLD 2 601.085938 1567449968.8114
CHLD 3 601.085938 1567449968.8115
CHLD 4 654.546875 1567449968.8116
CHLD 5 728.566406 1567449968.8116
CHLD 6 649.953125 1567449968.8117
CHLD 7 655.218750 1567449968.8117
CHLD 8 643.371094 1567449968.8118
CHLD 9 642.921875 1567449968.8119
CHLD 10 654.195312 1567449968.8119
CHLD 11 654.156250 1567449968.8120
CHLD 12 10.851562 1567449968.8120
CHLD 13 10.957031 1567449968.8121
CHLD 14 10.871094 1567449968.8122
CHLD 15 10.968750 1567449968.8122
CHLD 16 10.917969 1567449968.8123
CHLD 17 10.968750 1567449968.8123
CHLD 18 10.847656 1567449968.8306
CHLD 19 10.917969 1567449968.8307
MEM 707.812500 1567449968.9323
CHLD 0 601.078125 1567449969.0330
CHLD 1 601.085938 1567449969.0330
CHLD 2 601.085938 1567449969.0331
CHLD 3 601.085938 1567449969.0332
CHLD 4 660.746094 1567449969.0332
CHLD 5 735.011719 1567449969.0333
CHLD 6 651.269531 1567449969.0333
CHLD 7 655.628906 1567449969.0334
CHLD 8 650.527344 1567449969.0334
CHLD 9 643.289062 1567449969.0335
CHLD 10 654.929688 1567449969.0336
CHLD 11 654.468750 1567449969.0336
CHLD 12 10.851562 1567449969.0337
CHLD 13 10.957031 1567449969.0337
CHLD 14 10.871094 1567449969.0338
CHLD 15 10.968750 1567449969.0338
CHLD 16 10.917969 1567449969.0339
CHLD 17 10.968750 1567449969.0339
CHLD 18 10.847656 1567449969.0340
CHLD 19 10.917969 1567449969.0341
MEM 707.812500 1567449969.1348
CHLD 0 601.078125 1567449969.1961
CHLD 1 601.085938 1567449969.1962
CHLD 2 601.085938 1567449969.1963
CHLD 3 601.085938 1567449969.1963
CHLD 4 660.746094 1567449969.1964
CHLD 5 738.105469 1567449969.1965
CHLD 6 654.617188 1567449969.1965
CHLD 7 657.832031 1567449969.1966
CHLD 8 652.574219 1567449969.1967
CHLD 9 643.289062 1567449969.1967
CHLD 10 654.929688 1567449969.1968
CHLD 11 658.257812 1567449969.1969
CHLD 12 10.851562 1567449969.1969
CHLD 13 10.957031 1567449969.1970
CHLD 14 10.871094 1567449969.1971
CHLD 15 10.968750 1567449969.1971
CHLD 16 10.917969 1567449969.1972
CHLD 17 10.968750 1567449969.1972
CHLD 18 10.847656 1567449969.1973
CHLD 19 10.917969 1567449969.1974
MEM 707.812500 1567449969.2978
CHLD 0 601.078125 1567449969.3363
CHLD 1 601.085938 1567449969.3364
CHLD 2 601.085938 1567449969.3365
CHLD 3 601.085938 1567449969.3365
CHLD 4 661.312500 1567449969.3366
CHLD 5 738.363281 1567449969.3367
CHLD 6 654.886719 1567449969.3367
CHLD 7 662.761719 1567449969.3368
CHLD 8 654.882812 1567449969.3369
CHLD 9 643.468750 1567449969.3369
CHLD 10 655.257812 1567449969.3370
CHLD 11 658.257812 1567449969.3371
CHLD 12 10.851562 1567449969.3371
CHLD 13 10.957031 1567449969.3372
CHLD 14 10.871094 1567449969.3372
CHLD 15 10.968750 1567449969.3373
CHLD 16 10.917969 1567449969.3374
CHLD 17 10.968750 1567449969.3374
CHLD 18 10.847656 1567449969.3375
CHLD 19 10.917969 1567449969.3375
MEM 707.812500 1567449969.4382
CHLD 0 601.078125 1567449969.4719
CHLD 1 601.085938 1567449969.4720
CHLD 2 601.085938 1567449969.4721
CHLD 3 601.085938 1567449969.4721
CHLD 4 661.312500 1567449969.4722
CHLD 5 726.191406 1567449969.4722
CHLD 6 660.113281 1567449969.4723
CHLD 7 662.761719 1567449969.4723
CHLD 8 654.890625 1567449969.4724
CHLD 9 643.562500 1567449969.4724
CHLD 10 655.257812 1567449969.4725
CHLD 11 658.257812 1567449969.4725
CHLD 12 10.851562 1567449969.4726
CHLD 13 10.957031 1567449969.4727
CHLD 14 10.871094 1567449969.4727
CHLD 15 10.968750 1567449969.4728
CHLD 16 10.917969 1567449969.4728
CHLD 17 10.968750 1567449969.4729
CHLD 18 10.847656 1567449969.4730
CHLD 19 10.917969 1567449969.4730
MEM 707.812500 1567449969.5826
CHLD 0 601.078125 1567449969.6430
CHLD 1 601.085938 1567449969.6431
CHLD 2 601.085938 1567449969.6432
CHLD 3 601.085938 1567449969.6432
CHLD 4 670.015625 1567449969.6433
CHLD 5 735.468750 1567449969.6434
CHLD 6 660.746094 1567449969.6434
CHLD 7 662.761719 1567449969.6435
CHLD 8 655.140625 1567449969.6435
CHLD 9 643.757812 1567449969.6436
CHLD 10 655.257812 1567449969.6437
CHLD 11 658.523438 1567449969.6437
CHLD 12 10.851562 1567449969.6438
CHLD 13 10.957031 1567449969.6439
CHLD 14 10.871094 1567449969.6439
CHLD 15 10.968750 1567449969.6440
CHLD 16 10.917969 1567449969.6440
CHLD 17 10.968750 1567449969.6441
CHLD 18 10.847656 1567449969.6442
CHLD 19 10.917969 1567449969.6442
MEM 707.812500 1567449969.7447
CHLD 0 601.078125 1567449969.8067
CHLD 1 601.085938 1567449969.8068
CHLD 2 601.085938 1567449969.8069
CHLD 3 601.085938 1567449969.8070
CHLD 4 670.015625 1567449969.8070
CHLD 5 741.656250 1567449969.8071
CHLD 6 665.613281 1567449969.8071
CHLD 7 667.660156 1567449969.8072
CHLD 8 655.289062 1567449969.8073
CHLD 9 643.812500 1567449969.8073
CHLD 10 655.257812 1567449969.8074
CHLD 11 658.523438 1567449969.8075
CHLD 12 10.851562 1567449969.8075
CHLD 13 10.957031 1567449969.8076
CHLD 14 10.871094 1567449969.8077
CHLD 15 10.968750 1567449969.8077
CHLD 16 10.917969 1567449969.8078
CHLD 17 10.968750 1567449969.8078
CHLD 18 10.847656 1567449969.8079
CHLD 19 10.917969 1567449969.8079
MEM 707.812500 1567449969.9085
CHLD 0 601.078125 1567449969.9889
CHLD 1 601.085938 1567449969.9889
CHLD 2 601.085938 1567449969.9991
CHLD 3 601.085938 1567449969.9992
CHLD 4 670.015625 1567449969.9993
CHLD 5 750.679688 1567449969.9993
CHLD 6 666.273438 1567449969.9994
CHLD 7 667.660156 1567449969.9995
CHLD 8 658.644531 1567449969.9995
CHLD 9 643.992188 1567449969.9996
CHLD 10 662.921875 1567449969.9996
CHLD 11 658.523438 1567449969.9997
CHLD 12 10.851562 1567449969.9997
CHLD 13 10.957031 1567449969.9998
CHLD 14 10.871094 1567449969.9999
CHLD 15 10.968750 1567449969.9999
CHLD 16 10.917969 1567449970.0000
CHLD 17 10.968750 1567449970.0000
CHLD 18 10.847656 1567449970.0001
CHLD 19 10.917969 1567449970.0002
MEM 707.812500 1567449970.1049
CHLD 0 601.078125 1567449970.2368
CHLD 1 601.085938 1567449970.2369
CHLD 2 601.085938 1567449970.2370
CHLD 3 601.085938 1567449970.2370
CHLD 4 670.015625 1567449970.2371
CHLD 5 750.679688 1567449970.2372
CHLD 6 666.273438 1567449970.2372
CHLD 7 667.660156 1567449970.2373
CHLD 8 658.644531 1567449970.2373
CHLD 9 644.175781 1567449970.2374
CHLD 10 667.140625 1567449970.2375
CHLD 11 658.523438 1567449970.2375
CHLD 12 10.851562 1567449970.2376
CHLD 13 10.957031 1567449970.2377
CHLD 14 10.871094 1567449970.2377
CHLD 15 10.968750 1567449970.2378
CHLD 16 10.917969 1567449970.2379
CHLD 17 10.968750 1567449970.2379
CHLD 18 10.847656 1567449970.2380
CHLD 19 10.917969 1567449970.2381
MEM 707.812500 1567449970.3394
CHLD 0 601.078125 1567449970.4190
CHLD 1 601.085938 1567449970.4191
CHLD 2 601.085938 1567449970.4191
CHLD 3 601.085938 1567449970.4192
CHLD 4 670.015625 1567449970.4193
CHLD 5 750.679688 1567449970.4193
CHLD 6 666.273438 1567449970.4194
CHLD 7 667.660156 1567449970.4195
CHLD 8 658.644531 1567449970.4195
CHLD 9 644.312500 1567449970.4196
CHLD 10 667.687500 1567449970.4197
CHLD 11 661.894531 1567449970.4197
CHLD 12 10.851562 1567449970.4198
CHLD 13 10.957031 1567449970.4198
CHLD 14 10.871094 1567449970.4199
CHLD 15 10.968750 1567449970.4199
CHLD 16 10.917969 1567449970.4200
CHLD 17 10.968750 1567449970.4201
CHLD 18 10.847656 1567449970.4201
CHLD 19 10.917969 1567449970.4202
MEM 707.812500 1567449970.5206
CHLD 0 601.078125 1567449970.6390
CHLD 1 601.085938 1567449970.6391
CHLD 2 601.085938 1567449970.6529
CHLD 3 601.085938 1567449970.6531
CHLD 4 670.015625 1567449970.6532
CHLD 5 750.679688 1567449970.6533
CHLD 6 666.273438 1567449970.6567
CHLD 7 667.660156 1567449970.6568
CHLD 8 658.644531 1567449970.6569
CHLD 9 644.496094 1567449970.6570
CHLD 10 669.492188 1567449970.6571
CHLD 11 679.132812 1567449970.6572
CHLD 12 10.851562 1567449970.6573
CHLD 13 10.957031 1567449970.6574
CHLD 14 10.871094 1567449970.6575
CHLD 15 10.968750 1567449970.6632
CHLD 16 10.917969 1567449970.6633
CHLD 17 10.968750 1567449970.6633
CHLD 18 10.847656 1567449970.6634
CHLD 19 10.917969 1567449970.6634
MEM 707.812500 1567449970.7641
CHLD 0 601.078125 1567449970.8145
CHLD 1 601.085938 1567449970.8146
CHLD 2 601.085938 1567449970.8146
CHLD 3 601.085938 1567449970.8147
CHLD 4 670.015625 1567449970.8148
CHLD 5 753.773438 1567449970.8148
CHLD 6 666.273438 1567449970.8149
CHLD 7 667.660156 1567449970.8149
CHLD 8 658.644531 1567449970.8150
CHLD 9 644.496094 1567449970.8150
CHLD 10 669.492188 1567449970.8151
CHLD 11 687.929688 1567449970.8152
CHLD 12 10.851562 1567449970.8152
CHLD 13 10.957031 1567449970.8153
CHLD 14 10.871094 1567449970.8153
CHLD 15 10.968750 1567449970.8154
CHLD 16 10.917969 1567449970.8155
CHLD 17 10.968750 1567449970.8468
CHLD 18 10.847656 1567449970.8469
CHLD 19 10.917969 1567449970.8470
MEM 707.812500 1567449970.9475
CHLD 0 601.078125 1567449971.0346
CHLD 1 601.085938 1567449971.0347
CHLD 2 601.085938 1567449971.0400
CHLD 3 601.085938 1567449971.0401
CHLD 4 670.015625 1567449971.0402
CHLD 5 741.468750 1567449971.0402
CHLD 6 666.273438 1567449971.0403
CHLD 7 667.660156 1567449971.0404
CHLD 8 658.644531 1567449971.0404
CHLD 9 644.656250 1567449971.0405
CHLD 10 669.492188 1567449971.0406
CHLD 11 694.117188 1567449971.0425
CHLD 12 10.851562 1567449971.0426
CHLD 13 10.957031 1567449971.0427
CHLD 14 10.871094 1567449971.0427
CHLD 15 10.968750 1567449971.0428
CHLD 16 10.917969 1567449971.0428
CHLD 17 10.968750 1567449971.0429
CHLD 18 10.847656 1567449971.0429
CHLD 19 10.917969 1567449971.0430
MEM 707.812500 1567449971.1434
CHLD 0 601.078125 1567449971.2573
CHLD 1 601.085938 1567449971.2573
CHLD 2 601.085938 1567449971.2574
CHLD 3 601.085938 1567449971.2575
CHLD 4 670.015625 1567449971.2575
CHLD 5 741.726562 1567449971.2576
CHLD 6 666.273438 1567449971.2576
CHLD 7 667.660156 1567449971.2577
CHLD 8 658.644531 1567449971.2578
CHLD 9 644.828125 1567449971.2578
CHLD 10 669.492188 1567449971.2579
CHLD 11 695.406250 1567449971.2579
CHLD 12 10.851562 1567449971.2580
CHLD 13 10.957031 1567449971.2581
CHLD 14 10.871094 1567449971.2581
CHLD 15 10.968750 1567449971.2582
CHLD 16 10.917969 1567449971.2582
CHLD 17 10.968750 1567449971.2583
CHLD 18 10.847656 1567449971.2601
CHLD 19 10.917969 1567449971.2602
MEM 707.812500 1567449971.3606
CHLD 0 601.078125 1567449971.4721
CHLD 1 601.085938 1567449971.4722
CHLD 2 601.085938 1567449971.4723
CHLD 3 601.085938 1567449971.4723
CHLD 4 670.863281 1567449971.4724
CHLD 5 729.730469 1567449971.4724
CHLD 6 668.750000 1567449971.4725
CHLD 7 667.660156 1567449971.4726
CHLD 8 658.644531 1567449971.4726
CHLD 9 646.343750 1567449971.4727
CHLD 10 669.750000 1567449971.4728
CHLD 11 695.921875 1567449971.4728
CHLD 12 10.851562 1567449971.4729
CHLD 13 10.957031 1567449971.4729
CHLD 14 10.871094 1567449971.4730
CHLD 15 10.968750 1567449971.4731
CHLD 16 10.917969 1567449971.4731
CHLD 17 10.968750 1567449971.4732
CHLD 18 10.847656 1567449971.4732
CHLD 19 10.917969 1567449971.4733
MEM 707.812500 1567449971.5739
CHLD 0 601.078125 1567449971.7440
CHLD 1 601.085938 1567449971.7441
CHLD 2 601.085938 1567449971.7441
CHLD 3 601.085938 1567449971.7442
CHLD 4 674.820312 1567449971.7443
CHLD 5 747.777344 1567449971.7443
CHLD 6 696.042969 1567449971.7444
CHLD 7 670.566406 1567449971.7639
CHLD 8 658.644531 1567449971.7640
CHLD 9 651.769531 1567449971.7641
CHLD 10 669.750000 1567449971.7642
CHLD 11 695.921875 1567449971.7642
CHLD 12 10.851562 1567449971.7643
CHLD 13 10.957031 1567449971.7643
CHLD 14 10.871094 1567449971.7644
CHLD 15 10.968750 1567449971.7645
CHLD 16 10.917969 1567449971.7645
CHLD 17 10.968750 1567449971.7646
CHLD 18 10.847656 1567449971.7647
CHLD 19 10.917969 1567449971.7647
MEM 707.812500 1567449971.8652
CHLD 0 601.078125 1567449972.0063
CHLD 1 601.085938 1567449972.0064
CHLD 2 601.085938 1567449972.0064
CHLD 3 601.085938 1567449972.0065
CHLD 4 700.449219 1567449972.0066
CHLD 5 747.777344 1567449972.0529
CHLD 6 714.933594 1567449972.0530
CHLD 7 701.144531 1567449972.0531
CHLD 8 658.644531 1567449972.0532
CHLD 9 652.207031 1567449972.0532
CHLD 10 669.750000 1567449972.0533
CHLD 11 696.437500 1567449972.0534
CHLD 12 10.851562 1567449972.0534
CHLD 13 10.957031 1567449972.0535
CHLD 14 10.871094 1567449972.0536
CHLD 15 10.968750 1567449972.0536
CHLD 16 10.917969 1567449972.0537
CHLD 17 10.968750 1567449972.0538
CHLD 18 10.847656 1567449972.0538
CHLD 19 10.917969 1567449972.0539
MEM 707.812500 1567449972.1544
CHLD 0 601.078125 1567449972.2504
CHLD 1 601.085938 1567449972.2505
CHLD 2 601.085938 1567449972.2675
CHLD 3 601.085938 1567449972.2737
CHLD 4 709.988281 1567449972.2738
CHLD 5 747.777344 1567449972.2739
CHLD 6 722.667969 1567449972.2740
CHLD 7 706.292969 1567449972.2741
CHLD 8 666.152344 1567449972.2742
CHLD 9 652.804688 1567449972.2742
CHLD 10 670.007812 1567449972.2744
CHLD 11 696.437500 1567449972.2745
CHLD 12 10.851562 1567449972.2746
CHLD 13 10.957031 1567449972.2747
CHLD 14 10.871094 1567449972.2748
CHLD 15 10.968750 1567449972.2748
CHLD 16 10.917969 1567449972.2749
CHLD 17 10.968750 1567449972.2749
CHLD 18 10.847656 1567449972.2750
CHLD 19 10.917969 1567449972.2751
MEM 707.812500 1567449972.3757
CHLD 0 601.078125 1567449972.6832
CHLD 1 601.085938 1567449972.6833
CHLD 2 601.085938 1567449972.6834
CHLD 3 601.085938 1567449972.6834
CHLD 4 717.101562 1567449972.6835
CHLD 5 747.777344 1567449972.6835
CHLD 6 711.472656 1567449972.6836
CHLD 7 710.417969 1567449972.6837
CHLD 8 687.910156 1567449972.6837
CHLD 9 654.253906 1567449972.6838
CHLD 10 670.007812 1567449972.6838
CHLD 11 699.531250 1567449972.6839
CHLD 12 10.851562 1567449972.6839
CHLD 13 10.957031 1567449972.6840
CHLD 14 10.871094 1567449972.6840
CHLD 15 10.968750 1567449972.6841
CHLD 16 10.917969 1567449972.7389
CHLD 17 10.968750 1567449972.7396
CHLD 18 10.847656 1567449972.7397
CHLD 19 10.917969 1567449972.7397
MEM 707.812500 1567449972.8404
CHLD 0 601.078125 1567449973.0100
CHLD 1 601.085938 1567449973.1066
CHLD 2 601.085938 1567449973.1067
CHLD 3 601.085938 1567449973.1068
CHLD 4 727.703125 1567449973.1068
CHLD 5 748.035156 1567449973.1069
CHLD 6 719.464844 1567449973.1069
CHLD 7 712.992188 1567449973.1070
CHLD 8 697.449219 1567449973.1071
CHLD 9 654.253906 1567449973.1071
CHLD 10 670.007812 1567449973.1072
CHLD 11 700.562500 1567449973.1072
CHLD 12 10.851562 1567449973.1073
CHLD 13 10.957031 1567449973.1074
CHLD 14 10.871094 1567449973.1074
CHLD 15 10.968750 1567449973.1075
CHLD 16 10.917969 1567449973.1075
CHLD 17 10.968750 1567449973.1076
CHLD 18 10.847656 1567449973.1076
CHLD 19 10.917969 1567449973.1077
MEM 707.824219 1567449973.2235
CHLD 0 601.078125 1567449973.4890
CHLD 1 601.085938 1567449973.4891
CHLD 2 601.085938 1567449973.4892
CHLD 3 601.085938 1567449973.4893
CHLD 4 729.765625 1567449973.4893
CHLD 5 748.035156 1567449973.4894
CHLD 6 728.480469 1567449973.4894
CHLD 7 714.023438 1567449973.4895
CHLD 8 699.253906 1567449973.4896
CHLD 9 656.562500 1567449973.4896
CHLD 10 670.007812 1567449973.4897
CHLD 11 700.562500 1567449973.4898
CHLD 12 10.851562 1567449973.4898
CHLD 13 10.957031 1567449973.4899
CHLD 14 10.871094 1567449973.4900
CHLD 15 10.968750 1567449973.4901
CHLD 16 10.917969 1567449973.4901
CHLD 17 10.968750 1567449973.4902
CHLD 18 10.847656 1567449973.4903
CHLD 19 10.917969 1567449973.4903
MEM 707.824219 1567449973.5913
CHLD 0 601.078125 1567449973.7347
CHLD 1 601.085938 1567449973.7348
CHLD 2 601.085938 1567449973.7465
CHLD 3 601.085938 1567449973.7466
CHLD 4 729.765625 1567449973.7467
CHLD 5 730.019531 1567449973.7467
CHLD 6 728.480469 1567449973.7468
CHLD 7 716.859375 1567449973.7468
CHLD 8 708.792969 1567449973.7469
CHLD 9 656.562500 1567449973.7470
CHLD 10 670.007812 1567449973.7470
CHLD 11 700.562500 1567449973.7471
CHLD 12 10.851562 1567449973.7471
CHLD 13 10.957031 1567449973.7472
CHLD 14 10.871094 1567449973.7473
CHLD 15 10.968750 1567449973.7473
CHLD 16 10.917969 1567449973.7474
CHLD 17 10.968750 1567449973.7474
CHLD 18 10.847656 1567449973.7475
CHLD 19 10.917969 1567449973.7475
MEM 707.824219 1567449973.8481
CHLD 0 601.078125 1567449974.0844
CHLD 1 601.085938 1567449974.0845
CHLD 2 601.085938 1567449974.0846
CHLD 3 601.085938 1567449974.0846
CHLD 4 733.890625 1567449974.0847
CHLD 5 742.132812 1567449974.0848
CHLD 6 728.996094 1567449974.0848
CHLD 7 716.859375 1567449974.0940
CHLD 8 710.597656 1567449974.0941
CHLD 9 656.562500 1567449974.0941
CHLD 10 670.007812 1567449974.0946
CHLD 11 700.562500 1567449974.0947
CHLD 12 10.851562 1567449974.0948
CHLD 13 10.957031 1567449974.0948
CHLD 14 10.871094 1567449974.0949
CHLD 15 10.968750 1567449974.0949
CHLD 16 10.917969 1567449974.0950
CHLD 17 10.968750 1567449974.0951
CHLD 18 10.847656 1567449974.0951
CHLD 19 10.917969 1567449974.0952
MEM 707.824219 1567449974.1956
CHLD 0 601.078125 1567449974.3503
CHLD 1 601.085938 1567449974.3503
CHLD 2 601.085938 1567449974.3504
CHLD 3 601.085938 1567449974.3505
CHLD 4 733.890625 1567449974.3505
CHLD 5 742.132812 1567449974.3506
CHLD 6 732.605469 1567449974.3506
CHLD 7 717.375000 1567449974.3507
CHLD 8 713.980469 1567449974.3507
CHLD 9 656.750000 1567449974.3508
CHLD 10 670.007812 1567449974.3509
CHLD 11 701.335938 1567449974.3509
CHLD 12 10.851562 1567449974.3510
CHLD 13 10.957031 1567449974.3510
CHLD 14 10.871094 1567449974.3511
CHLD 15 10.968750 1567449974.3512
CHLD 16 10.917969 1567449974.3724
CHLD 17 10.968750 1567449974.3725
CHLD 18 10.847656 1567449974.3726
CHLD 19 10.917969 1567449974.3726
MEM 707.824219 1567449974.4732
CHLD 0 601.078125 1567449974.6071
CHLD 1 601.085938 1567449974.6276
CHLD 2 601.085938 1567449974.6289
CHLD 3 601.085938 1567449974.6290
CHLD 4 733.890625 1567449974.6291
CHLD 5 742.132812 1567449974.6291
CHLD 6 732.605469 1567449974.6292
CHLD 7 717.375000 1567449974.6293
CHLD 8 713.980469 1567449974.6293
CHLD 9 656.750000 1567449974.6294
CHLD 10 670.007812 1567449974.6295
CHLD 11 701.335938 1567449974.6295
CHLD 12 10.851562 1567449974.6296
CHLD 13 10.957031 1567449974.6297
CHLD 14 10.871094 1567449974.6297
CHLD 15 10.968750 1567449974.6298
CHLD 16 10.917969 1567449974.6298
CHLD 17 10.968750 1567449974.6299
CHLD 18 10.847656 1567449974.6299
CHLD 19 10.917969 1567449974.6300
MEM 707.824219 1567449974.7306
CHLD 0 601.078125 1567449974.8337
CHLD 1 601.085938 1567449974.8338
CHLD 2 601.085938 1567449974.8339
CHLD 3 601.085938 1567449974.8340
CHLD 4 736.984375 1567449974.8341
CHLD 5 742.132812 1567449974.8341
CHLD 6 734.152344 1567449974.8342
CHLD 7 717.890625 1567449974.8846
CHLD 8 713.980469 1567449974.8848
CHLD 9 656.750000 1567449974.8867
CHLD 10 670.007812 1567449974.8868
CHLD 11 702.367188 1567449974.8869
CHLD 12 10.851562 1567449974.8870
CHLD 13 10.957031 1567449974.8870
CHLD 14 10.871094 1567449974.8871
CHLD 15 10.968750 1567449974.8872
CHLD 16 10.917969 1567449974.8872
CHLD 17 10.968750 1567449974.8873
CHLD 18 10.847656 1567449974.8874
CHLD 19 10.917969 1567449974.8874
MEM 707.824219 1567449975.0042
CHLD 0 601.078125 1567449975.2626
CHLD 1 601.085938 1567449975.2626
CHLD 2 601.085938 1567449975.2627
CHLD 3 601.085938 1567449975.2628
CHLD 4 741.625000 1567449975.2628
CHLD 5 732.394531 1567449975.2629
CHLD 6 734.152344 1567449975.2629
CHLD 7 717.890625 1567449975.2630
CHLD 8 713.980469 1567449975.2631
CHLD 9 657.234375 1567449975.2631
CHLD 10 670.007812 1567449975.2632
CHLD 11 702.367188 1567449975.2632
CHLD 12 10.851562 1567449975.2633
CHLD 13 10.957031 1567449975.2634
CHLD 14 10.871094 1567449975.2634
CHLD 15 10.968750 1567449975.2635
CHLD 16 10.917969 1567449975.2635
CHLD 17 10.968750 1567449975.2636
CHLD 18 10.847656 1567449975.2637
CHLD 19 10.917969 1567449975.2637
MEM 707.824219 1567449975.3643
CHLD 0 601.078125 1567449975.4448
CHLD 1 601.085938 1567449975.4449
CHLD 2 601.085938 1567449975.4450
CHLD 3 601.085938 1567449975.4451
CHLD 4 741.625000 1567449975.4451
CHLD 5 741.675781 1567449975.4452
CHLD 6 734.152344 1567449975.4452
CHLD 7 717.890625 1567449975.4783
CHLD 8 713.980469 1567449975.4785
CHLD 9 657.296875 1567449975.4785
CHLD 10 670.007812 1567449975.4786
CHLD 11 702.367188 1567449975.4787
CHLD 12 10.851562 1567449975.4788
CHLD 13 10.957031 1567449975.4789
CHLD 14 10.871094 1567449975.4789
CHLD 15 10.968750 1567449975.4790
CHLD 16 10.917969 1567449975.4791
CHLD 17 10.968750 1567449975.4791
CHLD 18 10.847656 1567449975.4792
CHLD 19 10.917969 1567449975.4792
MEM 707.824219 1567449975.5797
CHLD 0 601.078125 1567449975.8203
CHLD 1 601.085938 1567449975.8203
CHLD 2 601.085938 1567449975.8204
CHLD 3 601.085938 1567449975.8205
CHLD 4 741.625000 1567449975.8206
CHLD 5 743.480469 1567449975.8206
CHLD 6 734.152344 1567449975.8207
CHLD 7 717.890625 1567449975.8208
CHLD 8 715.785156 1567449975.8208
CHLD 9 657.296875 1567449975.8209
CHLD 10 670.007812 1567449975.8210
CHLD 11 702.367188 1567449975.8210
CHLD 12 10.851562 1567449975.8211
CHLD 13 10.957031 1567449975.8212
CHLD 14 10.871094 1567449975.8212
CHLD 15 10.968750 1567449975.8213
CHLD 16 10.917969 1567449975.8214
CHLD 17 10.968750 1567449975.8527
CHLD 18 10.847656 1567449975.8529
CHLD 19 10.917969 1567449975.8529
MEM 707.824219 1567449975.9592
CHLD 0 601.078125 1567449976.0915
CHLD 1 601.085938 1567449976.0915
CHLD 2 601.085938 1567449976.0916
CHLD 3 601.085938 1567449976.0917
CHLD 4 744.976562 1567449976.0917
CHLD 5 747.863281 1567449976.0918
CHLD 6 734.152344 1567449976.0919
CHLD 7 717.890625 1567449976.0919
CHLD 8 716.042969 1567449976.0920
CHLD 9 657.296875 1567449976.0920
CHLD 10 670.265625 1567449976.0921
CHLD 11 702.367188 1567449976.0922
CHLD 12 10.851562 1567449976.0922
CHLD 13 10.957031 1567449976.0923
CHLD 14 10.871094 1567449976.0924
CHLD 15 10.968750 1567449976.0924
CHLD 16 10.917969 1567449976.0925
CHLD 17 10.968750 1567449976.0925
CHLD 18 10.847656 1567449976.0926
CHLD 19 10.917969 1567449976.0926
MEM 707.824219 1567449976.2553
CHLD 0 601.078125 1567449976.4800
CHLD 1 601.085938 1567449976.4800
CHLD 2 601.085938 1567449976.4801
CHLD 3 601.085938 1567449976.4801
CHLD 4 744.976562 1567449976.4802
CHLD 5 747.863281 1567449976.4802
CHLD 6 743.175781 1567449976.4803
CHLD 7 720.210938 1567449976.4803
CHLD 8 718.105469 1567449976.4804
CHLD 9 657.296875 1567449976.4804
CHLD 10 670.265625 1567449976.4805
CHLD 11 702.367188 1567449976.4805
CHLD 12 10.851562 1567449976.4806
CHLD 13 10.957031 1567449976.4807
CHLD 14 10.871094 1567449976.4807
CHLD 15 10.968750 1567449976.4808
CHLD 16 10.917969 1567449976.4808
CHLD 17 10.968750 1567449976.4809
CHLD 18 10.847656 1567449976.4809
CHLD 19 10.917969 1567449976.4810
MEM 707.824219 1567449976.5829
CHLD 0 601.078125 1567449976.6650
CHLD 1 601.085938 1567449976.6651
CHLD 2 601.085938 1567449976.6652
CHLD 3 601.085938 1567449976.6652
CHLD 4 744.976562 1567449976.6653
CHLD 5 747.863281 1567449976.6654
CHLD 6 743.175781 1567449976.6654
CHLD 7 720.210938 1567449976.6655
CHLD 8 718.105469 1567449976.6656
CHLD 9 657.296875 1567449976.6656
CHLD 10 670.265625 1567449976.6657
CHLD 11 702.367188 1567449976.6657
CHLD 12 10.851562 1567449976.6658
CHLD 13 10.957031 1567449976.6659
CHLD 14 10.871094 1567449976.6659
CHLD 15 10.968750 1567449976.6660
CHLD 16 10.917969 1567449976.6660
CHLD 17 10.968750 1567449976.6661
CHLD 18 10.847656 1567449976.6661
CHLD 19 10.917969 1567449976.6662
MEM 707.824219 1567449976.7743
CHLD 0 601.078125 1567449976.9914
CHLD 1 601.085938 1567449976.9914
CHLD 2 601.085938 1567449976.9915
CHLD 3 601.085938 1567449976.9915
CHLD 4 744.976562 1567449976.9916
CHLD 5 747.863281 1567449976.9917
CHLD 6 743.175781 1567449976.9917
CHLD 7 722.015625 1567449976.9918
CHLD 8 718.105469 1567449976.9918
CHLD 9 657.562500 1567449976.9919
CHLD 10 670.265625 1567449976.9919
CHLD 11 702.367188 1567449976.9920
CHLD 12 10.851562 1567449976.9920
CHLD 13 10.957031 1567449976.9921
CHLD 14 10.871094 1567449976.9922
CHLD 15 10.968750 1567449976.9922
CHLD 16 10.917969 1567449976.9923
CHLD 17 10.968750 1567449976.9923
CHLD 18 10.847656 1567449976.9924
CHLD 19 10.917969 1567449976.9924
MEM 707.824219 1567449977.0930
CHLD 0 601.078125 1567449977.1636
CHLD 1 601.085938 1567449977.1637
CHLD 2 601.085938 1567449977.1638
CHLD 3 601.085938 1567449977.1638
CHLD 4 744.976562 1567449977.1660
CHLD 5 747.863281 1567449977.1661
CHLD 6 743.175781 1567449977.1662
CHLD 7 722.015625 1567449977.1663
CHLD 8 718.105469 1567449977.1664
CHLD 9 657.562500 1567449977.1664
CHLD 10 670.265625 1567449977.1665
CHLD 11 702.367188 1567449977.1666
CHLD 12 10.851562 1567449977.1666
CHLD 13 10.957031 1567449977.1667
CHLD 14 10.871094 1567449977.1667
CHLD 15 10.968750 1567449977.1668
CHLD 16 10.917969 1567449977.1669
CHLD 17 10.968750 1567449977.1669
CHLD 18 10.847656 1567449977.1670
CHLD 19 10.917969 1567449977.1670
MEM 707.824219 1567449977.2674
CHLD 0 601.078125 1567449977.3978
CHLD 1 601.085938 1567449977.3979
CHLD 2 601.085938 1567449977.3979
CHLD 3 601.085938 1567449977.3980
CHLD 4 744.976562 1567449977.3981
CHLD 5 749.667969 1567449977.3981
CHLD 6 726.648438 1567449977.3982
CHLD 7 722.015625 1567449977.3982
CHLD 8 718.105469 1567449977.4033
CHLD 9 657.562500 1567449977.4035
CHLD 10 670.265625 1567449977.4036
CHLD 11 703.656250 1567449977.4036
CHLD 12 10.851562 1567449977.4037
CHLD 13 10.957031 1567449977.4038
CHLD 14 10.871094 1567449977.4038
CHLD 15 10.968750 1567449977.4039
CHLD 16 10.917969 1567449977.4039
CHLD 17 10.968750 1567449977.4040
CHLD 18 10.847656 1567449977.4041
CHLD 19 10.917969 1567449977.4041
MEM 707.824219 1567449977.5049
CHLD 0 601.078125 1567449977.7012
CHLD 1 601.085938 1567449977.7013
CHLD 2 601.085938 1567449977.7014
CHLD 3 601.085938 1567449977.7014
CHLD 4 744.976562 1567449977.7015
CHLD 5 749.667969 1567449977.7016
CHLD 6 726.648438 1567449977.7017
CHLD 7 722.015625 1567449977.7017
CHLD 8 718.105469 1567449977.7018
CHLD 9 657.562500 1567449977.7019
CHLD 10 670.265625 1567449977.7019
CHLD 11 703.656250 1567449977.7020
CHLD 12 10.851562 1567449977.7021
CHLD 13 10.957031 1567449977.7021
CHLD 14 10.871094 1567449977.7022
CHLD 15 10.968750 1567449977.7667
CHLD 16 10.917969 1567449977.7668
CHLD 17 10.968750 1567449977.7669
CHLD 18 10.847656 1567449977.7669
CHLD 19 10.917969 1567449977.7670
MEM 707.824219 1567449977.8679
CHLD 0 601.078125 1567449977.9640
CHLD 1 601.085938 1567449977.9641
CHLD 2 601.085938 1567449977.9642
CHLD 3 601.085938 1567449977.9642
CHLD 4 744.976562 1567449977.9643
CHLD 5 749.667969 1567449977.9643
CHLD 6 727.421875 1567449977.9644
CHLD 7 722.015625 1567449977.9645
CHLD 8 720.941406 1567449977.9645
CHLD 9 657.562500 1567449977.9646
CHLD 10 670.265625 1567449977.9646
CHLD 11 703.656250 1567449977.9647
CHLD 12 10.851562 1567449977.9647
CHLD 13 10.957031 1567449977.9648
CHLD 14 10.871094 1567449977.9649
CHLD 15 10.968750 1567449977.9649
CHLD 16 10.917969 1567449977.9650
CHLD 17 10.968750 1567449977.9650
CHLD 18 10.847656 1567449977.9651
CHLD 19 10.917969 1567449977.9651
MEM 707.824219 1567449978.0659
CHLD 0 601.078125 1567449978.2682
CHLD 1 601.085938 1567449978.2683
CHLD 2 601.085938 1567449978.2684
CHLD 3 601.085938 1567449978.2685
CHLD 4 744.976562 1567449978.2685
CHLD 5 728.406250 1567449978.2686
CHLD 6 728.710938 1567449978.2687
CHLD 7 723.304688 1567449978.2688
CHLD 8 721.972656 1567449978.2688
CHLD 9 657.562500 1567449978.2689
CHLD 10 670.265625 1567449978.2690
CHLD 11 703.656250 1567449978.2691
CHLD 12 10.851562 1567449978.2691
CHLD 13 10.957031 1567449978.2692
CHLD 14 10.871094 1567449978.2692
CHLD 15 10.968750 1567449978.2693
CHLD 16 10.917969 1567449978.2694
CHLD 17 10.968750 1567449978.2695
CHLD 18 10.847656 1567449978.2695
CHLD 19 10.917969 1567449978.2696
MEM 707.824219 1567449978.3701
CHLD 0 601.078125 1567449978.4593
CHLD 1 601.085938 1567449978.4595
CHLD 2 601.085938 1567449978.4596
CHLD 3 601.085938 1567449978.4597
CHLD 4 744.976562 1567449978.4597
CHLD 5 728.406250 1567449978.4598
CHLD 6 733.605469 1567449978.4599
CHLD 7 723.304688 1567449978.4599
CHLD 8 721.972656 1567449978.4600
CHLD 9 657.562500 1567449978.4600
CHLD 10 670.265625 1567449978.4601
CHLD 11 703.656250 1567449978.4601
CHLD 12 10.851562 1567449978.4602
CHLD 13 10.957031 1567449978.4602
CHLD 14 10.871094 1567449978.4603
CHLD 15 10.968750 1567449978.4603
CHLD 16 10.917969 1567449978.4604
CHLD 17 10.968750 1567449978.4627
CHLD 18 10.847656 1567449978.4628
CHLD 19 10.917969 1567449978.4629
MEM 707.824219 1567449978.5633
CHLD 0 601.078125 1567449978.6042
CHLD 1 601.085938 1567449978.6043
CHLD 2 601.085938 1567449978.6044
CHLD 3 601.085938 1567449978.6234
CHLD 4 744.976562 1567449978.6372
CHLD 5 728.406250 1567449978.6372
CHLD 6 737.730469 1567449978.6373
CHLD 7 723.304688 1567449978.6374
CHLD 8 721.972656 1567449978.6374
CHLD 9 657.562500 1567449978.6375
CHLD 10 670.265625 1567449978.6375
CHLD 11 703.656250 1567449978.6376
CHLD 12 10.851562 1567449978.6377
CHLD 13 10.957031 1567449978.6377
CHLD 14 10.871094 1567449978.6378
CHLD 15 10.968750 1567449978.6378
CHLD 16 10.917969 1567449978.6379
CHLD 17 10.968750 1567449978.6380
CHLD 18 10.847656 1567449978.6380
CHLD 19 10.917969 1567449978.6381
MEM 707.824219 1567449978.7386
CHLD 0 601.078125 1567449978.7802
CHLD 1 601.085938 1567449978.7803
CHLD 2 601.085938 1567449978.7803
CHLD 3 601.085938 1567449978.7804
CHLD 4 744.976562 1567449978.7805
CHLD 5 728.406250 1567449978.7805
CHLD 6 741.597656 1567449978.7806
CHLD 7 723.304688 1567449978.7806
CHLD 8 723.261719 1567449978.7807
CHLD 9 657.562500 1567449978.7808
CHLD 10 670.265625 1567449978.7809
CHLD 11 703.656250 1567449978.7809
CHLD 12 10.851562 1567449978.7810
CHLD 13 10.957031 1567449978.7811
CHLD 14 10.871094 1567449978.7811
CHLD 15 10.968750 1567449978.7812
CHLD 16 10.917969 1567449978.7813
CHLD 17 10.968750 1567449978.7813
CHLD 18 10.847656 1567449978.7814
CHLD 19 10.917969 1567449978.7814
MEM 707.824219 1567449978.8819
CHLD 0 601.078125 1567449978.9160
CHLD 1 601.085938 1567449978.9160
CHLD 2 601.085938 1567449978.9161
CHLD 3 601.085938 1567449978.9162
CHLD 4 744.976562 1567449978.9162
CHLD 5 728.406250 1567449978.9163
CHLD 6 741.597656 1567449978.9164
CHLD 7 723.304688 1567449978.9164
CHLD 8 723.261719 1567449978.9165
CHLD 9 664.597656 1567449978.9165
CHLD 10 670.523438 1567449978.9166
CHLD 11 703.656250 1567449978.9166
CHLD 12 10.851562 1567449978.9167
CHLD 13 10.957031 1567449978.9168
CHLD 14 10.871094 1567449978.9168
CHLD 15 10.968750 1567449978.9169
CHLD 16 10.917969 1567449978.9169
CHLD 17 10.968750 1567449978.9170
CHLD 18 10.847656 1567449978.9170
CHLD 19 10.917969 1567449978.9171
MEM 707.824219 1567449979.0191
CHLD 0 601.078125 1567449979.0599
CHLD 1 601.085938 1567449979.0600
CHLD 2 601.085938 1567449979.0600
CHLD 3 601.085938 1567449979.0601
CHLD 4 744.976562 1567449979.0601
CHLD 5 728.406250 1567449979.0602
CHLD 6 741.597656 1567449979.0602
CHLD 7 723.304688 1567449979.0603
CHLD 8 723.261719 1567449979.0604
CHLD 9 665.113281 1567449979.0604
CHLD 10 670.523438 1567449979.0605
CHLD 11 703.656250 1567449979.0605
CHLD 12 10.851562 1567449979.0606
CHLD 13 10.957031 1567449979.0606
CHLD 14 10.871094 1567449979.0607
CHLD 15 10.968750 1567449979.0607
CHLD 16 10.917969 1567449979.0608
CHLD 17 10.968750 1567449979.0608
CHLD 18 10.847656 1567449979.0609
CHLD 19 10.917969 1567449979.0609
MEM 707.824219 1567449979.1614
CHLD 0 601.078125 1567449979.3969
CHLD 1 601.085938 1567449979.3970
CHLD 2 601.085938 1567449979.3971
CHLD 3 601.085938 1567449979.3971
CHLD 4 744.976562 1567449979.3972
CHLD 5 728.406250 1567449979.3972
CHLD 6 741.597656 1567449979.3973
CHLD 7 723.304688 1567449979.3973
CHLD 8 723.261719 1567449979.3974
CHLD 9 665.371094 1567449979.3975
CHLD 10 670.523438 1567449979.3975
CHLD 11 703.656250 1567449979.3976
CHLD 12 10.851562 1567449979.3976
CHLD 13 10.957031 1567449979.3977
CHLD 14 10.871094 1567449979.3977
CHLD 15 10.968750 1567449979.3978
CHLD 16 10.917969 1567449979.3978
CHLD 17 10.968750 1567449979.3979
CHLD 18 10.847656 1567449979.3979
CHLD 19 10.917969 1567449979.3980
MEM 707.824219 1567449979.5110
CHLD 0 601.078125 1567449979.6523
CHLD 1 601.085938 1567449979.6524
CHLD 2 601.085938 1567449979.6525
CHLD 3 601.085938 1567449979.6526
CHLD 4 744.976562 1567449979.6526
CHLD 5 728.406250 1567449979.6527
CHLD 6 741.855469 1567449979.6527
CHLD 7 723.304688 1567449979.6528
CHLD 8 723.261719 1567449979.6529
CHLD 9 665.628906 1567449979.6530
CHLD 10 670.523438 1567449979.6530
CHLD 11 703.656250 1567449979.6531
CHLD 12 10.851562 1567449979.6532
CHLD 13 10.957031 1567449979.6532
CHLD 14 10.871094 1567449979.6533
CHLD 15 10.968750 1567449979.6533
CHLD 16 10.917969 1567449979.6534
CHLD 17 10.968750 1567449979.6535
CHLD 18 10.847656 1567449979.6536
CHLD 19 10.917969 1567449979.6537
MEM 707.824219 1567449979.7558
CHLD 0 601.078125 1567449979.9032
CHLD 1 601.085938 1567449979.9032
CHLD 2 601.085938 1567449979.9033
CHLD 3 601.085938 1567449979.9034
CHLD 4 744.976562 1567449979.9034
CHLD 5 728.406250 1567449979.9035
CHLD 6 742.113281 1567449979.9035
CHLD 7 723.304688 1567449979.9036
CHLD 8 723.261719 1567449979.9037
CHLD 9 665.628906 1567449979.9037
CHLD 10 670.523438 1567449979.9038
CHLD 11 703.656250 1567449979.9038
CHLD 12 10.851562 1567449979.9039
CHLD 13 10.957031 1567449979.9039
CHLD 14 10.871094 1567449979.9040
CHLD 15 10.968750 1567449979.9041
CHLD 16 10.917969 1567449979.9041
CHLD 17 10.968750 1567449979.9042
CHLD 18 10.847656 1567449979.9042
CHLD 19 10.917969 1567449979.9043
MEM 707.824219 1567449980.0063
CHLD 0 601.078125 1567449980.0649
CHLD 1 601.085938 1567449980.0650
CHLD 2 601.085938 1567449980.0651
CHLD 3 601.085938 1567449980.0651
CHLD 4 744.976562 1567449980.0652
CHLD 5 728.406250 1567449980.0652
CHLD 6 742.113281 1567449980.0653
CHLD 7 723.304688 1567449980.0653
CHLD 8 723.261719 1567449980.0654
CHLD 9 665.628906 1567449980.0654
CHLD 10 670.523438 1567449980.0655
CHLD 11 703.656250 1567449980.0656
CHLD 12 10.851562 1567449980.0656
CHLD 13 10.957031 1567449980.0657
CHLD 14 10.871094 1567449980.0657
CHLD 15 10.968750 1567449980.0658
CHLD 16 10.917969 1567449980.0659
CHLD 17 10.968750 1567449980.0659
CHLD 18 10.847656 1567449980.0660
CHLD 19 10.917969 1567449980.0660
MEM 707.824219 1567449980.1706
CHLD 0 601.078125 1567449980.3272
CHLD 1 601.085938 1567449980.3272
CHLD 2 601.085938 1567449980.3273
CHLD 3 601.085938 1567449980.3274
CHLD 4 744.976562 1567449980.3274
CHLD 5 728.406250 1567449980.3275
CHLD 6 742.113281 1567449980.3275
CHLD 7 723.304688 1567449980.3276
CHLD 8 723.261719 1567449980.3277
CHLD 9 665.886719 1567449980.3277
CHLD 10 670.523438 1567449980.3278
CHLD 11 703.656250 1567449980.3278
CHLD 12 10.851562 1567449980.3544
CHLD 13 10.957031 1567449980.3545
CHLD 14 10.871094 1567449980.3546
CHLD 15 10.968750 1567449980.3546
CHLD 16 10.917969 1567449980.3547
CHLD 17 10.968750 1567449980.3547
CHLD 18 10.847656 1567449980.3548
CHLD 19 10.917969 1567449980.3548
MEM 707.824219 1567449980.4553
CHLD 0 601.078125 1567449980.5374
CHLD 1 601.085938 1567449980.5375
CHLD 2 601.085938 1567449980.5375
CHLD 3 601.085938 1567449980.5376
CHLD 4 744.976562 1567449980.5376
CHLD 5 728.406250 1567449980.5377
CHLD 6 742.113281 1567449980.5378
CHLD 7 723.304688 1567449980.5378
CHLD 8 723.261719 1567449980.5379
CHLD 9 665.886719 1567449980.5380
CHLD 10 670.523438 1567449980.5380
CHLD 11 703.656250 1567449980.5381
CHLD 12 10.851562 1567449980.5382
CHLD 13 10.957031 1567449980.5382
CHLD 14 10.871094 1567449980.5383
CHLD 15 10.968750 1567449980.5383
CHLD 16 10.917969 1567449980.5384
CHLD 17 10.968750 1567449980.5385
CHLD 18 10.847656 1567449980.5385
CHLD 19 10.917969 1567449980.5386
MEM 707.824219 1567449980.6391
CHLD 0 601.078125 1567449980.7229
CHLD 1 601.085938 1567449980.7230
CHLD 2 601.085938 1567449980.7231
CHLD 3 601.085938 1567449980.7231
CHLD 4 744.976562 1567449980.7232
CHLD 5 728.406250 1567449980.7233
CHLD 6 742.113281 1567449980.7233
CHLD 7 723.304688 1567449980.7234
CHLD 8 723.261719 1567449980.7235
CHLD 9 665.886719 1567449980.7235
CHLD 10 670.523438 1567449980.7236
CHLD 11 703.656250 1567449980.7237
CHLD 12 10.851562 1567449980.7237
CHLD 13 10.957031 1567449980.7238
CHLD 14 10.871094 1567449980.7238
CHLD 15 10.968750 1567449980.7239
CHLD 16 10.917969 1567449980.7678
CHLD 17 10.968750 1567449980.7680
CHLD 18 10.847656 1567449980.7680
CHLD 19 10.917969 1567449980.7681
MEM 707.824219 1567449980.8686
CHLD 0 601.078125 1567449980.9978
CHLD 1 601.085938 1567449980.9978
CHLD 2 601.085938 1567449980.9979
CHLD 3 601.085938 1567449980.9980
CHLD 4 744.976562 1567449980.9980
CHLD 5 728.406250 1567449980.9981
CHLD 6 742.113281 1567449980.9981
CHLD 7 723.304688 1567449980.9982
CHLD 8 723.261719 1567449980.9983
CHLD 9 665.886719 1567449980.9983
CHLD 10 670.523438 1567449980.9984
CHLD 11 703.656250 1567449980.9985
CHLD 12 10.851562 1567449980.9985
CHLD 13 10.957031 1567449980.9986
CHLD 14 10.871094 1567449980.9986
CHLD 15 10.968750 1567449980.9987
CHLD 16 10.917969 1567449980.9987
CHLD 17 10.968750 1567449980.9988
CHLD 18 10.847656 1567449980.9988
CHLD 19 10.917969 1567449980.9989
MEM 707.824219 1567449981.0995
CHLD 0 601.078125 1567449981.2443
CHLD 1 601.085938 1567449981.2444
CHLD 2 601.085938 1567449981.2444
CHLD 3 601.085938 1567449981.2445
CHLD 4 744.976562 1567449981.2445
CHLD 5 728.406250 1567449981.2446
CHLD 6 742.113281 1567449981.2446
CHLD 7 723.304688 1567449981.2447
CHLD 8 723.261719 1567449981.2448
CHLD 9 665.886719 1567449981.2448
CHLD 10 670.523438 1567449981.2449
CHLD 11 703.656250 1567449981.2449
CHLD 12 10.851562 1567449981.2450
CHLD 13 10.957031 1567449981.2450
CHLD 14 10.871094 1567449981.2451
CHLD 15 10.968750 1567449981.2452
CHLD 16 10.917969 1567449981.2452
CHLD 17 10.968750 1567449981.2453
CHLD 18 10.847656 1567449981.2453
CHLD 19 10.917969 1567449981.2454
MEM 707.824219 1567449981.3510
CHLD 0 601.078125 1567449981.4817
CHLD 1 601.085938 1567449981.4818
CHLD 2 601.085938 1567449981.4819
CHLD 3 601.085938 1567449981.4819
CHLD 4 744.976562 1567449981.4820
CHLD 5 728.406250 1567449981.4820
CHLD 6 742.113281 1567449981.4821
CHLD 7 723.304688 1567449981.4822
CHLD 8 723.261719 1567449981.4822
CHLD 9 665.886719 1567449981.4823
CHLD 10 670.523438 1567449981.4824
CHLD 11 703.656250 1567449981.4824
CHLD 12 10.851562 1567449981.5339
CHLD 13 10.957031 1567449981.5341
CHLD 14 10.871094 1567449981.5342
CHLD 15 10.968750 1567449981.5342
CHLD 16 10.917969 1567449981.5497
CHLD 17 10.968750 1567449981.5498
CHLD 18 10.847656 1567449981.5498
CHLD 19 10.917969 1567449981.5499
MEM 707.824219 1567449981.6503
CHLD 0 601.078125 1567449981.7513
CHLD 1 601.085938 1567449981.7514
CHLD 2 601.085938 1567449981.7515
CHLD 3 601.085938 1567449981.7515
CHLD 4 744.976562 1567449981.7516
CHLD 5 728.406250 1567449981.7517
CHLD 6 742.113281 1567449981.7517
CHLD 7 723.304688 1567449981.7518
CHLD 8 723.261719 1567449981.7519
CHLD 9 665.886719 1567449981.7519
CHLD 10 670.523438 1567449981.7520
CHLD 11 703.656250 1567449981.7520
CHLD 12 10.851562 1567449981.7521
CHLD 13 10.957031 1567449981.7521
CHLD 14 10.871094 1567449981.7522
CHLD 15 10.968750 1567449981.7523
CHLD 16 10.917969 1567449981.7523
CHLD 17 10.968750 1567449981.7524
CHLD 18 10.847656 1567449981.7524
CHLD 19 10.917969 1567449981.7525
MEM 707.824219 1567449981.8530
CHLD 0 601.078125 1567449981.9487
CHLD 1 601.085938 1567449981.9487
CHLD 2 601.085938 1567449981.9488
CHLD 3 601.085938 1567449981.9489
CHLD 4 744.976562 1567449981.9489
CHLD 5 728.406250 1567449981.9490
CHLD 6 742.113281 1567449981.9490
CHLD 7 723.304688 1567449981.9491
CHLD 8 723.261719 1567449981.9492
CHLD 9 665.886719 1567449981.9492
CHLD 10 670.726562 1567449981.9493
CHLD 11 703.656250 1567449981.9494
CHLD 12 10.851562 1567449981.9495
CHLD 13 10.957031 1567449981.9495
CHLD 14 10.871094 1567449981.9496
CHLD 15 10.968750 1567449981.9496
CHLD 16 10.917969 1567449981.9497
CHLD 17 10.968750 1567449981.9497
CHLD 18 10.847656 1567449981.9498
CHLD 19 10.917969 1567449981.9499
MEM 707.824219 1567449982.0521
CHLD 0 601.078125 1567449982.0941
CHLD 1 601.085938 1567449982.0942
CHLD 2 601.085938 1567449982.0942
CHLD 3 601.085938 1567449982.0943
CHLD 4 744.976562 1567449982.0944
CHLD 5 728.406250 1567449982.0944
CHLD 6 742.113281 1567449982.0945
CHLD 7 723.304688 1567449982.0945
CHLD 8 723.261719 1567449982.0946
CHLD 9 665.886719 1567449982.0946
CHLD 10 0.000000 1567449982.0947
CHLD 11 703.656250 1567449982.0948
CHLD 12 10.851562 1567449982.0948
CHLD 13 10.957031 1567449982.0949
CHLD 14 10.871094 1567449982.0950
CHLD 15 10.968750 1567449982.0950
CHLD 16 10.917969 1567449982.0951
CHLD 17 10.968750 1567449982.0952
CHLD 18 10.847656 1567449982.0952
CHLD 19 10.917969 1567449982.0953
MEM 707.824219 1567449982.1996
CHLD 0 601.078125 1567449982.3822
CHLD 1 601.085938 1567449982.3823
CHLD 2 601.085938 1567449982.3824
CHLD 3 601.085938 1567449982.3825
CHLD 4 744.976562 1567449982.3825
CHLD 5 728.406250 1567449982.3826
CHLD 6 742.113281 1567449982.3826
CHLD 7 723.304688 1567449982.3827
CHLD 8 723.261719 1567449982.3828
CHLD 9 665.886719 1567449982.3828
CHLD 10 0.000000 1567449982.3829
CHLD 11 703.656250 1567449982.3830
CHLD 12 10.851562 1567449982.3830
CHLD 13 10.871094 1567449982.3831
CHLD 14 10.968750 1567449982.3831
CHLD 15 10.917969 1567449982.3832
CHLD 16 10.968750 1567449982.3833
CHLD 17 10.847656 1567449982.3833
CHLD 18 10.917969 1567449982.3834
MEM 707.824219 1567449982.4839
CHLD 0 601.078125 1567449982.5934
CHLD 1 601.085938 1567449982.6073
CHLD 2 601.085938 1567449982.6075
CHLD 3 601.085938 1567449982.6076
CHLD 4 744.976562 1567449982.6076
CHLD 5 728.406250 1567449982.6077
CHLD 6 742.113281 1567449982.6078
CHLD 7 723.304688 1567449982.6078
CHLD 8 723.261719 1567449982.6079
CHLD 9 665.886719 1567449982.6080
CHLD 10 0.000000 1567449982.6080
CHLD 11 703.656250 1567449982.6081
CHLD 12 10.851562 1567449982.6082
CHLD 13 10.871094 1567449982.6082
CHLD 14 10.968750 1567449982.6083
CHLD 15 10.917969 1567449982.6084
CHLD 16 10.968750 1567449982.6084
CHLD 17 10.847656 1567449982.6085
CHLD 18 10.917969 1567449982.6085
MEM 707.824219 1567449982.7104
CHLD 0 601.078125 1567449982.7974
CHLD 1 601.085938 1567449982.7974
CHLD 2 601.085938 1567449982.7975
CHLD 3 601.085938 1567449982.7975
CHLD 4 744.976562 1567449982.7976
CHLD 5 728.406250 1567449982.7976
CHLD 6 742.113281 1567449982.7977
CHLD 7 723.304688 1567449982.7978
CHLD 8 723.261719 1567449982.7978
CHLD 9 665.886719 1567449982.7979
CHLD 10 0.000000 1567449982.7979
CHLD 11 703.656250 1567449982.7980
CHLD 12 10.851562 1567449982.7980
CHLD 13 10.871094 1567449982.7981
CHLD 14 10.968750 1567449982.7981
CHLD 15 10.917969 1567449982.7982
CHLD 16 10.968750 1567449982.7982
CHLD 17 10.847656 1567449982.7983
CHLD 18 10.917969 1567449982.7983
MEM 707.824219 1567449982.8988
CHLD 0 601.078125 1567449982.9647
CHLD 1 601.085938 1567449982.9648
CHLD 2 601.085938 1567449982.9649
CHLD 3 601.085938 1567449982.9649
CHLD 4 744.976562 1567449982.9650
CHLD 5 728.406250 1567449982.9651
CHLD 6 742.113281 1567449982.9651
CHLD 7 723.304688 1567449982.9652
CHLD 8 723.261719 1567449982.9653
CHLD 9 665.886719 1567449982.9895
CHLD 10 0.000000 1567449982.9896
CHLD 11 703.656250 1567449982.9897
CHLD 12 10.851562 1567449982.9898
CHLD 13 10.871094 1567449982.9899
CHLD 14 10.968750 1567449982.9899
CHLD 15 10.917969 1567449982.9900
CHLD 16 10.968750 1567449982.9900
CHLD 17 10.847656 1567449982.9901
CHLD 18 10.917969 1567449982.9902
MEM 707.824219 1567449983.0908
CHLD 0 601.078125 1567449983.1810
CHLD 1 601.085938 1567449983.1810
CHLD 2 601.085938 1567449983.1811
CHLD 3 601.085938 1567449983.1812
CHLD 4 744.976562 1567449983.1812
CHLD 5 728.406250 1567449983.1813
CHLD 6 742.113281 1567449983.1814
CHLD 7 723.304688 1567449983.1814
CHLD 8 723.261719 1567449983.1815
CHLD 9 665.886719 1567449983.1815
CHLD 10 0.000000 1567449983.1816
CHLD 11 703.656250 1567449983.1817
CHLD 12 10.851562 1567449983.1817
CHLD 13 10.871094 1567449983.1818
CHLD 14 10.968750 1567449983.1819
CHLD 15 10.917969 1567449983.1819
CHLD 16 10.968750 1567449983.1820
CHLD 17 10.847656 1567449983.1821
CHLD 18 10.917969 1567449983.1821
MEM 707.824219 1567449983.2825
CHLD 0 601.078125 1567449983.4486
CHLD 1 601.085938 1567449983.4487
CHLD 2 601.085938 1567449983.4487
CHLD 3 601.085938 1567449983.4488
CHLD 4 744.976562 1567449983.4488
CHLD 5 728.406250 1567449983.4489
CHLD 6 742.113281 1567449983.4489
CHLD 7 723.304688 1567449983.4490
CHLD 8 723.261719 1567449983.4491
CHLD 9 665.886719 1567449983.4491
CHLD 10 0.000000 1567449983.4492
CHLD 11 703.656250 1567449983.4492
CHLD 12 10.851562 1567449983.4493
CHLD 13 10.871094 1567449983.4493
CHLD 14 10.968750 1567449983.4494
CHLD 15 10.917969 1567449983.4495
CHLD 16 10.968750 1567449983.4495
CHLD 17 10.847656 1567449983.4496
CHLD 18 10.917969 1567449983.4497
MEM 707.824219 1567449983.5501
CHLD 0 601.078125 1567449983.6387
CHLD 1 601.085938 1567449983.6388
CHLD 2 601.085938 1567449983.6388
CHLD 3 601.085938 1567449983.6389
CHLD 4 744.976562 1567449983.6390
CHLD 5 728.406250 1567449983.6390
CHLD 6 742.113281 1567449983.6391
CHLD 7 723.304688 1567449983.6392
CHLD 8 723.261719 1567449983.6392
CHLD 9 665.886719 1567449983.6393
CHLD 10 0.000000 1567449983.6393
CHLD 11 703.656250 1567449983.6394
CHLD 12 10.851562 1567449983.6395
CHLD 13 10.871094 1567449983.6395
CHLD 14 10.968750 1567449983.6396
CHLD 15 10.917969 1567449983.6396
CHLD 16 10.968750 1567449983.6397
CHLD 17 10.847656 1567449983.6397
CHLD 18 10.917969 1567449983.6398
MEM 707.824219 1567449983.7411
CHLD 0 601.078125 1567449983.8585
CHLD 1 601.085938 1567449983.8586
CHLD 2 601.085938 1567449983.8587
CHLD 3 601.085938 1567449983.8588
CHLD 4 744.976562 1567449983.8588
CHLD 5 728.406250 1567449983.8589
CHLD 6 742.113281 1567449983.8589
CHLD 7 723.304688 1567449983.8590
CHLD 8 723.261719 1567449983.8591
CHLD 9 665.886719 1567449983.8592
CHLD 10 0.000000 1567449983.8593
CHLD 11 703.656250 1567449983.8593
CHLD 12 10.851562 1567449983.8594
CHLD 13 10.871094 1567449983.8595
CHLD 14 10.968750 1567449983.8595
CHLD 15 10.917969 1567449983.8596
CHLD 16 10.968750 1567449983.8596
CHLD 17 10.847656 1567449983.8597
CHLD 18 10.917969 1567449983.9004
MEM 707.824219 1567449984.0012
CHLD 0 601.078125 1567449984.0665
CHLD 1 601.085938 1567449984.0666
CHLD 2 601.085938 1567449984.0667
CHLD 3 601.085938 1567449984.0667
CHLD 4 744.976562 1567449984.0668
CHLD 5 728.406250 1567449984.0668
CHLD 6 742.113281 1567449984.0669
CHLD 7 723.304688 1567449984.0669
CHLD 8 723.261719 1567449984.0670
CHLD 9 665.886719 1567449984.0671
CHLD 10 0.000000 1567449984.0671
CHLD 11 703.656250 1567449984.0672
CHLD 12 10.851562 1567449984.0672
CHLD 13 10.871094 1567449984.0673
CHLD 14 10.968750 1567449984.0673
CHLD 15 10.917969 1567449984.0674
CHLD 16 10.968750 1567449984.0674
CHLD 17 10.847656 1567449984.0675
CHLD 18 10.917969 1567449984.0676
MEM 707.824219 1567449984.1681
CHLD 0 601.078125 1567449984.3047
CHLD 1 601.085938 1567449984.3048
CHLD 2 601.085938 1567449984.3049
CHLD 3 601.085938 1567449984.3049
CHLD 4 744.976562 1567449984.3050
CHLD 5 728.406250 1567449984.3050
CHLD 6 742.113281 1567449984.3051
CHLD 7 723.304688 1567449984.3051
CHLD 8 723.261719 1567449984.3052
CHLD 9 665.886719 1567449984.3053
CHLD 10 0.000000 1567449984.3053
CHLD 11 703.656250 1567449984.3054
CHLD 12 10.851562 1567449984.3054
CHLD 13 10.871094 1567449984.3055
CHLD 14 10.968750 1567449984.3055
CHLD 15 10.917969 1567449984.3056
CHLD 16 10.968750 1567449984.3057
CHLD 17 10.847656 1567449984.3058
CHLD 18 10.917969 1567449984.3058
MEM 707.824219 1567449984.4064
CHLD 0 601.078125 1567449984.5060
CHLD 1 601.085938 1567449984.5061
CHLD 2 601.085938 1567449984.5062
CHLD 3 601.085938 1567449984.5063
CHLD 4 744.976562 1567449984.5063
CHLD 5 728.406250 1567449984.5064
CHLD 6 742.113281 1567449984.5065
CHLD 7 723.304688 1567449984.5065
CHLD 8 723.261719 1567449984.5066
CHLD 9 665.886719 1567449984.5067
CHLD 10 0.000000 1567449984.5067
CHLD 11 703.656250 1567449984.5068
CHLD 12 10.851562 1567449984.5069
CHLD 13 10.871094 1567449984.5069
CHLD 14 10.968750 1567449984.5070
CHLD 15 10.917969 1567449984.5071
CHLD 16 10.968750 1567449984.5071
CHLD 17 10.847656 1567449984.5226
CHLD 18 10.917969 1567449984.5227
MEM 707.824219 1567449984.6233
CHLD 0 601.078125 1567449984.7997
CHLD 1 601.085938 1567449984.7998
CHLD 2 601.085938 1567449984.7999
CHLD 3 601.085938 1567449984.7999
CHLD 4 744.976562 1567449984.8000
CHLD 5 728.406250 1567449984.8001
CHLD 6 742.113281 1567449984.8001
CHLD 7 723.304688 1567449984.8002
CHLD 8 723.261719 1567449984.8003
CHLD 9 665.886719 1567449984.8003
CHLD 10 0.000000 1567449984.8004
CHLD 11 703.656250 1567449984.8005
CHLD 12 10.851562 1567449984.8005
CHLD 13 10.871094 1567449984.8006
CHLD 14 10.968750 1567449984.8006
CHLD 15 10.917969 1567449984.8007
CHLD 16 10.968750 1567449984.8008
CHLD 17 10.847656 1567449984.8749
CHLD 18 10.917969 1567449984.8751
MEM 707.824219 1567449984.9787
CHLD 0 601.078125 1567449985.0337
CHLD 1 601.085938 1567449985.0337
CHLD 2 601.085938 1567449985.0338
CHLD 3 601.085938 1567449985.0339
CHLD 4 744.976562 1567449985.0339
CHLD 5 728.406250 1567449985.0340
CHLD 6 742.113281 1567449985.0341
CHLD 7 723.304688 1567449985.0341
CHLD 8 723.261719 1567449985.0972
CHLD 9 666.511719 1567449985.0973
CHLD 10 0.000000 1567449985.0974
CHLD 11 703.656250 1567449985.0975
CHLD 12 10.851562 1567449985.0975
CHLD 13 10.871094 1567449985.0976
CHLD 14 10.968750 1567449985.0976
CHLD 15 10.917969 1567449985.0977
CHLD 16 10.968750 1567449985.0977
CHLD 17 10.847656 1567449985.0978
CHLD 18 10.917969 1567449985.0978
MEM 707.824219 1567449985.1983
CHLD 0 601.078125 1567449985.2451
CHLD 1 601.085938 1567449985.2452
CHLD 2 601.085938 1567449985.2453
CHLD 3 601.085938 1567449985.2454
CHLD 4 744.976562 1567449985.2454
CHLD 5 728.406250 1567449985.2455
CHLD 6 742.113281 1567449985.2456
CHLD 7 723.304688 1567449985.2456
CHLD 8 723.261719 1567449985.2457
CHLD 9 0.000000 1567449985.2457
CHLD 10 0.000000 1567449985.2458
CHLD 11 703.656250 1567449985.2459
CHLD 12 10.851562 1567449985.2459
CHLD 13 10.968750 1567449985.2460
CHLD 14 10.917969 1567449985.2460
CHLD 15 10.968750 1567449985.2461
CHLD 16 10.847656 1567449985.2462
CHLD 17 10.917969 1567449985.2495
MEM 707.824219 1567449985.3507
CHLD 0 601.078125 1567449985.4278
CHLD 1 601.085938 1567449985.4278
CHLD 2 601.085938 1567449985.4279
CHLD 3 601.085938 1567449985.4279
CHLD 4 744.976562 1567449985.4280
CHLD 5 728.406250 1567449985.4281
CHLD 6 742.113281 1567449985.4281
CHLD 7 723.304688 1567449985.4282
CHLD 8 723.261719 1567449985.4282
CHLD 9 0.000000 1567449985.4283
CHLD 10 0.000000 1567449985.4283
CHLD 11 703.656250 1567449985.4284
CHLD 12 10.851562 1567449985.4285
CHLD 13 10.968750 1567449985.4285
CHLD 14 10.917969 1567449985.4286
CHLD 15 10.968750 1567449985.4286
CHLD 16 10.847656 1567449985.4287
CHLD 17 10.917969 1567449985.4287
MEM 707.824219 1567449985.5328
CHLD 0 601.078125 1567449985.6217
CHLD 1 601.085938 1567449985.6217
CHLD 2 601.085938 1567449985.6218
CHLD 3 601.085938 1567449985.6219
CHLD 4 744.976562 1567449985.6219
CHLD 5 0.000000 1567449985.6220
CHLD 6 742.113281 1567449985.6220
CHLD 7 723.304688 1567449985.6221
CHLD 8 723.261719 1567449985.6221
CHLD 9 0.000000 1567449985.6222
CHLD 10 0.000000 1567449985.6223
CHLD 11 703.656250 1567449985.6223
CHLD 12 10.851562 1567449985.6224
CHLD 13 10.968750 1567449985.6224
CHLD 14 10.917969 1567449985.6225
CHLD 15 10.968750 1567449985.6226
CHLD 16 10.917969 1567449985.6226
MEM 707.824219 1567449985.7234
CHLD 0 601.078125 1567449985.7768
CHLD 1 601.085938 1567449985.7769
CHLD 2 601.085938 1567449985.7769
CHLD 3 601.085938 1567449985.7770
CHLD 4 744.976562 1567449985.7771
CHLD 5 0.000000 1567449985.7771
CHLD 6 742.113281 1567449985.7772
CHLD 7 723.304688 1567449985.7772
CHLD 8 723.261719 1567449985.7773
CHLD 9 0.000000 1567449985.7773
CHLD 10 0.000000 1567449985.7774
CHLD 11 703.656250 1567449985.7774
CHLD 12 10.851562 1567449985.7775
CHLD 13 10.968750 1567449985.7776
CHLD 14 10.917969 1567449985.7776
CHLD 15 10.968750 1567449985.7777
CHLD 16 10.917969 1567449985.7777
MEM 707.824219 1567449985.8859
CHLD 0 601.078125 1567449985.9401
CHLD 1 601.085938 1567449985.9401
CHLD 2 601.085938 1567449985.9402
CHLD 3 601.085938 1567449985.9403
CHLD 4 744.976562 1567449985.9403
CHLD 5 0.000000 1567449985.9404
CHLD 6 742.113281 1567449985.9404
CHLD 7 723.304688 1567449985.9405
CHLD 8 723.261719 1567449985.9405
CHLD 9 0.000000 1567449985.9406
CHLD 10 0.000000 1567449985.9538
CHLD 11 703.656250 1567449985.9539
CHLD 12 10.851562 1567449985.9539
CHLD 13 10.968750 1567449985.9540
CHLD 14 10.917969 1567449985.9541
CHLD 15 10.968750 1567449985.9541
CHLD 16 10.917969 1567449985.9542
MEM 707.824219 1567449986.0546
CHLD 0 601.078125 1567449986.1043
CHLD 1 601.085938 1567449986.1044
CHLD 2 601.085938 1567449986.1044
CHLD 3 601.085938 1567449986.1045
CHLD 4 744.976562 1567449986.1046
CHLD 5 0.000000 1567449986.1046
CHLD 6 742.113281 1567449986.1047
CHLD 7 723.304688 1567449986.1048
CHLD 8 723.261719 1567449986.1048
CHLD 9 0.000000 1567449986.1049
CHLD 10 0.000000 1567449986.1049
CHLD 11 703.656250 1567449986.1050
CHLD 12 10.851562 1567449986.1051
CHLD 13 10.968750 1567449986.1051
CHLD 14 10.917969 1567449986.1052
CHLD 15 10.968750 1567449986.1052
CHLD 16 10.917969 1567449986.1053
MEM 707.824219 1567449986.2058
CHLD 0 601.078125 1567449986.2654
CHLD 1 601.085938 1567449986.2655
CHLD 2 601.085938 1567449986.2656
CHLD 3 601.085938 1567449986.2656
CHLD 4 744.976562 1567449986.2657
CHLD 5 0.000000 1567449986.2657
CHLD 6 742.113281 1567449986.2658
CHLD 7 723.304688 1567449986.2658
CHLD 8 723.261719 1567449986.2659
CHLD 9 0.000000 1567449986.2659
CHLD 10 0.000000 1567449986.2660
CHLD 11 703.656250 1567449986.2936
CHLD 12 10.851562 1567449986.2938
CHLD 13 10.968750 1567449986.2938
CHLD 14 10.917969 1567449986.2939
CHLD 15 10.968750 1567449986.2939
CHLD 16 10.917969 1567449986.2940
MEM 707.824219 1567449986.3947
CHLD 0 601.078125 1567449986.4529
CHLD 1 601.085938 1567449986.4530
CHLD 2 601.085938 1567449986.4530
CHLD 3 601.085938 1567449986.4531
CHLD 4 744.976562 1567449986.4531
CHLD 5 0.000000 1567449986.4532
CHLD 6 742.113281 1567449986.4532
CHLD 7 723.304688 1567449986.4533
CHLD 8 0.000000 1567449986.4534
CHLD 9 0.000000 1567449986.4534
CHLD 10 0.000000 1567449986.4535
CHLD 11 703.656250 1567449986.4535
CHLD 12 10.851562 1567449986.4536
CHLD 13 0.000000 1567449986.4688
MEM 707.824219 1567449986.5693
CHLD 0 601.078125 1567449986.6086
CHLD 1 601.085938 1567449986.6087
CHLD 2 601.085938 1567449986.6087
CHLD 3 601.085938 1567449986.6088
CHLD 4 744.976562 1567449986.6088
CHLD 5 0.000000 1567449986.6088
CHLD 6 742.113281 1567449986.6089
CHLD 7 723.304688 1567449986.6089
CHLD 8 0.000000 1567449986.6089
CHLD 9 0.000000 1567449986.6090
CHLD 10 0.000000 1567449986.6090
CHLD 11 703.656250 1567449986.6090
CHLD 12 10.851562 1567449986.6091
CHLD 13 10.917969 1567449986.6091
CHLD 14 10.968750 1567449986.6091
CHLD 15 10.917969 1567449986.6092
MEM 707.824219 1567449986.7096
CHLD 0 601.078125 1567449986.7512
CHLD 1 601.085938 1567449986.7513
CHLD 2 601.085938 1567449986.7513
CHLD 3 601.085938 1567449986.7514
CHLD 4 744.976562 1567449986.7515
CHLD 5 0.000000 1567449986.7516
CHLD 6 742.113281 1567449986.7517
CHLD 7 723.304688 1567449986.7517
CHLD 8 0.000000 1567449986.7518
CHLD 9 0.000000 1567449986.7519
CHLD 10 0.000000 1567449986.7519
CHLD 11 703.656250 1567449986.7520
CHLD 12 10.851562 1567449986.7521
CHLD 13 10.917969 1567449986.7521
CHLD 14 10.968750 1567449986.7522
CHLD 15 10.917969 1567449986.7523
MEM 707.824219 1567449986.8528
CHLD 0 601.078125 1567449986.9018
CHLD 1 601.085938 1567449986.9019
CHLD 2 601.085938 1567449986.9019
CHLD 3 601.085938 1567449986.9020
CHLD 4 744.976562 1567449986.9020
CHLD 5 0.000000 1567449986.9021
CHLD 6 742.113281 1567449986.9021
CHLD 7 723.304688 1567449986.9021
CHLD 8 0.000000 1567449986.9022
CHLD 9 0.000000 1567449986.9022
CHLD 10 0.000000 1567449986.9022
CHLD 11 703.656250 1567449986.9023
CHLD 12 10.851562 1567449986.9023
CHLD 13 10.917969 1567449986.9024
CHLD 14 10.968750 1567449986.9025
CHLD 15 10.917969 1567449986.9025
MEM 707.824219 1567449987.0106
CHLD 0 601.078125 1567449987.0698
CHLD 1 601.085938 1567449987.0699
CHLD 2 601.085938 1567449987.0700
CHLD 3 601.085938 1567449987.0700
CHLD 4 744.976562 1567449987.0701
CHLD 5 0.000000 1567449987.0702
CHLD 6 742.113281 1567449987.0702
CHLD 7 723.304688 1567449987.0704
CHLD 8 0.000000 1567449987.0705
CHLD 9 0.000000 1567449987.0706
CHLD 10 0.000000 1567449987.0706
CHLD 11 703.656250 1567449987.0707
CHLD 12 10.851562 1567449987.0708
CHLD 13 10.917969 1567449987.0708
CHLD 14 10.968750 1567449987.0709
CHLD 15 10.917969 1567449987.0709
MEM 707.824219 1567449987.1714
CHLD 0 601.078125 1567449987.2937
CHLD 1 601.085938 1567449987.2938
CHLD 2 601.085938 1567449987.2939
CHLD 3 601.085938 1567449987.2939
CHLD 4 744.976562 1567449987.2940
CHLD 5 0.000000 1567449987.2940
CHLD 6 742.113281 1567449987.2941
CHLD 7 723.304688 1567449987.3122
CHLD 8 0.000000 1567449987.3124
CHLD 9 0.000000 1567449987.3125
CHLD 10 0.000000 1567449987.3125
CHLD 11 0.000000 1567449987.3126
CHLD 12 10.851562 1567449987.3126
CHLD 13 10.917969 1567449987.3127
CHLD 14 10.968750 1567449987.3128
CHLD 15 10.917969 1567449987.3128
MEM 707.824219 1567449987.4224
CHLD 0 601.078125 1567449987.4498
CHLD 1 601.085938 1567449987.4499
CHLD 2 601.085938 1567449987.4500
CHLD 3 601.085938 1567449987.4500
CHLD 4 744.976562 1567449987.4501
CHLD 5 0.000000 1567449987.4502
CHLD 6 742.113281 1567449987.4502
CHLD 7 723.304688 1567449987.4503
CHLD 8 0.000000 1567449987.4504
CHLD 9 0.000000 1567449987.4505
CHLD 10 0.000000 1567449987.4505
CHLD 11 0.000000 1567449987.4506
CHLD 12 10.917969 1567449987.4507
CHLD 13 10.968750 1567449987.4507
CHLD 14 10.917969 1567449987.4508
MEM 707.824219 1567449987.5513
CHLD 0 601.078125 1567449987.6001
CHLD 1 601.085938 1567449987.6002
CHLD 2 601.085938 1567449987.6003
CHLD 3 601.085938 1567449987.6003
CHLD 4 744.976562 1567449987.6004
CHLD 5 0.000000 1567449987.6004
CHLD 6 742.113281 1567449987.6005
CHLD 7 723.304688 1567449987.6005
CHLD 8 0.000000 1567449987.6006
CHLD 9 0.000000 1567449987.6100
CHLD 10 0.000000 1567449987.6101
CHLD 11 0.000000 1567449987.6102
CHLD 12 10.917969 1567449987.6103
CHLD 13 10.968750 1567449987.6103
CHLD 14 10.917969 1567449987.6162
MEM 707.824219 1567449987.7167
CHLD 0 601.078125 1567449987.7448
CHLD 1 601.085938 1567449987.7449
CHLD 2 601.085938 1567449987.7449
CHLD 3 601.085938 1567449987.7450
CHLD 4 744.976562 1567449987.7450
CHLD 5 0.000000 1567449987.7451
CHLD 6 742.113281 1567449987.7451
CHLD 7 723.304688 1567449987.7452
CHLD 8 0.000000 1567449987.7453
CHLD 9 0.000000 1567449987.7453
CHLD 10 0.000000 1567449987.7454
CHLD 11 0.000000 1567449987.7455
CHLD 12 10.917969 1567449987.7455
CHLD 13 10.968750 1567449987.7456
CHLD 14 10.917969 1567449987.7456
MEM 707.824219 1567449987.8461
CHLD 0 601.078125 1567449987.8840
CHLD 1 601.085938 1567449987.8841
CHLD 2 601.085938 1567449987.8841
CHLD 3 601.085938 1567449987.8842
CHLD 4 744.976562 1567449987.8842
CHLD 5 0.000000 1567449987.8843
CHLD 6 742.113281 1567449987.8843
CHLD 7 723.304688 1567449987.8844
CHLD 8 0.000000 1567449987.8844
CHLD 9 0.000000 1567449987.8845
CHLD 10 0.000000 1567449987.8845
CHLD 11 0.000000 1567449987.8846
CHLD 12 10.917969 1567449987.8846
CHLD 13 10.968750 1567449987.8847
CHLD 14 10.917969 1567449987.8847
MEM 707.824219 1567449987.9852
CHLD 0 601.078125 1567449988.0393
CHLD 1 601.085938 1567449988.0394
CHLD 2 601.085938 1567449988.0395
CHLD 3 601.085938 1567449988.0395
CHLD 4 744.976562 1567449988.0396
CHLD 5 0.000000 1567449988.0397
CHLD 6 742.113281 1567449988.0397
CHLD 7 723.304688 1567449988.0398
CHLD 8 0.000000 1567449988.0398
CHLD 9 0.000000 1567449988.0399
CHLD 10 0.000000 1567449988.0400
CHLD 11 0.000000 1567449988.0400
CHLD 12 10.917969 1567449988.0401
CHLD 13 10.968750 1567449988.0401
CHLD 14 10.917969 1567449988.0402
MEM 707.824219 1567449988.1407
CHLD 0 601.078125 1567449988.1936
CHLD 1 601.085938 1567449988.1937
CHLD 2 601.085938 1567449988.1938
CHLD 3 601.085938 1567449988.1939
CHLD 4 744.976562 1567449988.1939
CHLD 5 0.000000 1567449988.1940
CHLD 6 742.113281 1567449988.1940
CHLD 7 723.304688 1567449988.1941
CHLD 8 0.000000 1567449988.1942
CHLD 9 0.000000 1567449988.1944
CHLD 10 0.000000 1567449988.1944
CHLD 11 0.000000 1567449988.2058
CHLD 12 10.917969 1567449988.2093
CHLD 13 10.968750 1567449988.2094
CHLD 14 10.917969 1567449988.2094
MEM 707.824219 1567449988.3099
CHLD 0 601.078125 1567449988.3448
CHLD 1 601.085938 1567449988.3449
CHLD 2 601.085938 1567449988.3449
CHLD 3 601.085938 1567449988.3450
CHLD 4 744.976562 1567449988.3450
CHLD 5 0.000000 1567449988.3451
CHLD 6 742.113281 1567449988.3451
CHLD 7 723.304688 1567449988.3452
CHLD 8 0.000000 1567449988.3452
CHLD 9 0.000000 1567449988.3453
CHLD 10 0.000000 1567449988.3454
CHLD 11 0.000000 1567449988.3454
CHLD 12 10.917969 1567449988.3455
CHLD 13 10.968750 1567449988.3455
CHLD 14 10.917969 1567449988.3456
MEM 707.824219 1567449988.4460
CHLD 0 601.078125 1567449988.4663
CHLD 1 601.085938 1567449988.4664
CHLD 2 601.085938 1567449988.4665
CHLD 3 601.085938 1567449988.4665
CHLD 4 744.976562 1567449988.4666
CHLD 5 0.000000 1567449988.4666
CHLD 6 742.113281 1567449988.4667
CHLD 7 723.304688 1567449988.4668
CHLD 8 0.000000 1567449988.4668
CHLD 9 0.000000 1567449988.4669
CHLD 10 0.000000 1567449988.4669
CHLD 11 0.000000 1567449988.4670
CHLD 12 10.917969 1567449988.4670
CHLD 13 10.968750 1567449988.4671
CHLD 14 10.917969 1567449988.4672
MEM 707.824219 1567449988.5676
CHLD 0 601.078125 1567449988.6006
CHLD 1 601.085938 1567449988.6007
CHLD 2 601.085938 1567449988.6007
CHLD 3 601.085938 1567449988.6008
CHLD 4 744.976562 1567449988.6009
CHLD 5 0.000000 1567449988.6009
CHLD 6 742.113281 1567449988.6010
CHLD 7 723.304688 1567449988.6010
CHLD 8 0.000000 1567449988.6011
CHLD 9 0.000000 1567449988.6012
CHLD 10 0.000000 1567449988.6012
CHLD 11 0.000000 1567449988.6013
CHLD 12 10.917969 1567449988.6014
CHLD 13 10.968750 1567449988.6014
CHLD 14 10.917969 1567449988.6015
MEM 707.824219 1567449988.7049
CHLD 0 601.078125 1567449988.7237
CHLD 1 601.085938 1567449988.7237
CHLD 2 601.085938 1567449988.7238
CHLD 3 601.085938 1567449988.7239
CHLD 4 744.976562 1567449988.7239
CHLD 5 0.000000 1567449988.7240
CHLD 6 742.113281 1567449988.7240
CHLD 7 0.000000 1567449988.7241
CHLD 8 0.000000 1567449988.7241
CHLD 9 0.000000 1567449988.7242
CHLD 10 0.000000 1567449988.7242
CHLD 11 0.000000 1567449988.7243
CHLD 12 10.968750 1567449988.7244
CHLD 13 10.917969 1567449988.7244
MEM 707.824219 1567449988.8249
CHLD 0 601.078125 1567449988.8464
CHLD 1 601.085938 1567449988.8465
CHLD 2 601.085938 1567449988.8466
CHLD 3 601.085938 1567449988.8466
CHLD 4 744.976562 1567449988.8467
CHLD 5 0.000000 1567449988.8468
CHLD 6 742.113281 1567449988.8468
CHLD 7 0.000000 1567449988.8469
CHLD 8 0.000000 1567449988.8469
CHLD 9 0.000000 1567449988.8470
CHLD 10 0.000000 1567449988.8470
CHLD 11 0.000000 1567449988.8471
CHLD 12 10.968750 1567449988.8472
CHLD 13 10.917969 1567449988.8472
MEM 707.824219 1567449988.9477
CHLD 0 601.078125 1567449988.9731
CHLD 1 601.085938 1567449988.9731
CHLD 2 601.085938 1567449988.9732
CHLD 3 601.085938 1567449988.9733
CHLD 4 744.976562 1567449988.9733
CHLD 5 0.000000 1567449988.9734
CHLD 6 742.113281 1567449988.9735
CHLD 7 0.000000 1567449988.9736
CHLD 8 0.000000 1567449988.9736
CHLD 9 0.000000 1567449988.9737
CHLD 10 0.000000 1567449988.9738
CHLD 11 0.000000 1567449988.9739
CHLD 12 10.968750 1567449988.9740
CHLD 13 10.917969 1567449988.9740
MEM 707.824219 1567449989.0745
CHLD 0 601.078125 1567449989.0983
CHLD 1 601.085938 1567449989.0984
CHLD 2 601.085938 1567449989.0984
CHLD 3 601.085938 1567449989.0985
CHLD 4 744.976562 1567449989.0986
CHLD 5 0.000000 1567449989.0986
CHLD 6 0.000000 1567449989.0987
CHLD 7 0.000000 1567449989.0988
CHLD 8 0.000000 1567449989.0988
CHLD 9 0.000000 1567449989.0989
CHLD 10 0.000000 1567449989.0989
CHLD 11 0.000000 1567449989.0990
CHLD 12 10.968750 1567449989.0990
CHLD 13 10.917969 1567449989.0991
MEM 707.824219 1567449989.1995
CHLD 0 601.078125 1567449989.2136
CHLD 1 601.085938 1567449989.2136
CHLD 2 601.085938 1567449989.2137
CHLD 3 601.085938 1567449989.2137
CHLD 4 744.976562 1567449989.2138
CHLD 5 0.000000 1567449989.2138
CHLD 6 0.000000 1567449989.2138
CHLD 7 0.000000 1567449989.2139
CHLD 8 0.000000 1567449989.2140
CHLD 9 0.000000 1567449989.2140
CHLD 10 0.000000 1567449989.2141
CHLD 11 0.000000 1567449989.2141
CHLD 12 10.917969 1567449989.2141
MEM 707.824219 1567449989.3146
CHLD 0 601.078125 1567449989.3283
CHLD 1 601.085938 1567449989.3284
CHLD 2 601.085938 1567449989.3284
CHLD 3 601.085938 1567449989.3285
CHLD 4 744.976562 1567449989.3286
CHLD 5 0.000000 1567449989.3287
CHLD 6 0.000000 1567449989.3287
CHLD 7 0.000000 1567449989.3288
CHLD 8 0.000000 1567449989.3288
CHLD 9 0.000000 1567449989.3289
CHLD 10 0.000000 1567449989.3289
CHLD 11 0.000000 1567449989.3290
CHLD 12 10.917969 1567449989.3290
MEM 707.824219 1567449989.4294
CHLD 0 601.078125 1567449989.4556
CHLD 1 601.085938 1567449989.4557
CHLD 2 601.085938 1567449989.4558
CHLD 3 601.085938 1567449989.4558
CHLD 4 729.359375 1567449989.4559
CHLD 5 0.000000 1567449989.4560
CHLD 6 0.000000 1567449989.4560
CHLD 7 0.000000 1567449989.4561
CHLD 8 0.000000 1567449989.4562
CHLD 9 0.000000 1567449989.4562
CHLD 10 0.000000 1567449989.4563
CHLD 11 0.000000 1567449989.4563
CHLD 12 10.917969 1567449989.4564
MEM 707.824219 1567449989.5570
CHLD 0 601.078125 1567449989.5813
CHLD 1 601.085938 1567449989.5813
CHLD 2 601.085938 1567449989.5814
CHLD 3 601.085938 1567449989.5814
CHLD 4 731.156250 1567449989.5815
CHLD 5 0.000000 1567449989.5815
CHLD 6 0.000000 1567449989.5816
CHLD 7 0.000000 1567449989.5817
CHLD 8 0.000000 1567449989.5817
CHLD 9 0.000000 1567449989.5818
CHLD 10 0.000000 1567449989.5818
CHLD 11 0.000000 1567449989.5819
CHLD 12 10.917969 1567449989.5819
MEM 707.824219 1567449989.6824
CHLD 0 601.078125 1567449989.6999
CHLD 1 601.085938 1567449989.7000
CHLD 2 601.085938 1567449989.7001
CHLD 3 601.085938 1567449989.7001
CHLD 4 731.156250 1567449989.7002
CHLD 5 0.000000 1567449989.7002
CHLD 6 0.000000 1567449989.7003
CHLD 7 0.000000 1567449989.7003
CHLD 8 0.000000 1567449989.7004
CHLD 9 0.000000 1567449989.7004
CHLD 10 0.000000 1567449989.7005
CHLD 11 0.000000 1567449989.7006
CHLD 12 10.917969 1567449989.7006
MEM 707.824219 1567449989.8010
CHLD 0 601.078125 1567449989.8169
CHLD 1 601.085938 1567449989.8170
CHLD 2 601.085938 1567449989.8170
CHLD 3 601.085938 1567449989.8170
CHLD 4 731.156250 1567449989.8171
CHLD 5 0.000000 1567449989.8171
CHLD 6 0.000000 1567449989.8171
CHLD 7 0.000000 1567449989.8172
CHLD 8 0.000000 1567449989.8172
CHLD 9 0.000000 1567449989.8172
CHLD 10 0.000000 1567449989.8173
CHLD 11 0.000000 1567449989.8173
CHLD 12 10.917969 1567449989.8174
MEM 707.824219 1567449989.9181
CHLD 0 601.078125 1567449989.9339
CHLD 1 601.085938 1567449989.9340
CHLD 2 601.085938 1567449989.9341
CHLD 3 601.085938 1567449989.9342
CHLD 4 731.156250 1567449989.9342
CHLD 5 0.000000 1567449989.9343
CHLD 6 0.000000 1567449989.9344
CHLD 7 0.000000 1567449989.9345
CHLD 8 0.000000 1567449989.9345
CHLD 9 0.000000 1567449989.9346
CHLD 10 0.000000 1567449989.9346
CHLD 11 0.000000 1567449989.9347
CHLD 12 10.917969 1567449989.9347
MEM 707.824219 1567449990.0353
CHLD 0 601.078125 1567449990.0516
CHLD 1 601.085938 1567449990.0517
CHLD 2 601.085938 1567449990.0518
CHLD 3 601.085938 1567449990.0519
CHLD 4 731.156250 1567449990.0520
CHLD 5 0.000000 1567449990.0520
CHLD 6 0.000000 1567449990.0521
CHLD 7 0.000000 1567449990.0545
CHLD 8 0.000000 1567449990.0546
CHLD 9 0.000000 1567449990.0546
CHLD 10 0.000000 1567449990.0547
CHLD 11 0.000000 1567449990.0548
CHLD 12 10.917969 1567449990.0548
MEM 708.039062 1567449990.1556
CHLD 0 601.078125 1567449990.1731
CHLD 1 601.085938 1567449990.1732
CHLD 2 601.085938 1567449990.1732
CHLD 3 601.085938 1567449990.1733
MEM 722.687500 1567449990.2738
CHLD 0 601.078125 1567449990.2875
CHLD 1 601.085938 1567449990.2876
CHLD 2 601.085938 1567449990.2877
CHLD 3 601.085938 1567449990.2877
MEM 724.914062 1567449990.3881
CHLD 0 601.078125 1567449990.4028
CHLD 1 601.085938 1567449990.4029
CHLD 2 601.085938 1567449990.4030
CHLD 3 601.085938 1567449990.4031
MEM 725.468750 1567449990.5035
CHLD 0 601.078125 1567449990.5159
CHLD 1 601.085938 1567449990.5159
CHLD 2 601.085938 1567449990.5160
CHLD 3 601.085938 1567449990.5161
MEM 725.527344 1567449990.6306
MEM 725.660156 1567449990.7484
MEM 725.660156 1567449990.8626
MEM 725.410156 1567449990.9770
MEM 0.000000 1567449991.0899
