CMDLINE /home/dn16382/anaconda3/bin/python mnist_example.py
MEM 2.007812 1567447295.3804
MEM 17.519531 1567447295.4907
MEM 34.171875 1567447295.6056
MEM 41.128906 1567447295.7148
MEM 52.085938 1567447295.8304
MEM 70.062500 1567447295.9458
MEM 78.882812 1567447296.0547
MEM 96.406250 1567447296.1643
MEM 158.898438 1567447296.2733
MEM 162.671875 1567447296.3822
MEM 166.843750 1567447296.4910
MEM 176.035156 1567447296.6000
MEM 181.636719 1567447296.7089
MEM 188.664062 1567447296.8178
MEM 200.945312 1567447296.9266
MEM 206.898438 1567447297.0366
MEM 212.910156 1567447297.1497
MEM 223.253906 1567447297.2600
MEM 231.726562 1567447297.3690
MEM 245.363281 1567447297.4778
MEM 252.285156 1567447297.5871
MEM 261.503906 1567447297.6960
MEM 265.425781 1567447297.8063
MEM 281.667969 1567447297.9167
MEM 296.105469 1567447298.0318
MEM 323.433594 1567447298.1412
MEM 318.140625 1567447298.2571
MEM 370.097656 1567447298.3697
MEM 534.839844 1567447298.4842
MEM 702.417969 1567447298.5988
MEM 632.363281 1567447298.7134
MEM 688.460938 1567447298.8270
MEM 708.546875 1567447298.9414
CHLD 0 601.078125 1567447298.9686
CHLD 1 601.078125 1567447298.9687
CHLD 2 601.078125 1567447298.9687
CHLD 3 601.078125 1567447298.9688
CHLD 4 605.843750 1567447298.9689
CHLD 5 605.992188 1567447298.9689
CHLD 6 605.699219 1567447298.9690
MEM 708.546875 1567447299.0694
CHLD 0 601.078125 1567447299.0933
CHLD 1 601.078125 1567447299.0933
CHLD 2 601.078125 1567447299.0934
CHLD 3 601.078125 1567447299.0935
CHLD 4 609.566406 1567447299.0935
CHLD 5 612.480469 1567447299.0936
CHLD 6 609.593750 1567447299.0936
CHLD 7 608.863281 1567447299.0937
CHLD 8 7.847656 1567447299.0938
CHLD 9 8.554688 1567447299.0938
CHLD 10 9.082031 1567447299.0939
CHLD 11 8.687500 1567447299.0939
MEM 708.546875 1567447299.1944
CHLD 0 601.078125 1567447299.2185
CHLD 1 601.078125 1567447299.2185
CHLD 2 601.078125 1567447299.2186
CHLD 3 601.078125 1567447299.2187
CHLD 4 616.464844 1567447299.2187
CHLD 5 618.089844 1567447299.2188
CHLD 6 615.320312 1567447299.2189
CHLD 7 617.597656 1567447299.2189
CHLD 8 10.914062 1567447299.2190
CHLD 9 10.929688 1567447299.2191
CHLD 10 10.917969 1567447299.2191
CHLD 11 10.859375 1567447299.2192
MEM 708.546875 1567447299.3196
CHLD 0 601.078125 1567447299.3424
CHLD 1 601.078125 1567447299.3425
CHLD 2 601.078125 1567447299.3426
CHLD 3 601.078125 1567447299.3426
CHLD 4 618.589844 1567447299.3427
CHLD 5 618.839844 1567447299.3427
CHLD 6 618.589844 1567447299.3428
CHLD 7 618.785156 1567447299.3428
CHLD 8 10.914062 1567447299.3429
CHLD 9 10.929688 1567447299.3430
CHLD 10 10.917969 1567447299.3430
CHLD 11 10.859375 1567447299.3431
MEM 708.546875 1567447299.4435
CHLD 0 601.078125 1567447299.4712
CHLD 1 601.078125 1567447299.4713
CHLD 2 601.078125 1567447299.4713
CHLD 3 601.078125 1567447299.4714
CHLD 4 621.683594 1567447299.4714
CHLD 5 622.871094 1567447299.4715
CHLD 6 621.375000 1567447299.4716
CHLD 7 623.105469 1567447299.4716
CHLD 8 10.914062 1567447299.4717
CHLD 9 10.929688 1567447299.4717
CHLD 10 10.917969 1567447299.4718
CHLD 11 10.859375 1567447299.4719
MEM 708.546875 1567447299.5723
CHLD 0 601.078125 1567447299.5998
CHLD 1 601.078125 1567447299.5999
CHLD 2 601.078125 1567447299.6000
CHLD 3 601.078125 1567447299.6000
CHLD 4 630.078125 1567447299.6001
CHLD 5 633.699219 1567447299.6002
CHLD 6 625.558594 1567447299.6002
CHLD 7 633.699219 1567447299.6003
CHLD 8 10.914062 1567447299.6003
CHLD 9 10.929688 1567447299.6004
CHLD 10 10.917969 1567447299.6004
CHLD 11 10.859375 1567447299.6005
MEM 708.546875 1567447299.7009
CHLD 0 601.078125 1567447299.7290
CHLD 1 601.078125 1567447299.7291
CHLD 2 601.078125 1567447299.7292
CHLD 3 601.078125 1567447299.7292
CHLD 4 635.144531 1567447299.7293
CHLD 5 635.593750 1567447299.7293
CHLD 6 635.140625 1567447299.7294
CHLD 7 635.417969 1567447299.7295
CHLD 8 10.914062 1567447299.7295
CHLD 9 10.929688 1567447299.7296
CHLD 10 10.917969 1567447299.7296
CHLD 11 10.859375 1567447299.7297
MEM 708.546875 1567447299.8301
CHLD 0 601.078125 1567447299.8504
CHLD 1 601.078125 1567447299.8505
CHLD 2 601.078125 1567447299.8505
CHLD 3 601.078125 1567447299.8506
CHLD 4 635.363281 1567447299.8507
CHLD 5 635.843750 1567447299.8507
CHLD 6 635.980469 1567447299.8508
CHLD 7 637.855469 1567447299.8508
CHLD 8 10.914062 1567447299.8509
CHLD 9 10.929688 1567447299.8509
CHLD 10 10.917969 1567447299.8510
CHLD 11 10.859375 1567447299.8511
MEM 708.546875 1567447299.9515
CHLD 0 601.078125 1567447299.9720
CHLD 1 601.078125 1567447299.9720
CHLD 2 601.078125 1567447299.9721
CHLD 3 601.078125 1567447299.9722
CHLD 4 637.957031 1567447299.9722
CHLD 5 640.519531 1567447299.9723
CHLD 6 638.605469 1567447299.9723
CHLD 7 638.164062 1567447299.9724
CHLD 8 10.914062 1567447299.9724
CHLD 9 10.929688 1567447299.9725
CHLD 10 10.917969 1567447299.9725
CHLD 11 10.859375 1567447299.9726
MEM 708.546875 1567447300.0730
CHLD 0 601.078125 1567447300.1051
CHLD 1 601.078125 1567447300.1052
CHLD 2 601.078125 1567447300.1053
CHLD 3 601.078125 1567447300.1053
CHLD 4 638.785156 1567447300.1054
CHLD 5 641.378906 1567447300.1054
CHLD 6 641.375000 1567447300.1055
CHLD 7 641.722656 1567447300.1056
CHLD 8 10.914062 1567447300.1056
CHLD 9 10.929688 1567447300.1057
CHLD 10 10.917969 1567447300.1057
CHLD 11 10.859375 1567447300.1058
MEM 708.546875 1567447300.2062
CHLD 0 601.078125 1567447300.2384
CHLD 1 601.078125 1567447300.2385
CHLD 2 601.078125 1567447300.2386
CHLD 3 601.078125 1567447300.2386
CHLD 4 641.566406 1567447300.2387
CHLD 5 641.816406 1567447300.2388
CHLD 6 642.289062 1567447300.2388
CHLD 7 642.214844 1567447300.2389
CHLD 8 10.914062 1567447300.2390
CHLD 9 10.929688 1567447300.2390
CHLD 10 10.917969 1567447300.2391
CHLD 11 10.859375 1567447300.2392
MEM 708.546875 1567447300.3396
CHLD 0 601.078125 1567447300.3580
CHLD 1 601.078125 1567447300.3581
CHLD 2 601.078125 1567447300.3581
CHLD 3 601.078125 1567447300.3582
CHLD 4 642.097656 1567447300.3583
CHLD 5 642.128906 1567447300.3583
CHLD 6 642.882812 1567447300.3584
CHLD 7 642.539062 1567447300.3585
CHLD 8 10.914062 1567447300.3585
CHLD 9 10.929688 1567447300.3586
CHLD 10 10.917969 1567447300.3586
CHLD 11 10.859375 1567447300.3587
MEM 708.546875 1567447300.4591
CHLD 0 601.078125 1567447300.4920
CHLD 1 601.078125 1567447300.4920
CHLD 2 601.078125 1567447300.4921
CHLD 3 601.078125 1567447300.4922
CHLD 4 642.542969 1567447300.4922
CHLD 5 642.460938 1567447300.4923
CHLD 6 643.445312 1567447300.4924
CHLD 7 643.046875 1567447300.4924
CHLD 8 10.914062 1567447300.4925
CHLD 9 10.929688 1567447300.4925
CHLD 10 10.917969 1567447300.4926
CHLD 11 10.859375 1567447300.4927
MEM 708.546875 1567447300.5931
CHLD 0 601.078125 1567447300.6211
CHLD 1 601.078125 1567447300.6212
CHLD 2 601.078125 1567447300.6213
CHLD 3 601.078125 1567447300.6213
CHLD 4 643.203125 1567447300.6214
CHLD 5 643.308594 1567447300.6214
CHLD 6 644.339844 1567447300.6215
CHLD 7 654.824219 1567447300.6216
CHLD 8 10.914062 1567447300.6216
CHLD 9 10.929688 1567447300.6217
CHLD 10 10.917969 1567447300.6217
CHLD 11 10.859375 1567447300.6218
MEM 708.546875 1567447300.7284
CHLD 0 601.078125 1567447300.7602
CHLD 1 601.078125 1567447300.7603
CHLD 2 601.078125 1567447300.7603
CHLD 3 601.078125 1567447300.7604
CHLD 4 651.062500 1567447300.7604
CHLD 5 655.316406 1567447300.7605
CHLD 6 645.222656 1567447300.7605
CHLD 7 655.183594 1567447300.7606
CHLD 8 10.914062 1567447300.7606
CHLD 9 10.929688 1567447300.7607
CHLD 10 10.917969 1567447300.7607
CHLD 11 10.859375 1567447300.7743
MEM 708.546875 1567447300.8748
CHLD 0 601.078125 1567447300.8974
CHLD 1 601.078125 1567447300.8974
CHLD 2 601.078125 1567447300.8975
CHLD 3 601.078125 1567447300.8976
CHLD 4 655.714844 1567447300.8976
CHLD 5 660.164062 1567447300.8977
CHLD 6 646.070312 1567447300.8977
CHLD 7 657.027344 1567447300.8978
CHLD 8 10.914062 1567447300.8978
CHLD 9 10.929688 1567447300.8979
CHLD 10 10.917969 1567447300.8979
CHLD 11 10.859375 1567447300.8980
MEM 708.546875 1567447300.9990
CHLD 0 601.078125 1567447301.0290
CHLD 1 601.078125 1567447301.0291
CHLD 2 601.078125 1567447301.0291
CHLD 3 601.078125 1567447301.0292
CHLD 4 656.261719 1567447301.0292
CHLD 5 660.164062 1567447301.0293
CHLD 6 653.347656 1567447301.0293
CHLD 7 670.644531 1567447301.0294
CHLD 8 10.914062 1567447301.0294
CHLD 9 10.929688 1567447301.0302
CHLD 10 10.917969 1567447301.0302
CHLD 11 10.859375 1567447301.0303
MEM 708.546875 1567447301.1307
CHLD 0 601.078125 1567447301.1541
CHLD 1 601.078125 1567447301.1541
CHLD 2 601.078125 1567447301.1542
CHLD 3 601.078125 1567447301.1543
CHLD 4 656.441406 1567447301.1544
CHLD 5 660.164062 1567447301.1544
CHLD 6 655.683594 1567447301.1545
CHLD 7 674.832031 1567447301.1546
CHLD 8 10.914062 1567447301.1546
CHLD 9 10.929688 1567447301.1547
CHLD 10 10.917969 1567447301.1547
CHLD 11 10.859375 1567447301.1548
MEM 708.546875 1567447301.2563
CHLD 0 601.078125 1567447301.3140
CHLD 1 601.078125 1567447301.3140
CHLD 2 601.078125 1567447301.3141
CHLD 3 601.078125 1567447301.3142
CHLD 4 657.812500 1567447301.3142
CHLD 5 706.035156 1567447301.3143
CHLD 6 658.359375 1567447301.3144
CHLD 7 674.832031 1567447301.3144
CHLD 8 10.914062 1567447301.3145
CHLD 9 10.929688 1567447301.3145
CHLD 10 10.917969 1567447301.3146
CHLD 11 10.859375 1567447301.3146
MEM 708.546875 1567447301.4152
CHLD 0 601.078125 1567447301.4474
CHLD 1 601.078125 1567447301.4475
CHLD 2 601.078125 1567447301.4476
CHLD 3 601.078125 1567447301.4476
CHLD 4 662.062500 1567447301.4477
CHLD 5 709.644531 1567447301.4477
CHLD 6 658.484375 1567447301.4478
CHLD 7 674.832031 1567447301.4479
CHLD 8 10.914062 1567447301.4479
CHLD 9 10.929688 1567447301.4480
CHLD 10 10.917969 1567447301.4525
CHLD 11 10.859375 1567447301.4560
MEM 708.546875 1567447301.5564
CHLD 0 601.078125 1567447301.5837
CHLD 1 601.078125 1567447301.5838
CHLD 2 601.078125 1567447301.5838
CHLD 3 601.078125 1567447301.5838
CHLD 4 662.394531 1567447301.5839
CHLD 5 717.894531 1567447301.5839
CHLD 6 658.546875 1567447301.5839
CHLD 7 675.347656 1567447301.5840
CHLD 8 10.914062 1567447301.5840
CHLD 9 10.929688 1567447301.5840
CHLD 10 10.917969 1567447301.5841
CHLD 11 10.859375 1567447301.5841
MEM 708.546875 1567447301.6850
CHLD 0 601.078125 1567447301.7302
CHLD 1 601.078125 1567447301.7302
CHLD 2 601.078125 1567447301.7303
CHLD 3 601.078125 1567447301.7304
CHLD 4 662.394531 1567447301.7304
CHLD 5 726.402344 1567447301.7305
CHLD 6 658.781250 1567447301.7388
CHLD 7 675.605469 1567447301.7390
CHLD 8 10.914062 1567447301.7390
CHLD 9 10.929688 1567447301.7391
CHLD 10 10.917969 1567447301.7391
CHLD 11 10.859375 1567447301.7392
MEM 708.546875 1567447301.8404
CHLD 0 601.078125 1567447301.8580
CHLD 1 601.078125 1567447301.8580
CHLD 2 601.078125 1567447301.8581
CHLD 3 601.078125 1567447301.8582
CHLD 4 662.394531 1567447301.8582
CHLD 5 718.175781 1567447301.8583
CHLD 6 658.781250 1567447301.8583
CHLD 7 675.605469 1567447301.8584
CHLD 8 10.914062 1567447301.8585
CHLD 9 10.929688 1567447301.8585
CHLD 10 10.917969 1567447301.8586
CHLD 11 10.859375 1567447301.8586
MEM 708.546875 1567447301.9594
CHLD 0 601.078125 1567447301.9812
CHLD 1 601.078125 1567447301.9813
CHLD 2 601.078125 1567447301.9813
CHLD 3 601.078125 1567447301.9814
CHLD 4 662.394531 1567447301.9814
CHLD 5 721.269531 1567447301.9815
CHLD 6 658.781250 1567447301.9815
CHLD 7 675.605469 1567447301.9816
CHLD 8 10.914062 1567447301.9817
CHLD 9 10.929688 1567447301.9817
CHLD 10 10.917969 1567447301.9818
CHLD 11 10.859375 1567447301.9819
MEM 708.546875 1567447302.0824
CHLD 0 601.078125 1567447302.1198
CHLD 1 601.078125 1567447302.1199
CHLD 2 601.078125 1567447302.1200
CHLD 3 601.078125 1567447302.1201
CHLD 4 662.394531 1567447302.1201
CHLD 5 721.269531 1567447302.1202
CHLD 6 658.781250 1567447302.1202
CHLD 7 675.863281 1567447302.1203
CHLD 8 10.914062 1567447302.1204
CHLD 9 10.929688 1567447302.1204
CHLD 10 10.917969 1567447302.1205
CHLD 11 10.859375 1567447302.1205
MEM 708.546875 1567447302.2209
CHLD 0 601.078125 1567447302.2432
CHLD 1 601.078125 1567447302.2433
CHLD 2 601.078125 1567447302.2434
CHLD 3 601.078125 1567447302.2435
CHLD 4 662.394531 1567447302.2435
CHLD 5 724.363281 1567447302.2435
CHLD 6 660.792969 1567447302.2436
CHLD 7 675.863281 1567447302.2436
CHLD 8 10.914062 1567447302.2436
CHLD 9 10.929688 1567447302.2437
CHLD 10 10.917969 1567447302.2437
CHLD 11 10.859375 1567447302.2438
MEM 708.546875 1567447302.3442
CHLD 0 601.078125 1567447302.3880
CHLD 1 601.078125 1567447302.3880
CHLD 2 601.078125 1567447302.3881
CHLD 3 601.078125 1567447302.3881
CHLD 4 662.394531 1567447302.3882
CHLD 5 733.382812 1567447302.3882
CHLD 6 662.082031 1567447302.3883
CHLD 7 676.121094 1567447302.3883
CHLD 8 10.914062 1567447302.3884
CHLD 9 10.929688 1567447302.3884
CHLD 10 10.917969 1567447302.3885
CHLD 11 10.859375 1567447302.3885
MEM 708.546875 1567447302.4891
CHLD 0 601.078125 1567447302.5552
CHLD 1 601.078125 1567447302.5553
CHLD 2 601.078125 1567447302.5554
CHLD 3 601.078125 1567447302.5554
CHLD 4 662.394531 1567447302.5555
CHLD 5 715.625000 1567447302.5556
CHLD 6 662.082031 1567447302.5556
CHLD 7 676.121094 1567447302.5557
CHLD 8 10.914062 1567447302.5557
CHLD 9 10.929688 1567447302.5558
CHLD 10 10.917969 1567447302.5558
CHLD 11 10.859375 1567447302.5559
MEM 708.546875 1567447302.6564
CHLD 0 601.078125 1567447302.6738
CHLD 1 601.078125 1567447302.6739
CHLD 2 601.078125 1567447302.6739
CHLD 3 601.078125 1567447302.6740
CHLD 4 662.394531 1567447302.6741
CHLD 5 721.296875 1567447302.6741
CHLD 6 662.082031 1567447302.6742
CHLD 7 676.121094 1567447302.6743
CHLD 8 10.914062 1567447302.6855
CHLD 9 10.929688 1567447302.6856
CHLD 10 10.917969 1567447302.6857
CHLD 11 10.859375 1567447302.6857
MEM 708.546875 1567447302.7862
CHLD 0 601.078125 1567447302.8502
CHLD 1 601.078125 1567447302.8502
CHLD 2 601.078125 1567447302.8520
CHLD 3 601.078125 1567447302.8522
CHLD 4 662.394531 1567447302.8522
CHLD 5 723.617188 1567447302.8523
CHLD 6 662.082031 1567447302.8523
CHLD 7 676.121094 1567447302.8524
CHLD 8 10.914062 1567447302.8525
CHLD 9 10.929688 1567447302.8525
CHLD 10 10.917969 1567447302.8526
CHLD 11 10.859375 1567447302.8526
MEM 708.546875 1567447302.9530
CHLD 0 601.078125 1567447303.0361
CHLD 1 601.078125 1567447303.0361
CHLD 2 601.078125 1567447303.0362
CHLD 3 601.078125 1567447303.0362
CHLD 4 662.394531 1567447303.0363
CHLD 5 723.617188 1567447303.0363
CHLD 6 675.621094 1567447303.0365
CHLD 7 676.121094 1567447303.0366
CHLD 8 10.914062 1567447303.0367
CHLD 9 10.929688 1567447303.0367
CHLD 10 10.917969 1567447303.0368
CHLD 11 10.859375 1567447303.0368
MEM 708.546875 1567447303.1373
CHLD 0 601.078125 1567447303.1635
CHLD 1 601.078125 1567447303.1643
CHLD 2 601.078125 1567447303.1643
CHLD 3 601.078125 1567447303.1644
CHLD 4 662.394531 1567447303.1644
CHLD 5 727.484375 1567447303.1645
CHLD 6 679.773438 1567447303.1645
CHLD 7 676.378906 1567447303.1646
CHLD 8 10.914062 1567447303.1646
CHLD 9 10.929688 1567447303.1647
CHLD 10 10.917969 1567447303.1648
CHLD 11 10.859375 1567447303.1648
MEM 708.546875 1567447303.2654
CHLD 0 601.078125 1567447303.3031
CHLD 1 601.078125 1567447303.3032
CHLD 2 601.078125 1567447303.3032
CHLD 3 601.078125 1567447303.3033
CHLD 4 662.394531 1567447303.3033
CHLD 5 721.660156 1567447303.3034
CHLD 6 680.546875 1567447303.3035
CHLD 7 676.378906 1567447303.3035
CHLD 8 10.914062 1567447303.3036
CHLD 9 10.929688 1567447303.3036
CHLD 10 10.917969 1567447303.3037
CHLD 11 10.859375 1567447303.3037
MEM 708.546875 1567447303.4044
CHLD 0 601.078125 1567447303.4406
CHLD 1 601.078125 1567447303.4407
CHLD 2 601.078125 1567447303.4409
CHLD 3 601.078125 1567447303.4409
CHLD 4 662.394531 1567447303.4470
CHLD 5 727.589844 1567447303.4471
CHLD 6 681.578125 1567447303.4472
CHLD 7 676.636719 1567447303.4472
CHLD 8 10.914062 1567447303.4473
CHLD 9 10.929688 1567447303.4473
CHLD 10 10.917969 1567447303.4474
CHLD 11 10.859375 1567447303.4474
MEM 708.546875 1567447303.5478
CHLD 0 601.078125 1567447303.6168
CHLD 1 601.078125 1567447303.6168
CHLD 2 601.078125 1567447303.6169
CHLD 3 601.078125 1567447303.6169
CHLD 4 662.394531 1567447303.6170
CHLD 5 737.128906 1567447303.6171
CHLD 6 681.835938 1567447303.6171
CHLD 7 676.636719 1567447303.6188
CHLD 8 10.914062 1567447303.6189
CHLD 9 10.929688 1567447303.6190
CHLD 10 10.917969 1567447303.6191
CHLD 11 10.859375 1567447303.6191
MEM 708.546875 1567447303.7216
CHLD 0 601.078125 1567447303.7780
CHLD 1 601.078125 1567447303.7780
CHLD 2 601.078125 1567447303.7781
CHLD 3 601.078125 1567447303.7781
CHLD 4 662.394531 1567447303.7782
CHLD 5 737.128906 1567447303.7782
CHLD 6 681.835938 1567447303.7783
CHLD 7 676.636719 1567447303.7784
CHLD 8 10.914062 1567447303.7784
CHLD 9 10.929688 1567447303.7785
CHLD 10 10.917969 1567447303.7785
CHLD 11 10.859375 1567447303.7786
MEM 708.546875 1567447303.8790
CHLD 0 601.078125 1567447303.9015
CHLD 1 601.078125 1567447303.9015
CHLD 2 601.078125 1567447303.9016
CHLD 3 601.078125 1567447303.9016
CHLD 4 662.394531 1567447303.9017
CHLD 5 737.128906 1567447303.9017
CHLD 6 681.835938 1567447303.9019
CHLD 7 676.636719 1567447303.9020
CHLD 8 10.914062 1567447303.9020
CHLD 9 10.929688 1567447303.9021
CHLD 10 10.917969 1567447303.9021
CHLD 11 10.859375 1567447303.9022
MEM 708.546875 1567447304.0026
CHLD 0 601.078125 1567447304.0371
CHLD 1 601.078125 1567447304.0371
CHLD 2 601.078125 1567447304.0372
CHLD 3 601.078125 1567447304.0372
CHLD 4 662.394531 1567447304.0373
CHLD 5 724.859375 1567447304.0373
CHLD 6 681.835938 1567447304.0374
CHLD 7 676.636719 1567447304.0374
CHLD 8 10.914062 1567447304.0375
CHLD 9 10.929688 1567447304.0443
CHLD 10 10.917969 1567447304.0444
CHLD 11 10.859375 1567447304.0444
MEM 708.546875 1567447304.1450
CHLD 0 601.078125 1567447304.1834
CHLD 1 601.078125 1567447304.1835
CHLD 2 601.078125 1567447304.1836
CHLD 3 601.078125 1567447304.1836
CHLD 4 662.394531 1567447304.1837
CHLD 5 719.859375 1567447304.1837
CHLD 6 682.609375 1567447304.1838
CHLD 7 676.636719 1567447304.1838
CHLD 8 10.914062 1567447304.1839
CHLD 9 10.929688 1567447304.1839
CHLD 10 10.917969 1567447304.1840
CHLD 11 10.859375 1567447304.1840
MEM 708.546875 1567447304.2845
CHLD 0 601.078125 1567447304.3560
CHLD 1 601.078125 1567447304.3561
CHLD 2 601.078125 1567447304.3562
CHLD 3 601.078125 1567447304.3562
CHLD 4 662.394531 1567447304.3563
CHLD 5 722.953125 1567447304.3563
CHLD 6 683.382812 1567447304.3564
CHLD 7 677.152344 1567447304.3564
CHLD 8 10.914062 1567447304.3565
CHLD 9 10.929688 1567447304.3566
CHLD 10 10.917969 1567447304.3566
CHLD 11 10.859375 1567447304.3567
MEM 708.546875 1567447304.4571
CHLD 0 601.078125 1567447304.4924
CHLD 1 601.078125 1567447304.4924
CHLD 2 601.078125 1567447304.4925
CHLD 3 601.078125 1567447304.4925
CHLD 4 662.394531 1567447304.4926
CHLD 5 722.953125 1567447304.4927
CHLD 6 683.382812 1567447304.4927
CHLD 7 677.152344 1567447304.4928
CHLD 8 10.914062 1567447304.4929
CHLD 9 10.929688 1567447304.4929
CHLD 10 10.917969 1567447304.4930
CHLD 11 10.859375 1567447304.4930
MEM 708.546875 1567447304.5937
CHLD 0 601.078125 1567447304.6092
CHLD 1 601.078125 1567447304.6093
CHLD 2 601.078125 1567447304.6093
CHLD 3 601.078125 1567447304.6094
CHLD 4 662.394531 1567447304.6095
CHLD 5 725.789062 1567447304.6095
CHLD 6 683.382812 1567447304.6096
CHLD 7 677.152344 1567447304.6096
CHLD 8 10.914062 1567447304.6097
CHLD 9 10.929688 1567447304.6098
CHLD 10 10.917969 1567447304.6098
CHLD 11 10.859375 1567447304.6099
MEM 708.546875 1567447304.7103
CHLD 0 601.078125 1567447304.7351
CHLD 1 601.078125 1567447304.7351
CHLD 2 601.078125 1567447304.7352
CHLD 3 601.078125 1567447304.7352
CHLD 4 662.394531 1567447304.7353
CHLD 5 725.789062 1567447304.7353
CHLD 6 683.382812 1567447304.7354
CHLD 7 677.152344 1567447304.7354
CHLD 8 10.914062 1567447304.7355
CHLD 9 10.929688 1567447304.7355
CHLD 10 10.917969 1567447304.7355
CHLD 11 10.859375 1567447304.7356
MEM 708.546875 1567447304.8360
CHLD 0 601.078125 1567447304.8539
CHLD 1 601.078125 1567447304.8540
CHLD 2 601.078125 1567447304.8540
CHLD 3 601.078125 1567447304.8541
CHLD 4 662.394531 1567447304.8541
CHLD 5 725.789062 1567447304.8542
CHLD 6 683.898438 1567447304.8542
CHLD 7 677.152344 1567447304.8542
CHLD 8 10.914062 1567447304.8544
CHLD 9 10.929688 1567447304.8544
CHLD 10 10.917969 1567447304.8545
CHLD 11 10.859375 1567447304.8545
MEM 708.546875 1567447304.9552
CHLD 0 601.078125 1567447305.0094
CHLD 1 601.078125 1567447305.0095
CHLD 2 601.078125 1567447305.0096
CHLD 3 601.078125 1567447305.0096
CHLD 4 662.394531 1567447305.0097
CHLD 5 728.882812 1567447305.0097
CHLD 6 683.898438 1567447305.0098
CHLD 7 677.152344 1567447305.0099
CHLD 8 10.914062 1567447305.0099
CHLD 9 10.929688 1567447305.0100
CHLD 10 10.917969 1567447305.0101
CHLD 11 10.859375 1567447305.0101
MEM 708.546875 1567447305.1146
CHLD 0 601.078125 1567447305.2182
CHLD 1 601.078125 1567447305.2221
CHLD 2 601.078125 1567447305.2223
CHLD 3 601.078125 1567447305.2223
CHLD 4 662.394531 1567447305.2224
CHLD 5 728.882812 1567447305.2225
CHLD 6 683.898438 1567447305.2225
CHLD 7 677.152344 1567447305.2226
CHLD 8 10.914062 1567447305.2227
CHLD 9 10.929688 1567447305.2227
CHLD 10 10.917969 1567447305.2228
CHLD 11 10.859375 1567447305.2228
MEM 708.546875 1567447305.3232
CHLD 0 601.078125 1567447305.3575
CHLD 1 601.078125 1567447305.3576
CHLD 2 601.078125 1567447305.3576
CHLD 3 601.078125 1567447305.3577
CHLD 4 662.394531 1567447305.3578
CHLD 5 728.882812 1567447305.3578
CHLD 6 683.898438 1567447305.3579
CHLD 7 677.152344 1567447305.3579
CHLD 8 10.914062 1567447305.3580
CHLD 9 10.929688 1567447305.3580
CHLD 10 10.917969 1567447305.3581
CHLD 11 10.859375 1567447305.3581
MEM 708.546875 1567447305.4588
CHLD 0 601.078125 1567447305.4835
CHLD 1 601.078125 1567447305.4836
CHLD 2 601.078125 1567447305.4837
CHLD 3 601.078125 1567447305.4837
CHLD 4 662.394531 1567447305.4838
CHLD 5 716.398438 1567447305.4839
CHLD 6 683.898438 1567447305.4839
CHLD 7 677.152344 1567447305.4840
CHLD 8 10.914062 1567447305.4852
CHLD 9 10.929688 1567447305.4853
CHLD 10 10.917969 1567447305.4853
CHLD 11 10.859375 1567447305.4854
MEM 708.546875 1567447305.5858
CHLD 0 601.078125 1567447305.6178
CHLD 1 601.078125 1567447305.6179
CHLD 2 601.078125 1567447305.6179
CHLD 3 601.078125 1567447305.6180
CHLD 4 662.394531 1567447305.6180
CHLD 5 716.398438 1567447305.6181
CHLD 6 683.898438 1567447305.6181
CHLD 7 677.152344 1567447305.6182
CHLD 8 10.914062 1567447305.6183
CHLD 9 10.929688 1567447305.6183
CHLD 10 10.917969 1567447305.6184
CHLD 11 10.859375 1567447305.6184
MEM 708.546875 1567447305.7189
CHLD 0 601.078125 1567447305.7500
CHLD 1 601.078125 1567447305.7500
CHLD 2 601.078125 1567447305.7501
CHLD 3 601.078125 1567447305.7501
CHLD 4 662.394531 1567447305.7502
CHLD 5 716.398438 1567447305.7502
CHLD 6 683.898438 1567447305.7503
CHLD 7 677.152344 1567447305.7504
CHLD 8 10.914062 1567447305.7504
CHLD 9 10.929688 1567447305.7505
CHLD 10 10.917969 1567447305.7505
CHLD 11 10.859375 1567447305.7506
MEM 708.546875 1567447305.8510
CHLD 0 601.078125 1567447305.8702
CHLD 1 601.078125 1567447305.8723
CHLD 2 601.078125 1567447305.8816
CHLD 3 601.078125 1567447305.8817
CHLD 4 662.394531 1567447305.8818
CHLD 5 719.234375 1567447305.8819
CHLD 6 683.898438 1567447305.8820
CHLD 7 677.152344 1567447305.8821
CHLD 8 10.914062 1567447305.8821
CHLD 9 10.929688 1567447305.8822
CHLD 10 10.917969 1567447305.8823
CHLD 11 10.859375 1567447305.8823
MEM 708.546875 1567447305.9828
CHLD 0 601.078125 1567447306.0279
CHLD 1 601.078125 1567447306.0280
CHLD 2 601.078125 1567447306.0280
CHLD 3 601.078125 1567447306.0281
CHLD 4 662.394531 1567447306.0281
CHLD 5 719.492188 1567447306.0282
CHLD 6 683.898438 1567447306.0283
CHLD 7 677.152344 1567447306.0283
CHLD 8 10.914062 1567447306.0284
CHLD 9 10.929688 1567447306.0284
CHLD 10 10.917969 1567447306.0285
CHLD 11 10.859375 1567447306.0285
MEM 708.546875 1567447306.1290
CHLD 0 601.078125 1567447306.1891
CHLD 1 601.078125 1567447306.1891
CHLD 2 601.078125 1567447306.1892
CHLD 3 601.078125 1567447306.1893
CHLD 4 662.394531 1567447306.1893
CHLD 5 723.101562 1567447306.1894
CHLD 6 683.898438 1567447306.1895
CHLD 7 677.152344 1567447306.1895
CHLD 8 10.914062 1567447306.1896
CHLD 9 10.929688 1567447306.1896
CHLD 10 10.917969 1567447306.1897
CHLD 11 10.859375 1567447306.1897
MEM 708.546875 1567447306.2902
CHLD 0 601.078125 1567447306.3145
CHLD 1 601.078125 1567447306.3145
CHLD 2 601.078125 1567447306.3146
CHLD 3 601.078125 1567447306.3146
CHLD 4 662.394531 1567447306.3147
CHLD 5 725.421875 1567447306.3147
CHLD 6 683.898438 1567447306.3148
CHLD 7 677.152344 1567447306.3148
CHLD 8 10.914062 1567447306.3149
CHLD 9 10.929688 1567447306.3149
CHLD 10 10.917969 1567447306.3150
CHLD 11 10.859375 1567447306.3150
MEM 708.546875 1567447306.4154
CHLD 0 601.078125 1567447306.4527
CHLD 1 601.078125 1567447306.4527
CHLD 2 601.078125 1567447306.4528
CHLD 3 601.078125 1567447306.4529
CHLD 4 662.394531 1567447306.4529
CHLD 5 725.421875 1567447306.4530
CHLD 6 683.898438 1567447306.4530
CHLD 7 677.410156 1567447306.4531
CHLD 8 10.914062 1567447306.4532
CHLD 9 10.929688 1567447306.4532
CHLD 10 10.917969 1567447306.4533
CHLD 11 10.859375 1567447306.4533
MEM 708.546875 1567447306.5538
CHLD 0 601.078125 1567447306.5695
CHLD 1 601.078125 1567447306.5696
CHLD 2 601.078125 1567447306.5696
CHLD 3 601.078125 1567447306.5697
CHLD 4 662.394531 1567447306.5698
CHLD 5 725.421875 1567447306.5698
CHLD 6 684.156250 1567447306.5699
CHLD 7 677.410156 1567447306.5699
CHLD 8 10.914062 1567447306.5700
CHLD 9 10.929688 1567447306.5700
CHLD 10 10.917969 1567447306.5701
CHLD 11 10.859375 1567447306.5701
MEM 708.546875 1567447306.6707
CHLD 0 601.078125 1567447306.7116
CHLD 1 601.078125 1567447306.7117
CHLD 2 601.078125 1567447306.7118
CHLD 3 601.078125 1567447306.7118
CHLD 4 662.394531 1567447306.7119
CHLD 5 725.421875 1567447306.7263
CHLD 6 684.156250 1567447306.7267
CHLD 7 677.410156 1567447306.7268
CHLD 8 10.914062 1567447306.7268
CHLD 9 10.929688 1567447306.7269
CHLD 10 10.917969 1567447306.7270
CHLD 11 10.859375 1567447306.7271
MEM 708.546875 1567447306.8275
CHLD 0 601.078125 1567447306.8695
CHLD 1 601.078125 1567447306.8696
CHLD 2 601.078125 1567447306.8696
CHLD 3 601.078125 1567447306.8697
CHLD 4 662.394531 1567447306.8697
CHLD 5 731.863281 1567447306.8698
CHLD 6 684.414062 1567447306.8699
CHLD 7 677.410156 1567447306.8699
CHLD 8 10.914062 1567447306.8700
CHLD 9 10.929688 1567447306.8700
CHLD 10 10.917969 1567447306.8701
CHLD 11 10.859375 1567447306.8702
MEM 708.546875 1567447306.9706
CHLD 0 601.078125 1567447307.0045
CHLD 1 601.078125 1567447307.0046
CHLD 2 601.078125 1567447307.0046
CHLD 3 601.078125 1567447307.0047
CHLD 4 662.769531 1567447307.0047
CHLD 5 734.695312 1567447307.0053
CHLD 6 684.414062 1567447307.0054
CHLD 7 677.410156 1567447307.0055
CHLD 8 10.914062 1567447307.0064
CHLD 9 10.929688 1567447307.0065
CHLD 10 10.917969 1567447307.0066
CHLD 11 10.859375 1567447307.0066
MEM 708.546875 1567447307.1071
CHLD 0 601.078125 1567447307.1465
CHLD 1 601.078125 1567447307.1465
CHLD 2 601.078125 1567447307.1466
CHLD 3 601.078125 1567447307.1466
CHLD 4 662.769531 1567447307.1467
CHLD 5 734.695312 1567447307.1467
CHLD 6 684.414062 1567447307.1468
CHLD 7 677.410156 1567447307.1469
CHLD 8 10.914062 1567447307.1469
CHLD 9 10.929688 1567447307.1470
CHLD 10 10.917969 1567447307.1471
CHLD 11 10.859375 1567447307.1471
MEM 708.546875 1567447307.2475
CHLD 0 601.078125 1567447307.2806
CHLD 1 601.078125 1567447307.2806
CHLD 2 601.078125 1567447307.2807
CHLD 3 601.078125 1567447307.2807
CHLD 4 662.769531 1567447307.2808
CHLD 5 734.695312 1567447307.2808
CHLD 6 685.960938 1567447307.2809
CHLD 7 677.410156 1567447307.2810
CHLD 8 10.914062 1567447307.2810
CHLD 9 10.929688 1567447307.2811
CHLD 10 10.917969 1567447307.2812
CHLD 11 10.859375 1567447307.2812
MEM 708.546875 1567447307.3817
CHLD 0 601.078125 1567447307.4296
CHLD 1 601.078125 1567447307.4297
CHLD 2 601.078125 1567447307.4298
CHLD 3 601.078125 1567447307.4299
CHLD 4 662.769531 1567447307.4300
CHLD 5 734.695312 1567447307.4300
CHLD 6 685.960938 1567447307.4452
CHLD 7 677.410156 1567447307.4453
CHLD 8 10.914062 1567447307.4454
CHLD 9 10.929688 1567447307.4454
CHLD 10 10.917969 1567447307.4455
CHLD 11 10.859375 1567447307.4456
MEM 708.546875 1567447307.5461
CHLD 0 601.078125 1567447307.5986
CHLD 1 601.078125 1567447307.5986
CHLD 2 601.078125 1567447307.5987
CHLD 3 601.078125 1567447307.5988
CHLD 4 662.769531 1567447307.5988
CHLD 5 718.007812 1567447307.5989
CHLD 6 685.960938 1567447307.5990
CHLD 7 677.410156 1567447307.5990
CHLD 8 10.914062 1567447307.5991
CHLD 9 10.929688 1567447307.5991
CHLD 10 10.917969 1567447307.5992
CHLD 11 10.859375 1567447307.5992
MEM 708.546875 1567447307.6997
CHLD 0 601.078125 1567447307.7280
CHLD 1 601.078125 1567447307.7280
CHLD 2 601.078125 1567447307.7280
CHLD 3 601.078125 1567447307.7281
CHLD 4 662.769531 1567447307.7281
CHLD 5 723.421875 1567447307.7281
CHLD 6 685.960938 1567447307.7282
CHLD 7 677.410156 1567447307.7282
CHLD 8 10.914062 1567447307.7282
CHLD 9 10.929688 1567447307.7283
CHLD 10 10.917969 1567447307.7283
CHLD 11 10.859375 1567447307.7284
MEM 708.546875 1567447307.8291
CHLD 0 601.078125 1567447307.8738
CHLD 1 601.078125 1567447307.8738
CHLD 2 601.078125 1567447307.8739
CHLD 3 601.078125 1567447307.8739
CHLD 4 662.769531 1567447307.8740
CHLD 5 716.121094 1567447307.8740
CHLD 6 685.960938 1567447307.8763
CHLD 7 677.410156 1567447307.8764
CHLD 8 10.914062 1567447307.8764
CHLD 9 10.929688 1567447307.8793
CHLD 10 10.917969 1567447307.8793
CHLD 11 10.859375 1567447307.8794
MEM 708.546875 1567447307.9799
CHLD 0 601.078125 1567447308.0052
CHLD 1 601.078125 1567447308.0053
CHLD 2 601.078125 1567447308.0053
CHLD 3 601.078125 1567447308.0054
CHLD 4 662.769531 1567447308.0054
CHLD 5 708.351562 1567447308.0055
CHLD 6 685.960938 1567447308.0055
CHLD 7 677.410156 1567447308.0056
CHLD 8 10.914062 1567447308.0184
CHLD 9 10.929688 1567447308.0185
CHLD 10 10.917969 1567447308.0186
CHLD 11 10.859375 1567447308.0186
MEM 708.546875 1567447308.1191
CHLD 0 601.078125 1567447308.1439
CHLD 1 601.078125 1567447308.1439
CHLD 2 601.078125 1567447308.1440
CHLD 3 601.078125 1567447308.1441
CHLD 4 662.769531 1567447308.1441
CHLD 5 719.437500 1567447308.1442
CHLD 6 685.960938 1567447308.1442
CHLD 7 677.410156 1567447308.1443
CHLD 8 10.914062 1567447308.1444
CHLD 9 10.929688 1567447308.1444
CHLD 10 10.917969 1567447308.1445
CHLD 11 10.859375 1567447308.1446
MEM 708.546875 1567447308.2541
CHLD 0 601.078125 1567447308.3084
CHLD 1 601.078125 1567447308.3084
CHLD 2 601.078125 1567447308.3085
CHLD 3 601.078125 1567447308.3086
CHLD 4 662.769531 1567447308.3088
CHLD 5 719.437500 1567447308.3089
CHLD 6 685.960938 1567447308.3089
CHLD 7 677.410156 1567447308.3090
CHLD 8 10.914062 1567447308.3124
CHLD 9 10.929688 1567447308.3125
CHLD 10 10.917969 1567447308.3126
CHLD 11 10.859375 1567447308.3126
MEM 708.546875 1567447308.4132
CHLD 0 601.078125 1567447308.4640
CHLD 1 601.078125 1567447308.4641
CHLD 2 601.078125 1567447308.4641
CHLD 3 601.078125 1567447308.4642
CHLD 4 662.769531 1567447308.4642
CHLD 5 719.437500 1567447308.4643
CHLD 6 685.960938 1567447308.4695
CHLD 7 677.410156 1567447308.4696
CHLD 8 10.914062 1567447308.4696
CHLD 9 10.929688 1567447308.4697
CHLD 10 10.917969 1567447308.4697
CHLD 11 10.859375 1567447308.4698
MEM 708.546875 1567447308.5704
CHLD 0 601.078125 1567447308.5891
CHLD 1 601.078125 1567447308.5892
CHLD 2 601.078125 1567447308.5893
CHLD 3 601.078125 1567447308.5893
CHLD 4 662.769531 1567447308.5894
CHLD 5 722.015625 1567447308.5895
CHLD 6 686.476562 1567447308.5895
CHLD 7 677.410156 1567447308.5896
CHLD 8 10.914062 1567447308.5971
CHLD 9 10.929688 1567447308.5972
CHLD 10 10.917969 1567447308.5972
CHLD 11 10.859375 1567447308.5973
MEM 708.546875 1567447308.6978
CHLD 0 601.078125 1567447308.7449
CHLD 1 601.078125 1567447308.7450
CHLD 2 601.078125 1567447308.7451
CHLD 3 601.078125 1567447308.7451
CHLD 4 662.769531 1567447308.7452
CHLD 5 725.109375 1567447308.7452
CHLD 6 686.476562 1567447308.7453
CHLD 7 677.410156 1567447308.7453
CHLD 8 10.914062 1567447308.7454
CHLD 9 10.929688 1567447308.7455
CHLD 10 10.917969 1567447308.7455
CHLD 11 10.859375 1567447308.7456
MEM 708.546875 1567447308.8463
CHLD 0 601.078125 1567447308.8891
CHLD 1 601.078125 1567447308.8892
CHLD 2 601.078125 1567447308.8893
CHLD 3 601.078125 1567447308.8893
CHLD 4 662.769531 1567447308.8894
CHLD 5 725.109375 1567447308.8895
CHLD 6 686.992188 1567447308.8895
CHLD 7 677.410156 1567447308.8896
CHLD 8 10.914062 1567447308.8896
CHLD 9 10.929688 1567447308.8897
CHLD 10 10.917969 1567447308.8897
CHLD 11 10.859375 1567447308.8898
MEM 708.558594 1567447308.9903
CHLD 0 601.078125 1567447309.0125
CHLD 1 601.078125 1567447309.0151
CHLD 2 601.078125 1567447309.0152
CHLD 3 601.078125 1567447309.0152
CHLD 4 662.769531 1567447309.0153
CHLD 5 725.109375 1567447309.0153
CHLD 6 686.992188 1567447309.0154
CHLD 7 677.410156 1567447309.0154
CHLD 8 10.914062 1567447309.0155
CHLD 9 10.929688 1567447309.0155
CHLD 10 10.917969 1567447309.0156
CHLD 11 10.859375 1567447309.0160
MEM 708.558594 1567447309.1165
CHLD 0 601.078125 1567447309.1659
CHLD 1 601.078125 1567447309.1660
CHLD 2 601.078125 1567447309.1661
CHLD 3 601.078125 1567447309.1661
CHLD 4 662.769531 1567447309.1662
CHLD 5 725.109375 1567447309.1662
CHLD 6 686.992188 1567447309.1711
CHLD 7 677.410156 1567447309.1712
CHLD 8 10.914062 1567447309.1712
CHLD 9 10.929688 1567447309.1713
CHLD 10 10.917969 1567447309.1714
CHLD 11 10.859375 1567447309.1714
MEM 708.558594 1567447309.2719
CHLD 0 601.078125 1567447309.3282
CHLD 1 601.078125 1567447309.3283
CHLD 2 601.078125 1567447309.3284
CHLD 3 601.078125 1567447309.3285
CHLD 4 662.769531 1567447309.3285
CHLD 5 725.109375 1567447309.3286
CHLD 6 686.992188 1567447309.3287
CHLD 7 677.410156 1567447309.3287
CHLD 8 10.914062 1567447309.3288
CHLD 9 10.929688 1567447309.3289
CHLD 10 10.917969 1567447309.3289
CHLD 11 10.859375 1567447309.3290
MEM 708.558594 1567447309.4295
CHLD 0 601.078125 1567447309.4577
CHLD 1 601.078125 1567447309.4578
CHLD 2 601.078125 1567447309.4578
CHLD 3 601.078125 1567447309.4579
CHLD 4 662.769531 1567447309.4580
CHLD 5 727.687500 1567447309.4580
CHLD 6 686.992188 1567447309.4581
CHLD 7 677.410156 1567447309.4582
CHLD 8 10.914062 1567447309.4582
CHLD 9 10.929688 1567447309.4610
CHLD 10 10.917969 1567447309.4611
CHLD 11 10.859375 1567447309.4612
MEM 708.558594 1567447309.5616
CHLD 0 601.078125 1567447309.5862
CHLD 1 601.078125 1567447309.5863
CHLD 2 601.078125 1567447309.5863
CHLD 3 601.078125 1567447309.5864
CHLD 4 662.769531 1567447309.5865
CHLD 5 733.648438 1567447309.5865
CHLD 6 686.992188 1567447309.5866
CHLD 7 677.410156 1567447309.5866
CHLD 8 10.914062 1567447309.5867
CHLD 9 10.929688 1567447309.5868
CHLD 10 10.917969 1567447309.5868
CHLD 11 10.859375 1567447309.5869
MEM 708.558594 1567447309.6874
CHLD 0 601.078125 1567447309.7896
CHLD 1 601.078125 1567447309.7897
CHLD 2 601.078125 1567447309.7897
CHLD 3 601.078125 1567447309.7898
CHLD 4 662.769531 1567447309.7899
CHLD 5 737.000000 1567447309.7899
CHLD 6 686.992188 1567447309.7900
CHLD 7 677.667969 1567447309.7901
CHLD 8 10.914062 1567447309.7901
CHLD 9 10.929688 1567447309.7902
CHLD 10 10.917969 1567447309.7902
CHLD 11 10.859375 1567447309.8962
MEM 708.558594 1567447309.9966
CHLD 0 601.078125 1567447310.0123
CHLD 1 601.078125 1567447310.0124
CHLD 2 601.078125 1567447310.0125
CHLD 3 601.078125 1567447310.0125
CHLD 4 662.769531 1567447310.0126
CHLD 5 737.000000 1567447310.0126
CHLD 6 686.992188 1567447310.0127
CHLD 7 677.925781 1567447310.0128
CHLD 8 10.914062 1567447310.0128
CHLD 9 10.929688 1567447310.0129
CHLD 10 10.917969 1567447310.0129
CHLD 11 10.859375 1567447310.0130
MEM 708.558594 1567447310.1151
CHLD 0 601.078125 1567447310.1364
CHLD 1 601.078125 1567447310.1365
CHLD 2 601.078125 1567447310.1365
CHLD 3 601.078125 1567447310.1389
CHLD 4 662.769531 1567447310.1390
CHLD 5 722.316406 1567447310.1391
CHLD 6 686.992188 1567447310.1391
CHLD 7 677.925781 1567447310.1399
CHLD 8 10.914062 1567447310.1400
CHLD 9 10.929688 1567447310.1400
CHLD 10 10.917969 1567447310.1401
CHLD 11 10.859375 1567447310.1401
MEM 708.558594 1567447310.2405
CHLD 0 601.078125 1567447310.2763
CHLD 1 601.078125 1567447310.2764
CHLD 2 601.078125 1567447310.2764
CHLD 3 601.078125 1567447310.2765
CHLD 4 662.769531 1567447310.2766
CHLD 5 725.410156 1567447310.2766
CHLD 6 686.992188 1567447310.2767
CHLD 7 678.441406 1567447310.2768
CHLD 8 10.914062 1567447310.2768
CHLD 9 10.929688 1567447310.2769
CHLD 10 10.917969 1567447310.2769
CHLD 11 10.859375 1567447310.2770
MEM 708.558594 1567447310.3774
CHLD 0 601.078125 1567447310.4130
CHLD 1 601.078125 1567447310.4131
CHLD 2 601.078125 1567447310.4132
CHLD 3 601.078125 1567447310.4132
CHLD 4 662.769531 1567447310.4133
CHLD 5 734.687500 1567447310.4133
CHLD 6 686.992188 1567447310.4134
CHLD 7 678.441406 1567447310.4135
CHLD 8 10.914062 1567447310.4135
CHLD 9 10.929688 1567447310.4136
CHLD 10 10.917969 1567447310.4137
CHLD 11 10.859375 1567447310.4148
MEM 708.558594 1567447310.5153
CHLD 0 601.078125 1567447310.5589
CHLD 1 601.078125 1567447310.5589
CHLD 2 601.078125 1567447310.5625
CHLD 3 601.078125 1567447310.5626
CHLD 4 662.769531 1567447310.5627
CHLD 5 734.687500 1567447310.5627
CHLD 6 686.992188 1567447310.5628
CHLD 7 678.441406 1567447310.5629
CHLD 8 10.914062 1567447310.5629
CHLD 9 10.929688 1567447310.5630
CHLD 10 10.917969 1567447310.5630
CHLD 11 10.859375 1567447310.5631
MEM 708.558594 1567447310.6635
CHLD 0 601.078125 1567447310.6791
CHLD 1 601.078125 1567447310.6792
CHLD 2 601.078125 1567447310.6792
CHLD 3 601.078125 1567447310.6793
CHLD 4 662.769531 1567447310.6793
CHLD 5 734.687500 1567447310.6794
CHLD 6 686.992188 1567447310.6794
CHLD 7 678.445312 1567447310.6795
CHLD 8 10.914062 1567447310.6795
CHLD 9 10.929688 1567447310.6796
CHLD 10 10.917969 1567447310.6796
CHLD 11 10.859375 1567447310.6797
MEM 708.558594 1567447310.7801
CHLD 0 601.078125 1567447310.8133
CHLD 1 601.078125 1567447310.8152
CHLD 2 601.078125 1567447310.8170
CHLD 3 601.078125 1567447310.8171
CHLD 4 662.769531 1567447310.8171
CHLD 5 734.687500 1567447310.8172
CHLD 6 686.992188 1567447310.8172
CHLD 7 678.445312 1567447310.8173
CHLD 8 10.914062 1567447310.8173
CHLD 9 10.929688 1567447310.8174
CHLD 10 10.917969 1567447310.8174
CHLD 11 10.859375 1567447310.8175
MEM 708.558594 1567447310.9180
CHLD 0 601.078125 1567447310.9544
CHLD 1 601.078125 1567447310.9546
CHLD 2 601.078125 1567447310.9546
CHLD 3 601.078125 1567447310.9547
CHLD 4 662.769531 1567447310.9548
CHLD 5 720.648438 1567447310.9548
CHLD 6 686.992188 1567447310.9549
CHLD 7 678.445312 1567447310.9549
CHLD 8 10.914062 1567447310.9550
CHLD 9 10.929688 1567447310.9550
CHLD 10 10.917969 1567447310.9551
CHLD 11 10.859375 1567447310.9551
MEM 708.558594 1567447311.0556
CHLD 0 601.078125 1567447311.0811
CHLD 1 601.078125 1567447311.0812
CHLD 2 601.078125 1567447311.0838
CHLD 3 601.078125 1567447311.0840
CHLD 4 662.769531 1567447311.0840
CHLD 5 720.648438 1567447311.0841
CHLD 6 686.992188 1567447311.0841
CHLD 7 678.445312 1567447311.0842
CHLD 8 10.914062 1567447311.0843
CHLD 9 10.929688 1567447311.0843
CHLD 10 10.917969 1567447311.0844
CHLD 11 10.859375 1567447311.0845
MEM 708.558594 1567447311.1849
CHLD 0 601.078125 1567447311.2004
CHLD 1 601.078125 1567447311.2004
CHLD 2 601.078125 1567447311.2004
CHLD 3 601.078125 1567447311.2005
CHLD 4 662.769531 1567447311.2005
CHLD 5 720.648438 1567447311.2005
CHLD 6 686.992188 1567447311.2006
CHLD 7 678.445312 1567447311.2006
CHLD 8 10.914062 1567447311.2006
CHLD 9 10.929688 1567447311.2007
CHLD 10 10.917969 1567447311.2007
CHLD 11 10.859375 1567447311.2008
MEM 708.558594 1567447311.3012
CHLD 0 601.078125 1567447311.3381
CHLD 1 601.078125 1567447311.3382
CHLD 2 601.078125 1567447311.3382
CHLD 3 601.078125 1567447311.3446
CHLD 4 663.449219 1567447311.3448
CHLD 5 720.648438 1567447311.3449
CHLD 6 686.992188 1567447311.3450
CHLD 7 678.445312 1567447311.3450
CHLD 8 10.914062 1567447311.3451
CHLD 9 10.929688 1567447311.3456
CHLD 10 10.917969 1567447311.3457
CHLD 11 10.859375 1567447311.3466
MEM 708.558594 1567447311.4470
CHLD 0 601.078125 1567447311.4670
CHLD 1 601.078125 1567447311.4671
CHLD 2 601.078125 1567447311.4671
CHLD 3 601.078125 1567447311.4672
CHLD 4 663.531250 1567447311.4672
CHLD 5 720.648438 1567447311.4673
CHLD 6 686.992188 1567447311.4673
CHLD 7 679.074219 1567447311.4674
CHLD 8 10.914062 1567447311.4675
CHLD 9 10.929688 1567447311.4675
CHLD 10 10.917969 1567447311.4676
CHLD 11 10.859375 1567447311.4677
MEM 708.558594 1567447311.5681
CHLD 0 601.078125 1567447311.6016
CHLD 1 601.078125 1567447311.6030
CHLD 2 601.078125 1567447311.6031
CHLD 3 601.078125 1567447311.6032
CHLD 4 664.031250 1567447311.6033
CHLD 5 720.648438 1567447311.6033
CHLD 6 686.992188 1567447311.6034
CHLD 7 679.582031 1567447311.6034
CHLD 8 10.914062 1567447311.6035
CHLD 9 10.929688 1567447311.6036
CHLD 10 10.917969 1567447311.6036
CHLD 11 10.859375 1567447311.6037
MEM 708.558594 1567447311.7046
CHLD 0 601.078125 1567447311.7219
CHLD 1 601.078125 1567447311.7219
CHLD 2 601.078125 1567447311.7220
CHLD 3 601.078125 1567447311.7220
CHLD 4 664.281250 1567447311.7221
CHLD 5 720.648438 1567447311.7222
CHLD 6 686.992188 1567447311.7222
CHLD 7 680.093750 1567447311.7223
CHLD 8 10.914062 1567447311.7224
CHLD 9 10.929688 1567447311.7224
CHLD 10 10.917969 1567447311.7225
CHLD 11 10.859375 1567447311.7225
MEM 708.558594 1567447311.8229
CHLD 0 601.078125 1567447311.8526
CHLD 1 601.078125 1567447311.8527
CHLD 2 601.078125 1567447311.8527
CHLD 3 601.078125 1567447311.8528
CHLD 4 664.792969 1567447311.8528
CHLD 5 720.648438 1567447311.8529
CHLD 6 686.992188 1567447311.8529
CHLD 7 680.351562 1567447311.8530
CHLD 8 10.914062 1567447311.8531
CHLD 9 10.929688 1567447311.8531
CHLD 10 10.917969 1567447311.8532
CHLD 11 10.859375 1567447311.8532
MEM 708.558594 1567447311.9574
CHLD 0 601.078125 1567447312.0113
CHLD 1 601.078125 1567447312.0114
CHLD 2 601.078125 1567447312.0115
CHLD 3 601.078125 1567447312.0115
CHLD 4 665.050781 1567447312.0117
CHLD 5 720.648438 1567447312.0118
CHLD 6 687.890625 1567447312.0118
CHLD 7 680.832031 1567447312.0119
CHLD 8 10.914062 1567447312.0120
CHLD 9 10.929688 1567447312.0120
CHLD 10 10.917969 1567447312.0121
CHLD 11 10.859375 1567447312.0122
MEM 708.558594 1567447312.1126
CHLD 0 601.078125 1567447312.1518
CHLD 1 601.078125 1567447312.1519
CHLD 2 601.078125 1567447312.1520
CHLD 3 601.078125 1567447312.1520
CHLD 4 665.304688 1567447312.1521
CHLD 5 720.648438 1567447312.1521
CHLD 6 688.125000 1567447312.1522
CHLD 7 680.832031 1567447312.1522
CHLD 8 10.914062 1567447312.1523
CHLD 9 10.929688 1567447312.1524
CHLD 10 10.917969 1567447312.1524
CHLD 11 10.859375 1567447312.1525
MEM 708.558594 1567447312.2529
CHLD 0 601.078125 1567447312.2760
CHLD 1 601.078125 1567447312.2761
CHLD 2 601.078125 1567447312.2761
CHLD 3 601.078125 1567447312.2762
CHLD 4 665.562500 1567447312.2762
CHLD 5 720.648438 1567447312.2763
CHLD 6 688.378906 1567447312.2763
CHLD 7 680.832031 1567447312.2764
CHLD 8 10.914062 1567447312.2764
CHLD 9 10.929688 1567447312.2765
CHLD 10 10.917969 1567447312.2766
CHLD 11 10.859375 1567447312.2766
MEM 708.558594 1567447312.3771
CHLD 0 601.078125 1567447312.4098
CHLD 1 601.078125 1567447312.4099
CHLD 2 601.078125 1567447312.4100
CHLD 3 601.078125 1567447312.4101
CHLD 4 665.781250 1567447312.4101
CHLD 5 720.648438 1567447312.4102
CHLD 6 688.628906 1567447312.4102
CHLD 7 681.238281 1567447312.4103
CHLD 8 10.914062 1567447312.4104
CHLD 9 10.929688 1567447312.4104
CHLD 10 10.917969 1567447312.4105
CHLD 11 10.859375 1567447312.4105
MEM 708.558594 1567447312.5110
CHLD 0 601.078125 1567447312.5308
CHLD 1 601.078125 1567447312.5309
CHLD 2 601.078125 1567447312.5309
CHLD 3 601.078125 1567447312.5310
CHLD 4 666.281250 1567447312.5310
CHLD 5 720.648438 1567447312.5311
CHLD 6 689.144531 1567447312.5311
CHLD 7 681.753906 1567447312.5312
CHLD 8 10.914062 1567447312.5312
CHLD 9 10.929688 1567447312.5313
CHLD 10 10.917969 1567447312.5314
CHLD 11 10.859375 1567447312.5314
MEM 708.558594 1567447312.6318
CHLD 0 601.078125 1567447312.6720
CHLD 1 601.078125 1567447312.6721
CHLD 2 601.078125 1567447312.6721
CHLD 3 601.078125 1567447312.6721
CHLD 4 667.031250 1567447312.6722
CHLD 5 720.648438 1567447312.6722
CHLD 6 689.375000 1567447312.6722
CHLD 7 681.753906 1567447312.6723
CHLD 8 10.914062 1567447312.6723
CHLD 9 10.929688 1567447312.6723
CHLD 10 10.917969 1567447312.6724
CHLD 11 10.859375 1567447312.6724
MEM 708.558594 1567447312.7728
CHLD 0 601.078125 1567447312.8052
CHLD 1 601.078125 1567447312.8053
CHLD 2 601.078125 1567447312.8053
CHLD 3 601.078125 1567447312.8054
CHLD 4 667.800781 1567447312.8055
CHLD 5 720.648438 1567447312.8055
CHLD 6 689.628906 1567447312.8056
CHLD 7 681.753906 1567447312.8056
CHLD 8 10.914062 1567447312.8057
CHLD 9 10.929688 1567447312.8057
CHLD 10 10.917969 1567447312.8058
CHLD 11 10.859375 1567447312.8058
MEM 708.558594 1567447312.9072
CHLD 0 601.078125 1567447312.9419
CHLD 1 601.078125 1567447312.9420
CHLD 2 601.078125 1567447312.9421
CHLD 3 601.078125 1567447312.9421
CHLD 4 668.363281 1567447312.9422
CHLD 5 720.648438 1567447312.9547
CHLD 6 689.886719 1567447312.9548
CHLD 7 681.753906 1567447312.9549
CHLD 8 10.914062 1567447312.9549
CHLD 9 10.929688 1567447312.9550
CHLD 10 10.917969 1567447312.9550
CHLD 11 10.859375 1567447312.9551
MEM 708.558594 1567447313.0557
CHLD 0 601.078125 1567447313.0695
CHLD 1 601.078125 1567447313.0695
CHLD 2 601.078125 1567447313.0696
CHLD 3 601.078125 1567447313.0696
CHLD 4 668.363281 1567447313.0696
CHLD 5 720.648438 1567447313.0697
CHLD 6 690.378906 1567447313.0697
CHLD 7 681.753906 1567447313.0697
CHLD 8 10.914062 1567447313.0698
CHLD 9 10.929688 1567447313.0698
CHLD 10 10.917969 1567447313.0698
CHLD 11 10.859375 1567447313.0699
MEM 708.558594 1567447313.1704
CHLD 0 601.078125 1567447313.2240
CHLD 1 601.078125 1567447313.2241
CHLD 2 601.078125 1567447313.2241
CHLD 3 601.078125 1567447313.2242
CHLD 4 670.199219 1567447313.2242
CHLD 5 720.648438 1567447313.2243
CHLD 6 691.128906 1567447313.2243
CHLD 7 681.753906 1567447313.2244
CHLD 8 10.914062 1567447313.2244
CHLD 9 10.929688 1567447313.2245
CHLD 10 10.917969 1567447313.2245
CHLD 11 10.859375 1567447313.2246
MEM 708.558594 1567447313.3250
CHLD 0 601.078125 1567447313.3501
CHLD 1 601.078125 1567447313.3502
CHLD 2 601.078125 1567447313.3502
CHLD 3 601.078125 1567447313.3503
CHLD 4 671.488281 1567447313.3504
CHLD 5 721.261719 1567447313.3504
CHLD 6 691.386719 1567447313.3505
CHLD 7 681.753906 1567447313.3506
CHLD 8 10.914062 1567447313.3506
CHLD 9 10.929688 1567447313.3507
CHLD 10 10.917969 1567447313.3507
CHLD 11 10.859375 1567447313.3508
MEM 708.558594 1567447313.4534
CHLD 0 601.078125 1567447313.4852
CHLD 1 601.078125 1567447313.4853
CHLD 2 601.078125 1567447313.4854
CHLD 3 601.078125 1567447313.4854
CHLD 4 672.777344 1567447313.4855
CHLD 5 721.449219 1567447313.4855
CHLD 6 696.277344 1567447313.4856
CHLD 7 681.753906 1567447313.4856
CHLD 8 10.914062 1567447313.4857
CHLD 9 10.929688 1567447313.4857
CHLD 10 10.917969 1567447313.4858
CHLD 11 10.859375 1567447313.4859
MEM 708.558594 1567447313.5863
CHLD 0 601.078125 1567447313.6305
CHLD 1 601.078125 1567447313.6306
CHLD 2 601.078125 1567447313.6306
CHLD 3 601.078125 1567447313.6307
CHLD 4 674.667969 1567447313.6307
CHLD 5 721.960938 1567447313.6308
CHLD 6 696.792969 1567447313.6341
CHLD 7 681.753906 1567447313.6341
CHLD 8 10.914062 1567447313.6342
CHLD 9 10.929688 1567447313.6342
CHLD 10 10.917969 1567447313.6342
CHLD 11 10.859375 1567447313.6343
MEM 708.558594 1567447313.7347
CHLD 0 601.078125 1567447313.7688
CHLD 1 601.078125 1567447313.7688
CHLD 2 601.078125 1567447313.7689
CHLD 3 601.078125 1567447313.7690
CHLD 4 675.238281 1567447313.7693
CHLD 5 722.730469 1567447313.7695
CHLD 6 696.792969 1567447313.7695
CHLD 7 681.753906 1567447313.7696
CHLD 8 10.914062 1567447313.7696
CHLD 9 10.929688 1567447313.7720
CHLD 10 10.917969 1567447313.7721
CHLD 11 10.859375 1567447313.7724
MEM 708.558594 1567447313.8729
CHLD 0 601.078125 1567447313.8895
CHLD 1 601.078125 1567447313.8896
CHLD 2 601.078125 1567447313.8896
CHLD 3 601.078125 1567447313.8897
CHLD 4 675.238281 1567447313.8898
CHLD 5 723.199219 1567447313.8898
CHLD 6 696.792969 1567447313.9055
CHLD 7 681.753906 1567447313.9056
CHLD 8 10.914062 1567447313.9056
CHLD 9 10.929688 1567447313.9057
CHLD 10 10.917969 1567447313.9057
CHLD 11 10.859375 1567447313.9058
MEM 708.558594 1567447314.0062
CHLD 0 601.078125 1567447314.0569
CHLD 1 601.078125 1567447314.0569
CHLD 2 601.078125 1567447314.0570
CHLD 3 601.078125 1567447314.0571
CHLD 4 675.496094 1567447314.0571
CHLD 5 723.945312 1567447314.0572
CHLD 6 708.417969 1567447314.0572
CHLD 7 681.753906 1567447314.0573
CHLD 8 10.914062 1567447314.0573
CHLD 9 10.929688 1567447314.0574
CHLD 10 10.917969 1567447314.0575
CHLD 11 10.859375 1567447314.0575
MEM 708.558594 1567447314.1580
CHLD 0 601.078125 1567447314.2046
CHLD 1 601.078125 1567447314.2047
CHLD 2 601.078125 1567447314.2048
CHLD 3 601.078125 1567447314.2048
CHLD 4 675.496094 1567447314.2049
CHLD 5 723.945312 1567447314.2049
CHLD 6 717.183594 1567447314.2050
CHLD 7 681.753906 1567447314.2050
CHLD 8 10.914062 1567447314.2051
CHLD 9 10.929688 1567447314.2052
CHLD 10 10.917969 1567447314.2052
CHLD 11 10.859375 1567447314.2053
MEM 708.558594 1567447314.3063
CHLD 0 601.078125 1567447314.3810
CHLD 1 601.078125 1567447314.3811
CHLD 2 601.078125 1567447314.3812
CHLD 3 601.078125 1567447314.3812
CHLD 4 675.496094 1567447314.3813
CHLD 5 723.945312 1567447314.3813
CHLD 6 717.183594 1567447314.3814
CHLD 7 681.753906 1567447314.3814
CHLD 8 10.914062 1567447314.3815
CHLD 9 10.929688 1567447314.3815
CHLD 10 10.917969 1567447314.3816
CHLD 11 10.859375 1567447314.3816
MEM 708.558594 1567447314.4821
CHLD 0 601.078125 1567447314.5453
CHLD 1 601.078125 1567447314.5453
CHLD 2 601.078125 1567447314.5454
CHLD 3 601.078125 1567447314.5455
CHLD 4 675.496094 1567447314.5455
CHLD 5 723.945312 1567447314.5456
CHLD 6 717.441406 1567447314.5456
CHLD 7 681.753906 1567447314.5457
CHLD 8 10.914062 1567447314.5457
CHLD 9 10.929688 1567447314.5458
CHLD 10 10.917969 1567447314.5458
CHLD 11 10.859375 1567447314.5459
MEM 708.558594 1567447314.6466
CHLD 0 601.078125 1567447314.6888
CHLD 1 601.078125 1567447314.6889
CHLD 2 601.078125 1567447314.6889
CHLD 3 601.078125 1567447314.6890
CHLD 4 675.496094 1567447314.6890
CHLD 5 724.453125 1567447314.6891
CHLD 6 721.308594 1567447314.6892
CHLD 7 681.753906 1567447314.6892
CHLD 8 10.914062 1567447314.6893
CHLD 9 10.929688 1567447314.6893
CHLD 10 10.917969 1567447314.6894
CHLD 11 10.859375 1567447314.6894
MEM 708.558594 1567447314.7899
CHLD 0 601.078125 1567447314.8088
CHLD 1 601.078125 1567447314.8089
CHLD 2 601.078125 1567447314.8090
CHLD 3 601.078125 1567447314.8090
CHLD 4 675.496094 1567447314.8196
CHLD 5 724.453125 1567447314.8226
CHLD 6 723.628906 1567447314.8269
CHLD 7 681.753906 1567447314.8269
CHLD 8 10.914062 1567447314.8270
CHLD 9 10.929688 1567447314.8271
CHLD 10 10.917969 1567447314.8271
CHLD 11 10.859375 1567447314.8272
MEM 708.558594 1567447314.9276
CHLD 0 601.078125 1567447314.9681
CHLD 1 601.078125 1567447314.9682
CHLD 2 601.078125 1567447314.9683
CHLD 3 601.078125 1567447314.9683
CHLD 4 675.496094 1567447314.9684
CHLD 5 725.023438 1567447314.9684
CHLD 6 723.628906 1567447314.9685
CHLD 7 681.753906 1567447314.9685
CHLD 8 10.914062 1567447314.9686
CHLD 9 10.929688 1567447314.9728
CHLD 10 10.917969 1567447314.9728
CHLD 11 10.859375 1567447314.9729
MEM 708.558594 1567447315.0733
CHLD 0 601.078125 1567447315.1400
CHLD 1 601.078125 1567447315.1400
CHLD 2 601.078125 1567447315.1401
CHLD 3 601.078125 1567447315.1401
CHLD 4 675.496094 1567447315.1402
CHLD 5 725.023438 1567447315.1402
CHLD 6 723.628906 1567447315.1403
CHLD 7 681.753906 1567447315.1403
CHLD 8 10.914062 1567447315.1404
CHLD 9 10.929688 1567447315.1405
CHLD 10 10.917969 1567447315.1405
CHLD 11 10.859375 1567447315.1406
MEM 708.558594 1567447315.2413
CHLD 0 601.078125 1567447315.2937
CHLD 1 601.078125 1567447315.2939
CHLD 2 601.078125 1567447315.2939
CHLD 3 601.078125 1567447315.2940
CHLD 4 675.496094 1567447315.2940
CHLD 5 725.023438 1567447315.2941
CHLD 6 724.144531 1567447315.2942
CHLD 7 681.753906 1567447315.2942
CHLD 8 10.914062 1567447315.2943
CHLD 9 10.929688 1567447315.2944
CHLD 10 10.917969 1567447315.2944
CHLD 11 10.859375 1567447315.2945
MEM 708.558594 1567447315.3953
CHLD 0 601.078125 1567447315.4160
CHLD 1 601.078125 1567447315.4160
CHLD 2 601.078125 1567447315.4161
CHLD 3 601.078125 1567447315.4161
CHLD 4 675.496094 1567447315.4162
CHLD 5 725.023438 1567447315.4163
CHLD 6 726.207031 1567447315.4163
CHLD 7 681.753906 1567447315.4164
CHLD 8 10.914062 1567447315.4164
CHLD 9 10.929688 1567447315.4165
CHLD 10 10.917969 1567447315.4165
CHLD 11 10.859375 1567447315.4166
MEM 708.558594 1567447315.5173
CHLD 0 601.078125 1567447315.5599
CHLD 1 601.078125 1567447315.5600
CHLD 2 601.078125 1567447315.5600
CHLD 3 601.078125 1567447315.5601
CHLD 4 675.496094 1567447315.5601
CHLD 5 725.023438 1567447315.5602
CHLD 6 726.207031 1567447315.5602
CHLD 7 681.753906 1567447315.5603
CHLD 8 10.914062 1567447315.5604
CHLD 9 10.929688 1567447315.5604
CHLD 10 10.917969 1567447315.5605
CHLD 11 10.859375 1567447315.5605
MEM 708.558594 1567447315.6610
CHLD 0 601.078125 1567447315.7116
CHLD 1 601.078125 1567447315.7116
CHLD 2 601.078125 1567447315.7117
CHLD 3 601.078125 1567447315.7117
CHLD 4 676.007812 1567447315.7118
CHLD 5 725.023438 1567447315.7119
CHLD 6 726.207031 1567447315.7119
CHLD 7 681.753906 1567447315.7120
CHLD 8 10.914062 1567447315.7120
CHLD 9 10.929688 1567447315.7121
CHLD 10 10.917969 1567447315.7122
CHLD 11 10.859375 1567447315.7122
MEM 708.558594 1567447315.8127
CHLD 0 601.078125 1567447315.9124
CHLD 1 601.078125 1567447315.9125
CHLD 2 601.078125 1567447315.9126
CHLD 3 601.078125 1567447315.9126
CHLD 4 676.265625 1567447315.9127
CHLD 5 725.023438 1567447315.9127
CHLD 6 726.207031 1567447315.9128
CHLD 7 682.011719 1567447315.9129
CHLD 8 10.914062 1567447315.9129
CHLD 9 10.929688 1567447315.9130
CHLD 10 10.917969 1567447315.9148
CHLD 11 10.859375 1567447315.9149
MEM 708.558594 1567447316.0161
CHLD 0 601.078125 1567447316.0519
CHLD 1 601.078125 1567447316.0590
CHLD 2 601.078125 1567447316.0591
CHLD 3 601.078125 1567447316.0592
CHLD 4 676.265625 1567447316.0592
CHLD 5 725.023438 1567447316.0593
CHLD 6 726.207031 1567447316.0594
CHLD 7 682.011719 1567447316.0594
CHLD 8 10.914062 1567447316.0595
CHLD 9 10.929688 1567447316.0595
CHLD 10 10.917969 1567447316.0596
CHLD 11 10.859375 1567447316.0596
MEM 708.558594 1567447316.1600
CHLD 0 601.078125 1567447316.1893
CHLD 1 601.078125 1567447316.1894
CHLD 2 601.078125 1567447316.1894
CHLD 3 601.078125 1567447316.1895
CHLD 4 676.265625 1567447316.1896
CHLD 5 725.023438 1567447316.1896
CHLD 6 726.207031 1567447316.1897
CHLD 7 682.011719 1567447316.1898
CHLD 8 10.914062 1567447316.1898
CHLD 9 10.929688 1567447316.1899
CHLD 10 10.917969 1567447316.1899
CHLD 11 10.859375 1567447316.1900
MEM 708.558594 1567447316.2905
CHLD 0 601.078125 1567447316.3091
CHLD 1 601.078125 1567447316.3092
CHLD 2 601.078125 1567447316.3092
CHLD 3 601.078125 1567447316.3093
CHLD 4 676.265625 1567447316.3093
CHLD 5 725.023438 1567447316.3094
CHLD 6 726.207031 1567447316.3095
CHLD 7 682.269531 1567447316.3095
CHLD 8 10.914062 1567447316.3096
CHLD 9 10.929688 1567447316.3242
CHLD 10 10.917969 1567447316.3264
CHLD 11 10.859375 1567447316.3266
MEM 708.558594 1567447316.4270
CHLD 0 601.078125 1567447316.4759
CHLD 1 601.078125 1567447316.4759
CHLD 2 601.078125 1567447316.4760
CHLD 3 601.078125 1567447316.4760
CHLD 4 676.265625 1567447316.4760
CHLD 5 725.023438 1567447316.4761
CHLD 6 726.207031 1567447316.4762
CHLD 7 682.269531 1567447316.4762
CHLD 8 10.914062 1567447316.4763
CHLD 9 10.929688 1567447316.4763
CHLD 10 10.917969 1567447316.4764
CHLD 11 10.859375 1567447316.4764
MEM 708.558594 1567447316.5769
CHLD 0 601.078125 1567447316.6107
CHLD 1 601.078125 1567447316.6108
CHLD 2 601.078125 1567447316.6108
CHLD 3 601.078125 1567447316.6109
CHLD 4 676.265625 1567447316.6110
CHLD 5 725.023438 1567447316.6110
CHLD 6 726.207031 1567447316.6111
CHLD 7 682.269531 1567447316.6111
CHLD 8 10.914062 1567447316.6112
CHLD 9 10.929688 1567447316.6112
CHLD 10 10.917969 1567447316.6113
CHLD 11 10.859375 1567447316.6113
MEM 708.558594 1567447316.7118
CHLD 0 601.078125 1567447316.7616
CHLD 1 601.078125 1567447316.7617
CHLD 2 601.078125 1567447316.7617
CHLD 3 601.078125 1567447316.7618
CHLD 4 676.265625 1567447316.7618
CHLD 5 725.023438 1567447316.7619
CHLD 6 726.207031 1567447316.7619
CHLD 7 682.269531 1567447316.7620
CHLD 8 10.914062 1567447316.7620
CHLD 9 10.929688 1567447316.7621
CHLD 10 10.917969 1567447316.7621
CHLD 11 10.859375 1567447316.7622
MEM 708.558594 1567447316.8626
CHLD 0 601.078125 1567447316.9243
CHLD 1 601.078125 1567447316.9244
CHLD 2 601.078125 1567447316.9245
CHLD 3 601.078125 1567447316.9245
CHLD 4 676.265625 1567447316.9246
CHLD 5 725.023438 1567447316.9247
CHLD 6 726.207031 1567447316.9247
CHLD 7 682.269531 1567447316.9248
CHLD 8 10.914062 1567447316.9248
CHLD 9 10.929688 1567447316.9249
CHLD 10 10.917969 1567447316.9250
CHLD 11 10.859375 1567447316.9250
MEM 708.558594 1567447317.0259
CHLD 0 601.078125 1567447317.0573
CHLD 1 601.078125 1567447317.0574
CHLD 2 601.078125 1567447317.0575
CHLD 3 601.078125 1567447317.0575
CHLD 4 676.265625 1567447317.0576
CHLD 5 725.023438 1567447317.0576
CHLD 6 726.207031 1567447317.0577
CHLD 7 682.269531 1567447317.0578
CHLD 8 10.914062 1567447317.0578
CHLD 9 10.929688 1567447317.0579
CHLD 10 10.917969 1567447317.0579
CHLD 11 10.859375 1567447317.0580
MEM 708.558594 1567447317.1585
CHLD 0 601.078125 1567447317.2084
CHLD 1 601.078125 1567447317.2085
CHLD 2 601.078125 1567447317.2085
CHLD 3 601.078125 1567447317.2086
CHLD 4 676.265625 1567447317.2086
CHLD 5 725.023438 1567447317.2087
CHLD 6 727.753906 1567447317.2088
CHLD 7 682.269531 1567447317.2088
CHLD 8 10.914062 1567447317.2089
CHLD 9 10.929688 1567447317.2089
CHLD 10 10.917969 1567447317.2090
CHLD 11 10.859375 1567447317.2090
MEM 708.558594 1567447317.3098
CHLD 0 601.078125 1567447317.3433
CHLD 1 601.078125 1567447317.3433
CHLD 2 601.078125 1567447317.3434
CHLD 3 601.078125 1567447317.3434
CHLD 4 676.265625 1567447317.3435
CHLD 5 725.023438 1567447317.3435
CHLD 6 727.753906 1567447317.3436
CHLD 7 682.269531 1567447317.3437
CHLD 8 10.914062 1567447317.3437
CHLD 9 10.929688 1567447317.3438
CHLD 10 10.917969 1567447317.3438
CHLD 11 10.859375 1567447317.3439
MEM 708.558594 1567447317.4445
CHLD 0 601.078125 1567447317.4627
CHLD 1 601.078125 1567447317.4627
CHLD 2 601.078125 1567447317.4628
CHLD 3 601.078125 1567447317.4629
CHLD 4 676.265625 1567447317.4629
CHLD 5 725.023438 1567447317.4630
CHLD 6 727.753906 1567447317.4631
CHLD 7 682.269531 1567447317.4631
CHLD 8 10.914062 1567447317.4632
CHLD 9 10.929688 1567447317.4632
CHLD 10 10.917969 1567447317.4633
CHLD 11 10.859375 1567447317.4634
MEM 708.558594 1567447317.5638
CHLD 0 601.078125 1567447317.5819
CHLD 1 601.078125 1567447317.5819
CHLD 2 601.078125 1567447317.5820
CHLD 3 601.078125 1567447317.5820
CHLD 4 676.265625 1567447317.5821
CHLD 5 725.023438 1567447317.5821
CHLD 6 727.753906 1567447317.5822
CHLD 7 682.269531 1567447317.5822
CHLD 8 10.914062 1567447317.5913
CHLD 9 10.929688 1567447317.5914
CHLD 10 10.917969 1567447317.5915
CHLD 11 10.859375 1567447317.5915
MEM 708.558594 1567447317.6920
CHLD 0 601.078125 1567447317.7235
CHLD 1 601.078125 1567447317.7235
CHLD 2 601.078125 1567447317.7236
CHLD 3 601.078125 1567447317.7237
CHLD 4 676.265625 1567447317.7237
CHLD 5 725.023438 1567447317.7238
CHLD 6 728.011719 1567447317.7238
CHLD 7 682.269531 1567447317.7239
CHLD 8 10.914062 1567447317.7280
CHLD 9 10.929688 1567447317.7290
CHLD 10 10.917969 1567447317.7291
CHLD 11 10.859375 1567447317.7291
MEM 708.558594 1567447317.8297
CHLD 0 601.078125 1567447317.8764
CHLD 1 601.078125 1567447317.8765
CHLD 2 601.078125 1567447317.8766
CHLD 3 601.078125 1567447317.8766
CHLD 4 676.523438 1567447317.8767
CHLD 5 725.023438 1567447317.8767
CHLD 6 728.011719 1567447317.8768
CHLD 7 682.269531 1567447317.8768
CHLD 8 10.914062 1567447317.8769
CHLD 9 10.929688 1567447317.8769
CHLD 10 10.917969 1567447317.8770
CHLD 11 10.859375 1567447317.8770
MEM 708.558594 1567447317.9775
CHLD 0 601.078125 1567447318.0087
CHLD 1 601.078125 1567447318.0088
CHLD 2 601.078125 1567447318.0089
CHLD 3 601.078125 1567447318.0089
CHLD 4 676.523438 1567447318.0090
CHLD 5 725.023438 1567447318.0091
CHLD 6 728.011719 1567447318.0091
CHLD 7 682.269531 1567447318.0092
CHLD 8 10.914062 1567447318.0092
CHLD 9 10.929688 1567447318.0093
CHLD 10 10.917969 1567447318.0093
CHLD 11 10.859375 1567447318.0094
MEM 708.558594 1567447318.1098
CHLD 0 601.078125 1567447318.1455
CHLD 1 601.078125 1567447318.1456
CHLD 2 601.078125 1567447318.1457
CHLD 3 601.078125 1567447318.1457
CHLD 4 676.523438 1567447318.1458
CHLD 5 725.023438 1567447318.1458
CHLD 6 728.011719 1567447318.1459
CHLD 7 682.269531 1567447318.1460
CHLD 8 10.914062 1567447318.1460
CHLD 9 10.929688 1567447318.1461
CHLD 10 10.917969 1567447318.1461
CHLD 11 10.859375 1567447318.1462
MEM 708.558594 1567447318.2466
CHLD 0 601.078125 1567447318.3004
CHLD 1 601.078125 1567447318.3004
CHLD 2 601.078125 1567447318.3005
CHLD 3 601.078125 1567447318.3006
CHLD 4 676.523438 1567447318.3006
CHLD 5 725.023438 1567447318.3007
CHLD 6 728.011719 1567447318.3008
CHLD 7 682.269531 1567447318.3008
CHLD 8 10.914062 1567447318.3009
CHLD 9 10.929688 1567447318.3009
CHLD 10 10.917969 1567447318.3010
CHLD 11 10.859375 1567447318.3011
MEM 708.558594 1567447318.4015
CHLD 0 601.078125 1567447318.4777
CHLD 1 601.078125 1567447318.4778
CHLD 2 601.078125 1567447318.4779
CHLD 3 601.078125 1567447318.4779
CHLD 4 676.523438 1567447318.4780
CHLD 5 725.023438 1567447318.4781
CHLD 6 728.011719 1567447318.4781
CHLD 7 682.269531 1567447318.4782
CHLD 8 10.914062 1567447318.4782
CHLD 9 10.929688 1567447318.4783
CHLD 10 10.917969 1567447318.4784
CHLD 11 10.859375 1567447318.4784
MEM 708.558594 1567447318.5792
CHLD 0 601.078125 1567447318.6121
CHLD 1 601.078125 1567447318.6121
CHLD 2 601.078125 1567447318.6122
CHLD 3 601.078125 1567447318.6122
CHLD 4 676.523438 1567447318.6123
CHLD 5 725.023438 1567447318.6124
CHLD 6 728.011719 1567447318.6124
CHLD 7 682.269531 1567447318.6125
CHLD 8 10.914062 1567447318.6125
CHLD 9 10.929688 1567447318.6185
CHLD 10 10.917969 1567447318.6186
CHLD 11 10.859375 1567447318.6186
MEM 708.558594 1567447318.7194
CHLD 0 601.078125 1567447318.7402
CHLD 1 601.078125 1567447318.7402
CHLD 2 601.078125 1567447318.7403
CHLD 3 601.078125 1567447318.7403
CHLD 4 676.523438 1567447318.7404
CHLD 5 725.023438 1567447318.7405
CHLD 6 730.074219 1567447318.7405
CHLD 7 682.269531 1567447318.7406
CHLD 8 10.914062 1567447318.7406
CHLD 9 10.929688 1567447318.7407
CHLD 10 10.917969 1567447318.7408
CHLD 11 10.859375 1567447318.7408
MEM 708.558594 1567447318.8419
CHLD 0 601.078125 1567447318.8935
CHLD 1 601.078125 1567447318.8936
CHLD 2 601.078125 1567447318.8943
CHLD 3 601.078125 1567447318.8944
CHLD 4 676.523438 1567447318.8948
CHLD 5 725.023438 1567447318.8949
CHLD 6 730.074219 1567447318.8949
CHLD 7 682.269531 1567447318.8950
CHLD 8 10.914062 1567447318.8950
CHLD 9 10.929688 1567447318.8951
CHLD 10 10.917969 1567447318.8955
CHLD 11 10.859375 1567447318.8957
MEM 708.558594 1567447318.9964
CHLD 0 601.078125 1567447319.0293
CHLD 1 601.078125 1567447319.0294
CHLD 2 601.078125 1567447319.0294
CHLD 3 601.078125 1567447319.0295
CHLD 4 676.523438 1567447319.0296
CHLD 5 725.023438 1567447319.0296
CHLD 6 730.074219 1567447319.0297
CHLD 7 682.269531 1567447319.0297
CHLD 8 10.914062 1567447319.0298
CHLD 9 10.929688 1567447319.0298
CHLD 10 10.917969 1567447319.0299
CHLD 11 10.859375 1567447319.0300
MEM 708.558594 1567447319.1307
CHLD 0 601.078125 1567447319.1979
CHLD 1 601.078125 1567447319.1979
CHLD 2 601.078125 1567447319.1980
CHLD 3 601.078125 1567447319.1981
CHLD 4 676.523438 1567447319.1981
CHLD 5 725.023438 1567447319.1982
CHLD 6 730.074219 1567447319.1983
CHLD 7 682.269531 1567447319.1983
CHLD 8 10.914062 1567447319.1984
CHLD 9 10.929688 1567447319.1984
CHLD 10 10.917969 1567447319.1985
CHLD 11 10.859375 1567447319.1985
MEM 708.558594 1567447319.2990
CHLD 0 601.078125 1567447319.3220
CHLD 1 601.078125 1567447319.3221
CHLD 2 601.078125 1567447319.3221
CHLD 3 601.078125 1567447319.3222
CHLD 4 676.523438 1567447319.3222
CHLD 5 725.023438 1567447319.3238
CHLD 6 730.074219 1567447319.3238
CHLD 7 682.269531 1567447319.3239
CHLD 8 10.914062 1567447319.3239
CHLD 9 10.929688 1567447319.3240
CHLD 10 10.917969 1567447319.3240
CHLD 11 10.859375 1567447319.3241
MEM 708.558594 1567447319.4246
CHLD 0 601.078125 1567447319.4677
CHLD 1 601.078125 1567447319.4677
CHLD 2 601.078125 1567447319.4678
CHLD 3 601.078125 1567447319.4678
CHLD 4 676.523438 1567447319.4679
CHLD 5 725.023438 1567447319.4680
CHLD 6 730.074219 1567447319.4680
CHLD 7 682.527344 1567447319.4681
CHLD 8 10.914062 1567447319.4681
CHLD 9 10.929688 1567447319.4682
CHLD 10 10.917969 1567447319.4682
CHLD 11 10.859375 1567447319.4683
MEM 708.558594 1567447319.5687
CHLD 0 601.078125 1567447319.6045
CHLD 1 601.078125 1567447319.6046
CHLD 2 601.078125 1567447319.6046
CHLD 3 601.078125 1567447319.6047
CHLD 4 676.523438 1567447319.6047
CHLD 5 725.023438 1567447319.6048
CHLD 6 730.074219 1567447319.6050
CHLD 7 682.527344 1567447319.6051
CHLD 8 10.914062 1567447319.6051
CHLD 9 10.929688 1567447319.6052
CHLD 10 10.917969 1567447319.6052
CHLD 11 10.859375 1567447319.6053
MEM 708.558594 1567447319.7057
CHLD 0 601.078125 1567447319.7361
CHLD 1 601.078125 1567447319.7362
CHLD 2 601.078125 1567447319.7362
CHLD 3 601.078125 1567447319.7363
CHLD 4 676.781250 1567447319.7363
CHLD 5 725.023438 1567447319.7364
CHLD 6 730.074219 1567447319.7365
CHLD 7 682.527344 1567447319.7365
CHLD 8 10.914062 1567447319.7366
CHLD 9 10.929688 1567447319.7367
CHLD 10 10.917969 1567447319.7367
CHLD 11 10.859375 1567447319.7368
MEM 708.558594 1567447319.8466
CHLD 0 601.078125 1567447319.8715
CHLD 1 601.078125 1567447319.8716
CHLD 2 601.078125 1567447319.8717
CHLD 3 601.078125 1567447319.9062
CHLD 4 676.781250 1567447319.9062
CHLD 5 725.023438 1567447319.9063
CHLD 6 730.074219 1567447319.9064
CHLD 7 682.527344 1567447319.9064
CHLD 8 10.914062 1567447319.9065
CHLD 9 10.929688 1567447319.9065
CHLD 10 10.917969 1567447319.9066
CHLD 11 10.859375 1567447319.9066
MEM 708.558594 1567447320.0071
CHLD 0 601.078125 1567447320.0300
CHLD 1 601.078125 1567447320.0301
CHLD 2 601.078125 1567447320.0301
CHLD 3 601.078125 1567447320.0302
CHLD 4 676.781250 1567447320.0302
CHLD 5 725.023438 1567447320.0304
CHLD 6 730.074219 1567447320.0304
CHLD 7 682.527344 1567447320.0305
CHLD 8 10.914062 1567447320.0305
CHLD 9 10.929688 1567447320.0306
CHLD 10 10.917969 1567447320.0306
CHLD 11 10.859375 1567447320.0307
MEM 708.558594 1567447320.1311
CHLD 0 601.078125 1567447320.1543
CHLD 1 601.078125 1567447320.1544
CHLD 2 601.078125 1567447320.1545
CHLD 3 601.078125 1567447320.1545
CHLD 4 676.781250 1567447320.1546
CHLD 5 725.023438 1567447320.1546
CHLD 6 732.394531 1567447320.1547
CHLD 7 682.527344 1567447320.1547
CHLD 8 10.914062 1567447320.1548
CHLD 9 10.929688 1567447320.1548
CHLD 10 10.917969 1567447320.1549
CHLD 11 10.859375 1567447320.1549
MEM 708.558594 1567447320.2554
CHLD 0 601.078125 1567447320.2793
CHLD 1 601.078125 1567447320.2794
CHLD 2 601.078125 1567447320.2794
CHLD 3 601.078125 1567447320.2795
CHLD 4 676.781250 1567447320.2795
CHLD 5 725.023438 1567447320.2796
CHLD 6 734.714844 1567447320.2796
CHLD 7 682.527344 1567447320.2797
CHLD 8 10.914062 1567447320.2798
CHLD 9 10.929688 1567447320.2798
CHLD 10 10.917969 1567447320.2799
CHLD 11 10.859375 1567447320.2799
MEM 708.558594 1567447320.3807
CHLD 0 601.078125 1567447320.4014
CHLD 1 601.078125 1567447320.4014
CHLD 2 601.078125 1567447320.4015
CHLD 3 601.078125 1567447320.4015
CHLD 4 676.781250 1567447320.4016
CHLD 5 725.023438 1567447320.4017
CHLD 6 734.714844 1567447320.4017
CHLD 7 682.527344 1567447320.4018
CHLD 8 10.914062 1567447320.4018
CHLD 9 10.929688 1567447320.4019
CHLD 10 10.917969 1567447320.4019
CHLD 11 10.859375 1567447320.4020
MEM 708.558594 1567447320.5047
CHLD 0 601.078125 1567447320.5490
CHLD 1 601.078125 1567447320.5491
CHLD 2 601.078125 1567447320.5492
CHLD 3 601.078125 1567447320.5492
CHLD 4 676.781250 1567447320.5493
CHLD 5 725.023438 1567447320.5494
CHLD 6 734.714844 1567447320.5500
CHLD 7 682.527344 1567447320.5501
CHLD 8 10.914062 1567447320.5552
CHLD 9 10.929688 1567447320.5553
CHLD 10 10.917969 1567447320.5553
CHLD 11 10.859375 1567447320.5554
MEM 708.558594 1567447320.6558
CHLD 0 601.078125 1567447320.6889
CHLD 1 601.078125 1567447320.6890
CHLD 2 601.078125 1567447320.6890
CHLD 3 601.078125 1567447320.6891
CHLD 4 676.781250 1567447320.6892
CHLD 5 725.023438 1567447320.6892
CHLD 6 738.578125 1567447320.6893
CHLD 7 682.527344 1567447320.6893
CHLD 8 10.914062 1567447320.6894
CHLD 9 10.929688 1567447320.6894
CHLD 10 10.917969 1567447320.6895
CHLD 11 10.859375 1567447320.6895
MEM 708.558594 1567447320.7900
CHLD 0 601.078125 1567447320.8366
CHLD 1 601.078125 1567447320.8367
CHLD 2 601.078125 1567447320.8368
CHLD 3 601.078125 1567447320.8368
CHLD 4 676.781250 1567447320.8369
CHLD 5 725.023438 1567447320.8370
CHLD 6 738.578125 1567447320.8370
CHLD 7 682.527344 1567447320.8371
CHLD 8 10.914062 1567447320.8371
CHLD 9 10.929688 1567447320.8372
CHLD 10 10.917969 1567447320.8373
CHLD 11 10.859375 1567447320.8373
MEM 708.558594 1567447320.9378
CHLD 0 601.078125 1567447320.9566
CHLD 1 601.078125 1567447320.9566
CHLD 2 601.078125 1567447320.9567
CHLD 3 601.078125 1567447320.9567
CHLD 4 676.781250 1567447320.9567
CHLD 5 725.023438 1567447320.9568
CHLD 6 738.578125 1567447320.9568
CHLD 7 682.527344 1567447320.9568
CHLD 8 10.914062 1567447320.9569
CHLD 9 10.929688 1567447320.9569
CHLD 10 10.917969 1567447320.9569
CHLD 11 10.859375 1567447320.9570
MEM 708.558594 1567447321.0588
CHLD 0 601.078125 1567447321.0818
CHLD 1 601.078125 1567447321.0819
CHLD 2 601.078125 1567447321.0819
CHLD 3 601.078125 1567447321.0820
CHLD 4 676.781250 1567447321.0820
CHLD 5 725.023438 1567447321.0821
CHLD 6 738.578125 1567447321.0821
CHLD 7 682.527344 1567447321.0822
CHLD 8 10.914062 1567447321.0823
CHLD 9 10.929688 1567447321.0824
CHLD 10 10.917969 1567447321.0824
CHLD 11 10.859375 1567447321.0825
MEM 708.558594 1567447321.1829
CHLD 0 601.078125 1567447321.2186
CHLD 1 601.078125 1567447321.2186
CHLD 2 601.078125 1567447321.2187
CHLD 3 601.078125 1567447321.2188
CHLD 4 676.781250 1567447321.2188
CHLD 5 725.023438 1567447321.2189
CHLD 6 738.578125 1567447321.2194
CHLD 7 682.527344 1567447321.2194
CHLD 8 10.914062 1567447321.2195
CHLD 9 10.929688 1567447321.2195
CHLD 10 10.917969 1567447321.2196
CHLD 11 10.859375 1567447321.2197
MEM 708.558594 1567447321.3201
CHLD 0 601.078125 1567447321.3490
CHLD 1 601.078125 1567447321.3491
CHLD 2 601.078125 1567447321.3492
CHLD 3 601.078125 1567447321.3492
CHLD 4 676.781250 1567447321.3493
CHLD 5 725.023438 1567447321.3493
CHLD 6 738.578125 1567447321.3494
CHLD 7 682.527344 1567447321.3501
CHLD 8 10.914062 1567447321.3503
CHLD 9 10.929688 1567447321.3504
CHLD 10 10.917969 1567447321.3505
CHLD 11 10.859375 1567447321.3505
MEM 708.558594 1567447321.4513
CHLD 0 601.078125 1567447321.5690
CHLD 1 601.078125 1567447321.5691
CHLD 2 601.078125 1567447321.5692
CHLD 3 601.078125 1567447321.5692
CHLD 4 676.781250 1567447321.5693
CHLD 5 725.023438 1567447321.5694
CHLD 6 738.578125 1567447321.5694
CHLD 7 682.527344 1567447321.5695
CHLD 8 10.914062 1567447321.5696
CHLD 9 10.929688 1567447321.5696
CHLD 10 10.917969 1567447321.5697
CHLD 11 10.859375 1567447321.5697
MEM 708.558594 1567447321.6702
CHLD 0 601.078125 1567447321.7347
CHLD 1 601.078125 1567447321.7349
CHLD 2 601.078125 1567447321.7349
CHLD 3 601.078125 1567447321.7350
CHLD 4 676.781250 1567447321.7350
CHLD 5 725.023438 1567447321.7350
CHLD 6 738.578125 1567447321.7351
CHLD 7 682.527344 1567447321.7351
CHLD 8 10.914062 1567447321.7351
CHLD 9 10.929688 1567447321.7352
CHLD 10 10.917969 1567447321.7352
CHLD 11 10.859375 1567447321.7353
MEM 708.558594 1567447321.8357
CHLD 0 601.078125 1567447321.9038
CHLD 1 601.078125 1567447321.9038
CHLD 2 601.078125 1567447321.9039
CHLD 3 601.078125 1567447321.9046
CHLD 4 676.781250 1567447321.9047
CHLD 5 725.023438 1567447321.9062
CHLD 6 738.578125 1567447321.9067
CHLD 7 682.527344 1567447321.9078
CHLD 8 10.914062 1567447321.9079
CHLD 9 10.929688 1567447321.9079
CHLD 10 10.917969 1567447321.9080
CHLD 11 10.859375 1567447321.9080
MEM 708.558594 1567447322.0089
CHLD 0 601.078125 1567447322.0419
CHLD 1 601.078125 1567447322.0419
CHLD 2 601.078125 1567447322.0420
CHLD 3 601.078125 1567447322.0420
CHLD 4 676.781250 1567447322.0421
CHLD 5 725.023438 1567447322.0421
CHLD 6 738.578125 1567447322.0422
CHLD 7 682.527344 1567447322.0422
CHLD 8 10.914062 1567447322.0423
CHLD 9 10.929688 1567447322.0424
CHLD 10 10.917969 1567447322.0424
CHLD 11 10.859375 1567447322.0425
MEM 708.558594 1567447322.1430
CHLD 0 601.078125 1567447322.1688
CHLD 1 601.078125 1567447322.1688
CHLD 2 601.078125 1567447322.1689
CHLD 3 601.078125 1567447322.1690
CHLD 4 676.781250 1567447322.1690
CHLD 5 725.023438 1567447322.1691
CHLD 6 738.578125 1567447322.1692
CHLD 7 682.527344 1567447322.1692
CHLD 8 10.914062 1567447322.1693
CHLD 9 10.929688 1567447322.1693
CHLD 10 10.917969 1567447322.1694
CHLD 11 10.859375 1567447322.1695
MEM 708.558594 1567447322.2702
CHLD 0 601.078125 1567447322.2974
CHLD 1 601.078125 1567447322.2974
CHLD 2 601.078125 1567447322.2975
CHLD 3 601.078125 1567447322.2975
CHLD 4 676.781250 1567447322.2976
CHLD 5 725.023438 1567447322.2976
CHLD 6 738.578125 1567447322.2977
CHLD 7 682.527344 1567447322.2977
CHLD 8 10.914062 1567447322.2978
CHLD 9 10.929688 1567447322.2978
CHLD 10 10.917969 1567447322.2979
CHLD 11 10.859375 1567447322.2980
MEM 708.558594 1567447322.3984
CHLD 0 601.078125 1567447322.4599
CHLD 1 601.078125 1567447322.4599
CHLD 2 601.078125 1567447322.4600
CHLD 3 601.078125 1567447322.4601
CHLD 4 676.781250 1567447322.4601
CHLD 5 725.023438 1567447322.4602
CHLD 6 738.578125 1567447322.4602
CHLD 7 682.527344 1567447322.4603
CHLD 8 10.914062 1567447322.4603
CHLD 9 10.929688 1567447322.4604
CHLD 10 10.917969 1567447322.4641
CHLD 11 10.859375 1567447322.4642
MEM 708.558594 1567447322.5646
CHLD 0 601.078125 1567447322.6277
CHLD 1 601.078125 1567447322.6278
CHLD 2 601.078125 1567447322.6279
CHLD 3 601.078125 1567447322.6279
CHLD 4 676.781250 1567447322.6280
CHLD 5 725.023438 1567447322.6280
CHLD 6 738.578125 1567447322.6281
CHLD 7 682.527344 1567447322.6281
CHLD 8 10.914062 1567447322.6282
CHLD 9 10.929688 1567447322.6282
CHLD 10 10.917969 1567447322.6283
CHLD 11 10.859375 1567447322.6284
MEM 708.558594 1567447322.7291
CHLD 0 601.078125 1567447322.7766
CHLD 1 601.078125 1567447322.7767
CHLD 2 601.078125 1567447322.7768
CHLD 3 601.078125 1567447322.7768
CHLD 4 676.781250 1567447322.7769
CHLD 5 725.023438 1567447322.7770
CHLD 6 739.609375 1567447322.7770
CHLD 7 682.527344 1567447322.7771
CHLD 8 10.914062 1567447322.7772
CHLD 9 10.929688 1567447322.7772
CHLD 10 10.917969 1567447322.7773
CHLD 11 10.859375 1567447322.7773
MEM 708.558594 1567447322.8781
CHLD 0 601.078125 1567447322.9512
CHLD 1 601.078125 1567447322.9513
CHLD 2 601.078125 1567447322.9513
CHLD 3 601.078125 1567447322.9514
CHLD 4 676.781250 1567447322.9515
CHLD 5 725.023438 1567447322.9515
CHLD 6 739.609375 1567447322.9516
CHLD 7 682.527344 1567447322.9516
CHLD 8 10.914062 1567447322.9517
CHLD 9 10.929688 1567447322.9517
CHLD 10 10.917969 1567447322.9518
CHLD 11 10.859375 1567447322.9518
MEM 708.558594 1567447323.0523
CHLD 0 601.078125 1567447323.0784
CHLD 1 601.078125 1567447323.0785
CHLD 2 601.078125 1567447323.0870
CHLD 3 601.078125 1567447323.0871
CHLD 4 676.781250 1567447323.0871
CHLD 5 725.023438 1567447323.0872
CHLD 6 739.609375 1567447323.0872
CHLD 7 682.527344 1567447323.0873
CHLD 8 10.914062 1567447323.0874
CHLD 9 10.929688 1567447323.0874
CHLD 10 10.917969 1567447323.0875
CHLD 11 10.859375 1567447323.0875
MEM 708.558594 1567447323.1880
CHLD 0 601.078125 1567447323.2225
CHLD 1 601.078125 1567447323.2226
CHLD 2 601.078125 1567447323.2227
CHLD 3 601.078125 1567447323.2227
CHLD 4 676.781250 1567447323.2228
CHLD 5 725.023438 1567447323.2228
CHLD 6 739.867188 1567447323.2229
CHLD 7 682.527344 1567447323.2229
CHLD 8 10.914062 1567447323.2236
CHLD 9 10.929688 1567447323.2237
CHLD 10 10.917969 1567447323.2237
CHLD 11 10.859375 1567447323.2238
MEM 708.558594 1567447323.3243
CHLD 0 601.078125 1567447323.3524
CHLD 1 601.078125 1567447323.3525
CHLD 2 601.078125 1567447323.3525
CHLD 3 601.078125 1567447323.3526
CHLD 4 676.781250 1567447323.3526
CHLD 5 725.023438 1567447323.3527
CHLD 6 739.867188 1567447323.3527
CHLD 7 682.527344 1567447323.3528
CHLD 8 10.914062 1567447323.3528
CHLD 9 10.929688 1567447323.3529
CHLD 10 10.917969 1567447323.3530
CHLD 11 10.859375 1567447323.3530
MEM 708.558594 1567447323.4534
CHLD 0 601.078125 1567447323.4693
CHLD 1 601.078125 1567447323.4693
CHLD 2 601.078125 1567447323.4694
CHLD 3 601.078125 1567447323.4694
CHLD 4 676.781250 1567447323.4695
CHLD 5 725.023438 1567447323.4695
CHLD 6 739.867188 1567447323.4696
CHLD 7 682.527344 1567447323.4696
CHLD 8 10.914062 1567447323.4697
CHLD 9 10.929688 1567447323.4697
CHLD 10 10.917969 1567447323.4698
CHLD 11 10.859375 1567447323.4698
MEM 708.558594 1567447323.5703
CHLD 0 601.078125 1567447323.6065
CHLD 1 601.078125 1567447323.6065
CHLD 2 601.078125 1567447323.6066
CHLD 3 601.078125 1567447323.6066
CHLD 4 676.781250 1567447323.6067
CHLD 5 725.023438 1567447323.6067
CHLD 6 740.125000 1567447323.6068
CHLD 7 0.000000 1567447323.6068
CHLD 8 10.929688 1567447323.6069
CHLD 9 10.917969 1567447323.6070
CHLD 10 10.859375 1567447323.6070
MEM 708.558594 1567447323.7075
CHLD 0 601.078125 1567447323.7313
CHLD 1 601.078125 1567447323.7313
CHLD 2 601.078125 1567447323.7314
CHLD 3 601.078125 1567447323.7314
CHLD 4 676.781250 1567447323.7315
CHLD 5 725.023438 1567447323.7316
CHLD 6 740.125000 1567447323.7316
CHLD 7 0.000000 1567447323.7317
CHLD 8 10.929688 1567447323.7317
CHLD 9 10.917969 1567447323.7318
CHLD 10 10.859375 1567447323.7319
MEM 708.558594 1567447323.8323
CHLD 0 601.078125 1567447323.8601
CHLD 1 601.078125 1567447323.8602
CHLD 2 601.078125 1567447323.8602
CHLD 3 601.078125 1567447323.8603
CHLD 4 676.781250 1567447323.8603
CHLD 5 725.023438 1567447323.8604
CHLD 6 740.125000 1567447323.8605
CHLD 7 0.000000 1567447323.8605
CHLD 8 10.929688 1567447323.8606
CHLD 9 10.917969 1567447323.8606
CHLD 10 10.859375 1567447323.8607
MEM 708.558594 1567447323.9611
CHLD 0 601.078125 1567447323.9789
CHLD 1 601.078125 1567447323.9792
CHLD 2 601.078125 1567447323.9793
CHLD 3 601.078125 1567447323.9793
CHLD 4 725.023438 1567447323.9794
CHLD 5 740.125000 1567447323.9794
CHLD 6 0.000000 1567447323.9795
CHLD 7 10.929688 1567447323.9796
CHLD 8 10.917969 1567447323.9796
MEM 708.558594 1567447324.0801
CHLD 0 601.078125 1567447324.0973
CHLD 1 601.078125 1567447324.0973
CHLD 2 601.078125 1567447324.0974
CHLD 3 601.078125 1567447324.0974
CHLD 4 725.023438 1567447324.0975
CHLD 5 740.125000 1567447324.0975
CHLD 6 0.000000 1567447324.0976
CHLD 7 10.929688 1567447324.0976
CHLD 8 10.917969 1567447324.0977
MEM 708.558594 1567447324.1981
CHLD 0 601.078125 1567447324.2138
CHLD 1 601.078125 1567447324.2139
CHLD 2 601.078125 1567447324.2140
CHLD 3 601.078125 1567447324.2140
CHLD 4 725.023438 1567447324.2141
CHLD 5 740.125000 1567447324.2141
CHLD 6 0.000000 1567447324.2142
CHLD 7 10.929688 1567447324.2142
CHLD 8 10.917969 1567447324.2143
MEM 708.558594 1567447324.3147
CHLD 0 601.078125 1567447324.3348
CHLD 1 601.078125 1567447324.3349
CHLD 2 601.078125 1567447324.3350
CHLD 3 601.078125 1567447324.3350
CHLD 4 725.023438 1567447324.3351
CHLD 5 740.125000 1567447324.3352
CHLD 6 0.000000 1567447324.3352
CHLD 7 10.929688 1567447324.3353
CHLD 8 10.917969 1567447324.3353
MEM 708.558594 1567447324.4357
CHLD 0 601.078125 1567447324.4503
CHLD 1 601.078125 1567447324.4503
CHLD 2 601.078125 1567447324.4504
CHLD 3 601.078125 1567447324.4505
CHLD 4 725.023438 1567447324.4505
CHLD 5 740.125000 1567447324.4506
CHLD 6 0.000000 1567447324.4507
CHLD 7 10.929688 1567447324.4507
CHLD 8 10.917969 1567447324.4508
MEM 708.558594 1567447324.5513
CHLD 0 601.078125 1567447324.5728
CHLD 1 601.078125 1567447324.5729
CHLD 2 601.078125 1567447324.5730
CHLD 3 601.078125 1567447324.5731
CHLD 4 725.378906 1567447324.5731
CHLD 5 740.125000 1567447324.5732
CHLD 6 0.000000 1567447324.5732
CHLD 7 10.929688 1567447324.5749
CHLD 8 10.917969 1567447324.5750
MEM 708.558594 1567447324.6754
CHLD 0 601.078125 1567447324.6885
CHLD 1 601.078125 1567447324.6885
CHLD 2 601.078125 1567447324.6886
CHLD 3 601.078125 1567447324.6886
CHLD 4 725.378906 1567447324.6886
CHLD 5 740.125000 1567447324.6887
CHLD 6 0.000000 1567447324.6887
CHLD 7 10.929688 1567447324.6888
CHLD 8 10.917969 1567447324.6888
MEM 708.558594 1567447324.7893
CHLD 0 601.078125 1567447324.8049
CHLD 1 601.078125 1567447324.8050
CHLD 2 601.078125 1567447324.8050
CHLD 3 601.078125 1567447324.8050
CHLD 4 725.378906 1567447324.8051
CHLD 5 0.000000 1567447324.8052
CHLD 6 0.000000 1567447324.8052
CHLD 7 10.917969 1567447324.8053
MEM 708.558594 1567447324.9058
CHLD 0 601.078125 1567447324.9191
CHLD 1 601.078125 1567447324.9192
CHLD 2 601.078125 1567447324.9192
CHLD 3 601.078125 1567447324.9192
CHLD 4 725.894531 1567447324.9193
CHLD 5 0.000000 1567447324.9193
CHLD 6 0.000000 1567447324.9193
CHLD 7 10.917969 1567447324.9194
MEM 723.296875 1567447325.0198
CHLD 0 601.078125 1567447325.0287
CHLD 1 601.078125 1567447325.0287
CHLD 2 601.078125 1567447325.0288
CHLD 3 601.078125 1567447325.0288
MEM 725.589844 1567447325.1291
CHLD 0 601.078125 1567447325.1381
CHLD 1 601.078125 1567447325.1381
CHLD 2 601.078125 1567447325.1381
CHLD 3 601.078125 1567447325.1382
MEM 726.125000 1567447325.2385
CHLD 0 601.078125 1567447325.2475
CHLD 1 601.078125 1567447325.2476
CHLD 2 601.078125 1567447325.2476
CHLD 3 601.078125 1567447325.2476
MEM 726.339844 1567447325.3480
MEM 726.394531 1567447325.4570
MEM 726.148438 1567447325.5660
