CMDLINE /home/dn16382/anaconda3/bin/python mnist_example.py
MEM 1.886719 1567445361.4200
MEM 15.519531 1567445361.5295
MEM 32.968750 1567445361.6551
MEM 41.226562 1567445361.7688
MEM 53.824219 1567445361.8822
MEM 70.386719 1567445361.9951
MEM 78.488281 1567445362.1032
MEM 96.015625 1567445362.2114
MEM 150.625000 1567445362.3200
MEM 162.382812 1567445362.4313
MEM 165.664062 1567445362.5396
MEM 175.167969 1567445362.6477
MEM 181.230469 1567445362.7559
MEM 188.035156 1567445362.8640
MEM 199.960938 1567445362.9725
MEM 206.089844 1567445363.0811
MEM 212.574219 1567445363.1953
MEM 215.453125 1567445363.3036
MEM 226.730469 1567445363.4125
MEM 232.769531 1567445363.5206
MEM 248.882812 1567445363.6306
MEM 254.585938 1567445363.7387
MEM 261.785156 1567445363.8467
MEM 270.472656 1567445363.9603
MEM 286.972656 1567445364.0732
MEM 302.957031 1567445364.1861
MEM 367.019531 1567445364.2993
MEM 362.984375 1567445364.4131
MEM 463.015625 1567445364.5248
MEM 629.304688 1567445364.6385
MEM 677.066406 1567445364.7521
MEM 647.640625 1567445364.8678
MEM 708.285156 1567445364.9805
CHLD 0 601.089844 1567445364.9922
CHLD 1 601.097656 1567445364.9923
CHLD 2 601.097656 1567445364.9923
MEM 708.300781 1567445365.0927
CHLD 0 601.089844 1567445365.1013
CHLD 1 601.097656 1567445365.1014
CHLD 2 601.097656 1567445365.1014
CHLD 3 601.097656 1567445365.1014
CHLD 4 614.339844 1567445365.1015
CHLD 5 10.878906 1567445365.1015
MEM 708.300781 1567445365.2018
CHLD 0 601.089844 1567445365.2101
CHLD 1 601.097656 1567445365.2101
CHLD 2 601.097656 1567445365.2102
CHLD 3 601.097656 1567445365.2102
CHLD 4 618.894531 1567445365.2102
CHLD 5 10.878906 1567445365.2103
MEM 708.300781 1567445365.3106
CHLD 0 601.089844 1567445365.3188
CHLD 1 601.097656 1567445365.3189
CHLD 2 601.097656 1567445365.3189
CHLD 3 601.097656 1567445365.3190
CHLD 4 630.472656 1567445365.3190
CHLD 5 10.878906 1567445365.3190
MEM 708.300781 1567445365.4194
CHLD 0 601.089844 1567445365.4331
CHLD 1 601.097656 1567445365.4332
CHLD 2 601.097656 1567445365.4333
CHLD 3 601.097656 1567445365.4333
CHLD 4 635.203125 1567445365.4334
CHLD 5 10.878906 1567445365.4334
MEM 708.300781 1567445365.5339
CHLD 0 601.089844 1567445365.5483
CHLD 1 601.097656 1567445365.5484
CHLD 2 601.097656 1567445365.5484
CHLD 3 601.097656 1567445365.5485
CHLD 4 637.855469 1567445365.5485
CHLD 5 10.878906 1567445365.5486
MEM 708.300781 1567445365.6490
CHLD 0 601.089844 1567445365.6633
CHLD 1 601.097656 1567445365.6634
CHLD 2 601.097656 1567445365.6634
CHLD 3 601.097656 1567445365.6635
CHLD 4 641.257812 1567445365.6635
CHLD 5 10.878906 1567445365.6636
MEM 708.300781 1567445365.7640
CHLD 0 601.089844 1567445365.7782
CHLD 1 601.097656 1567445365.7783
CHLD 2 601.097656 1567445365.7784
CHLD 3 601.097656 1567445365.7784
CHLD 4 642.378906 1567445365.7785
CHLD 5 10.878906 1567445365.7786
MEM 708.300781 1567445365.8790
CHLD 0 601.089844 1567445365.8932
CHLD 1 601.097656 1567445365.8933
CHLD 2 601.097656 1567445365.8933
CHLD 3 601.097656 1567445365.8934
CHLD 4 643.484375 1567445365.8935
CHLD 5 10.878906 1567445365.8935
MEM 708.300781 1567445365.9939
CHLD 0 601.089844 1567445366.0083
CHLD 1 601.097656 1567445366.0084
CHLD 2 601.097656 1567445366.0084
CHLD 3 601.097656 1567445366.0085
CHLD 4 644.886719 1567445366.0085
CHLD 5 10.878906 1567445366.0086
MEM 708.300781 1567445366.1090
CHLD 0 601.089844 1567445366.1189
CHLD 1 601.097656 1567445366.1189
CHLD 2 601.097656 1567445366.1189
CHLD 3 601.097656 1567445366.1190
CHLD 4 653.269531 1567445366.1190
CHLD 5 10.878906 1567445366.1190
MEM 708.300781 1567445366.2195
CHLD 0 601.089844 1567445366.2326
CHLD 1 601.097656 1567445366.2327
CHLD 2 601.097656 1567445366.2327
CHLD 3 601.097656 1567445366.2328
CHLD 4 657.949219 1567445366.2329
CHLD 5 10.878906 1567445366.2329
MEM 708.300781 1567445366.3333
CHLD 0 601.089844 1567445366.3416
CHLD 1 601.097656 1567445366.3417
CHLD 2 601.097656 1567445366.3417
CHLD 3 601.097656 1567445366.3417
CHLD 4 658.835938 1567445366.3418
CHLD 5 10.878906 1567445366.3418
MEM 708.300781 1567445366.4422
CHLD 0 601.089844 1567445366.4507
CHLD 1 601.097656 1567445366.4508
CHLD 2 601.097656 1567445366.4508
CHLD 3 601.097656 1567445366.4508
CHLD 4 662.195312 1567445366.4509
CHLD 5 10.878906 1567445366.4509
MEM 708.300781 1567445366.5513
CHLD 0 601.089844 1567445366.5611
CHLD 1 601.097656 1567445366.5612
CHLD 2 601.097656 1567445366.5612
CHLD 3 601.097656 1567445366.5613
CHLD 4 686.496094 1567445366.5613
CHLD 5 10.878906 1567445366.5613
MEM 708.300781 1567445366.6617
CHLD 0 601.089844 1567445366.6768
CHLD 1 601.097656 1567445366.6768
CHLD 2 601.097656 1567445366.6769
CHLD 3 601.097656 1567445366.6770
CHLD 4 692.730469 1567445366.6770
CHLD 5 10.878906 1567445366.6771
MEM 708.300781 1567445366.7775
CHLD 0 601.089844 1567445366.7925
CHLD 1 601.097656 1567445366.7926
CHLD 2 601.097656 1567445366.7926
CHLD 3 601.097656 1567445366.7927
CHLD 4 693.246094 1567445366.7927
CHLD 5 10.878906 1567445366.7928
MEM 708.300781 1567445366.8933
CHLD 0 601.089844 1567445366.9073
CHLD 1 601.097656 1567445366.9074
CHLD 2 601.097656 1567445366.9074
CHLD 3 601.097656 1567445366.9075
CHLD 4 693.503906 1567445366.9076
CHLD 5 10.878906 1567445366.9076
MEM 708.300781 1567445367.0080
CHLD 0 601.089844 1567445367.0211
CHLD 1 601.097656 1567445367.0212
CHLD 2 601.097656 1567445367.0213
CHLD 3 601.097656 1567445367.0213
CHLD 4 694.535156 1567445367.0214
CHLD 5 10.878906 1567445367.0215
MEM 708.300781 1567445367.1223
CHLD 0 601.089844 1567445367.1357
CHLD 1 601.097656 1567445367.1357
CHLD 2 601.097656 1567445367.1357
CHLD 3 601.097656 1567445367.1358
CHLD 4 694.535156 1567445367.1358
CHLD 5 10.878906 1567445367.1358
MEM 708.300781 1567445367.2362
CHLD 0 601.089844 1567445367.2480
CHLD 1 601.097656 1567445367.2481
CHLD 2 601.097656 1567445367.2481
CHLD 3 601.097656 1567445367.2482
CHLD 4 696.082031 1567445367.2482
CHLD 5 10.878906 1567445367.2483
MEM 708.300781 1567445367.3489
CHLD 0 601.089844 1567445367.3616
CHLD 1 601.097656 1567445367.3617
CHLD 2 601.097656 1567445367.3617
CHLD 3 601.097656 1567445367.3618
CHLD 4 696.082031 1567445367.3619
CHLD 5 10.878906 1567445367.3620
MEM 708.300781 1567445367.4624
CHLD 0 601.089844 1567445367.4767
CHLD 1 601.097656 1567445367.4769
CHLD 2 601.097656 1567445367.4769
CHLD 3 601.097656 1567445367.4770
CHLD 4 696.082031 1567445367.4771
CHLD 5 10.878906 1567445367.4772
MEM 708.300781 1567445367.5777
CHLD 0 601.089844 1567445367.5934
CHLD 1 601.097656 1567445367.5935
CHLD 2 601.097656 1567445367.5936
CHLD 3 601.097656 1567445367.5936
CHLD 4 696.082031 1567445367.5937
CHLD 5 10.878906 1567445367.5938
MEM 708.300781 1567445367.6942
CHLD 0 601.089844 1567445367.7094
CHLD 1 601.097656 1567445367.7094
CHLD 2 601.097656 1567445367.7095
CHLD 3 601.097656 1567445367.7096
CHLD 4 696.082031 1567445367.7096
CHLD 5 10.878906 1567445367.7097
MEM 708.300781 1567445367.8102
CHLD 0 601.089844 1567445367.8214
CHLD 1 601.097656 1567445367.8215
CHLD 2 601.097656 1567445367.8216
CHLD 3 601.097656 1567445367.8216
CHLD 4 696.339844 1567445367.8217
CHLD 5 10.878906 1567445367.8217
MEM 708.300781 1567445367.9226
CHLD 0 601.089844 1567445367.9442
CHLD 1 601.097656 1567445367.9443
CHLD 2 601.097656 1567445367.9443
CHLD 3 601.097656 1567445367.9444
CHLD 4 696.339844 1567445367.9444
CHLD 5 10.878906 1567445367.9445
MEM 708.300781 1567445368.0449
CHLD 0 601.089844 1567445368.0587
CHLD 1 601.097656 1567445368.0588
CHLD 2 601.097656 1567445368.0588
CHLD 3 601.097656 1567445368.0589
CHLD 4 696.855469 1567445368.0589
CHLD 5 10.878906 1567445368.0590
MEM 708.300781 1567445368.1595
CHLD 0 601.089844 1567445368.1737
CHLD 1 601.097656 1567445368.1737
CHLD 2 601.097656 1567445368.1738
CHLD 3 601.097656 1567445368.1738
CHLD 4 696.855469 1567445368.1738
CHLD 5 10.878906 1567445368.1739
MEM 708.300781 1567445368.2744
CHLD 0 601.089844 1567445368.2870
CHLD 1 601.097656 1567445368.2871
CHLD 2 601.097656 1567445368.2871
CHLD 3 601.097656 1567445368.2871
CHLD 4 696.855469 1567445368.2872
CHLD 5 10.878906 1567445368.2872
MEM 708.300781 1567445368.3876
CHLD 0 601.089844 1567445368.4033
CHLD 1 601.097656 1567445368.4033
CHLD 2 601.097656 1567445368.4034
CHLD 3 601.097656 1567445368.4034
CHLD 4 696.855469 1567445368.4035
CHLD 5 10.878906 1567445368.4036
MEM 708.300781 1567445368.5042
CHLD 0 601.089844 1567445368.5174
CHLD 1 601.097656 1567445368.5175
CHLD 2 601.097656 1567445368.5175
CHLD 3 601.097656 1567445368.5176
CHLD 4 696.855469 1567445368.5176
CHLD 5 10.878906 1567445368.5177
MEM 708.300781 1567445368.6181
CHLD 0 601.089844 1567445368.6302
CHLD 1 601.097656 1567445368.6303
CHLD 2 601.097656 1567445368.6303
CHLD 3 601.097656 1567445368.6304
CHLD 4 697.371094 1567445368.6304
CHLD 5 10.878906 1567445368.6304
MEM 708.300781 1567445368.7310
CHLD 0 601.089844 1567445368.7409
CHLD 1 601.097656 1567445368.7409
CHLD 2 601.097656 1567445368.7410
CHLD 3 601.097656 1567445368.7410
CHLD 4 697.371094 1567445368.7410
CHLD 5 10.878906 1567445368.7411
MEM 708.300781 1567445368.8417
CHLD 0 601.089844 1567445368.8700
CHLD 1 601.097656 1567445368.8701
CHLD 2 601.097656 1567445368.8701
CHLD 3 601.097656 1567445368.8701
CHLD 4 697.371094 1567445368.8702
CHLD 5 10.878906 1567445368.8702
MEM 708.300781 1567445368.9707
CHLD 0 601.089844 1567445368.9870
CHLD 1 601.097656 1567445368.9871
CHLD 2 601.097656 1567445368.9872
CHLD 3 601.097656 1567445368.9873
CHLD 4 697.371094 1567445368.9873
CHLD 5 10.878906 1567445368.9874
MEM 708.300781 1567445369.0878
CHLD 0 601.089844 1567445369.1001
CHLD 1 601.097656 1567445369.1002
CHLD 2 601.097656 1567445369.1003
CHLD 3 601.097656 1567445369.1004
CHLD 4 697.371094 1567445369.1004
CHLD 5 10.878906 1567445369.1005
MEM 708.300781 1567445369.2009
CHLD 0 601.089844 1567445369.2162
CHLD 1 601.097656 1567445369.2162
CHLD 2 601.097656 1567445369.2162
CHLD 3 601.097656 1567445369.2163
CHLD 4 699.949219 1567445369.2163
CHLD 5 10.878906 1567445369.2163
MEM 708.300781 1567445369.3170
CHLD 0 601.089844 1567445369.3269
CHLD 1 601.097656 1567445369.3270
CHLD 2 601.097656 1567445369.3270
CHLD 3 601.097656 1567445369.3271
CHLD 4 699.949219 1567445369.3271
CHLD 5 10.878906 1567445369.3271
MEM 708.300781 1567445369.4275
CHLD 0 601.089844 1567445369.4422
CHLD 1 601.097656 1567445369.4423
CHLD 2 601.097656 1567445369.4424
CHLD 3 601.097656 1567445369.4424
CHLD 4 699.949219 1567445369.4424
CHLD 5 10.878906 1567445369.4425
MEM 708.300781 1567445369.5429
CHLD 0 601.089844 1567445369.5600
CHLD 1 601.097656 1567445369.5600
CHLD 2 601.097656 1567445369.5601
CHLD 3 601.097656 1567445369.5602
CHLD 4 699.949219 1567445369.5602
CHLD 5 10.878906 1567445369.5603
MEM 708.300781 1567445369.6607
CHLD 0 601.089844 1567445369.6737
CHLD 1 601.097656 1567445369.6737
CHLD 2 601.097656 1567445369.6738
CHLD 3 601.097656 1567445369.6738
CHLD 4 700.464844 1567445369.6739
CHLD 5 10.878906 1567445369.6740
MEM 708.300781 1567445369.7745
CHLD 0 601.089844 1567445369.7873
CHLD 1 601.097656 1567445369.7873
CHLD 2 601.097656 1567445369.7874
CHLD 3 601.097656 1567445369.7875
CHLD 4 700.464844 1567445369.7875
CHLD 5 10.878906 1567445369.7876
MEM 708.300781 1567445369.8880
CHLD 0 601.089844 1567445369.9014
CHLD 1 601.097656 1567445369.9015
CHLD 2 601.097656 1567445369.9016
CHLD 3 601.097656 1567445369.9016
CHLD 4 702.003906 1567445369.9017
CHLD 5 10.878906 1567445369.9018
MEM 708.300781 1567445370.0022
CHLD 0 601.089844 1567445370.0261
CHLD 1 601.097656 1567445370.0261
CHLD 2 601.097656 1567445370.0262
CHLD 3 601.097656 1567445370.0263
CHLD 4 702.777344 1567445370.0264
CHLD 5 10.878906 1567445370.0265
MEM 708.300781 1567445370.1269
CHLD 0 601.089844 1567445370.1443
CHLD 1 601.097656 1567445370.1444
CHLD 2 601.097656 1567445370.1444
CHLD 3 601.097656 1567445370.1445
CHLD 4 702.777344 1567445370.1446
CHLD 5 10.878906 1567445370.1446
MEM 708.300781 1567445370.2451
CHLD 0 601.089844 1567445370.2682
CHLD 1 601.097656 1567445370.2683
CHLD 2 601.097656 1567445370.2683
CHLD 3 601.097656 1567445370.2684
CHLD 4 702.777344 1567445370.2685
CHLD 5 10.878906 1567445370.2685
MEM 708.300781 1567445370.3689
CHLD 0 601.089844 1567445370.3820
CHLD 1 601.097656 1567445370.3821
CHLD 2 601.097656 1567445370.3821
CHLD 3 601.097656 1567445370.3822
CHLD 4 702.777344 1567445370.3822
CHLD 5 10.878906 1567445370.3823
MEM 708.300781 1567445370.4829
CHLD 0 601.089844 1567445370.4956
CHLD 1 601.097656 1567445370.4956
CHLD 2 601.097656 1567445370.4957
CHLD 3 601.097656 1567445370.4957
CHLD 4 702.777344 1567445370.4957
CHLD 5 10.878906 1567445370.4958
MEM 708.300781 1567445370.5962
CHLD 0 601.089844 1567445370.6098
CHLD 1 601.097656 1567445370.6098
CHLD 2 601.097656 1567445370.6099
CHLD 3 601.097656 1567445370.6099
CHLD 4 702.777344 1567445370.6099
CHLD 5 10.878906 1567445370.6100
MEM 708.300781 1567445370.7107
CHLD 0 601.089844 1567445370.7244
CHLD 1 601.097656 1567445370.7245
CHLD 2 601.097656 1567445370.7245
CHLD 3 601.097656 1567445370.7246
CHLD 4 702.777344 1567445370.7247
CHLD 5 10.878906 1567445370.7247
MEM 708.300781 1567445370.8252
CHLD 0 601.089844 1567445370.8380
CHLD 1 601.097656 1567445370.8381
CHLD 2 601.097656 1567445370.8382
CHLD 3 601.097656 1567445370.8382
CHLD 4 702.777344 1567445370.8383
CHLD 5 10.878906 1567445370.8383
MEM 708.300781 1567445370.9389
CHLD 0 601.089844 1567445370.9496
CHLD 1 601.097656 1567445370.9497
CHLD 2 601.097656 1567445370.9498
CHLD 3 601.097656 1567445370.9498
CHLD 4 702.777344 1567445370.9499
CHLD 5 10.878906 1567445370.9499
MEM 708.300781 1567445371.0506
CHLD 0 601.089844 1567445371.0632
CHLD 1 601.097656 1567445371.0633
CHLD 2 601.097656 1567445371.0633
CHLD 3 601.097656 1567445371.0634
CHLD 4 702.777344 1567445371.0635
CHLD 5 10.878906 1567445371.0636
MEM 708.300781 1567445371.1640
CHLD 0 601.089844 1567445371.1782
CHLD 1 601.097656 1567445371.1782
CHLD 2 601.097656 1567445371.1783
CHLD 3 601.097656 1567445371.1784
CHLD 4 702.777344 1567445371.1784
CHLD 5 10.878906 1567445371.1785
MEM 708.300781 1567445371.2788
CHLD 0 601.089844 1567445371.2948
CHLD 1 601.097656 1567445371.2949
CHLD 2 601.097656 1567445371.2950
CHLD 3 601.097656 1567445371.2951
CHLD 4 702.777344 1567445371.2952
CHLD 5 10.878906 1567445371.2953
MEM 708.300781 1567445371.3957
CHLD 0 601.089844 1567445371.4105
CHLD 1 601.097656 1567445371.4106
CHLD 2 601.097656 1567445371.4107
CHLD 3 601.097656 1567445371.4107
CHLD 4 702.777344 1567445371.4108
CHLD 5 10.878906 1567445371.4109
MEM 708.300781 1567445371.5113
CHLD 0 601.089844 1567445371.5262
CHLD 1 601.097656 1567445371.5263
CHLD 2 601.097656 1567445371.5264
CHLD 3 601.097656 1567445371.5264
CHLD 4 702.777344 1567445371.5265
CHLD 5 10.878906 1567445371.5265
MEM 708.300781 1567445371.6270
CHLD 0 601.089844 1567445371.6423
CHLD 1 601.097656 1567445371.6424
CHLD 2 601.097656 1567445371.6424
CHLD 3 601.097656 1567445371.6425
CHLD 4 702.777344 1567445371.6426
CHLD 5 10.878906 1567445371.6426
MEM 708.300781 1567445371.7432
CHLD 0 601.089844 1567445371.7563
CHLD 1 601.097656 1567445371.7564
CHLD 2 601.097656 1567445371.7569
CHLD 3 601.097656 1567445371.7571
CHLD 4 702.777344 1567445371.7572
CHLD 5 10.878906 1567445371.7573
MEM 708.300781 1567445371.8578
CHLD 0 601.089844 1567445371.8737
CHLD 1 601.097656 1567445371.8738
CHLD 2 601.097656 1567445371.8739
CHLD 3 601.097656 1567445371.8740
CHLD 4 702.777344 1567445371.8740
CHLD 5 10.878906 1567445371.8741
MEM 708.300781 1567445371.9746
CHLD 0 601.089844 1567445371.9872
CHLD 1 601.097656 1567445371.9873
CHLD 2 601.097656 1567445371.9873
CHLD 3 601.097656 1567445371.9873
CHLD 4 702.777344 1567445371.9874
CHLD 5 10.878906 1567445371.9874
MEM 708.300781 1567445372.0881
CHLD 0 601.089844 1567445372.0998
CHLD 1 601.097656 1567445372.0999
CHLD 2 601.097656 1567445372.0999
CHLD 3 601.097656 1567445372.1000
CHLD 4 702.777344 1567445372.1000
CHLD 5 10.878906 1567445372.1000
MEM 708.300781 1567445372.2007
CHLD 0 601.089844 1567445372.2139
CHLD 1 601.097656 1567445372.2139
CHLD 2 601.097656 1567445372.2140
CHLD 3 601.097656 1567445372.2141
CHLD 4 702.777344 1567445372.2141
CHLD 5 10.878906 1567445372.2142
MEM 708.300781 1567445372.3147
CHLD 0 601.089844 1567445372.3308
CHLD 1 601.097656 1567445372.3308
CHLD 2 601.097656 1567445372.3309
CHLD 3 601.097656 1567445372.3310
CHLD 4 702.777344 1567445372.3310
CHLD 5 10.878906 1567445372.3311
MEM 708.300781 1567445372.4315
CHLD 0 601.089844 1567445372.4507
CHLD 1 601.097656 1567445372.4508
CHLD 2 601.097656 1567445372.4509
CHLD 3 601.097656 1567445372.4509
CHLD 4 702.777344 1567445372.4509
CHLD 5 10.878906 1567445372.4510
MEM 708.300781 1567445372.5513
CHLD 0 601.089844 1567445372.5644
CHLD 1 601.097656 1567445372.5645
CHLD 2 601.097656 1567445372.5645
CHLD 3 601.097656 1567445372.5646
CHLD 4 702.777344 1567445372.5647
CHLD 5 10.878906 1567445372.5648
MEM 708.300781 1567445372.6652
CHLD 0 601.089844 1567445372.6813
CHLD 1 601.097656 1567445372.6813
CHLD 2 601.097656 1567445372.6814
CHLD 3 601.097656 1567445372.6815
CHLD 4 702.777344 1567445372.6815
CHLD 5 10.878906 1567445372.6816
MEM 708.300781 1567445372.7819
CHLD 0 601.089844 1567445372.7967
CHLD 1 601.097656 1567445372.7968
CHLD 2 601.097656 1567445372.7968
CHLD 3 601.097656 1567445372.7969
CHLD 4 702.777344 1567445372.7969
CHLD 5 10.878906 1567445372.7969
MEM 708.300781 1567445372.8973
CHLD 0 601.089844 1567445372.9106
CHLD 1 601.097656 1567445372.9107
CHLD 2 601.097656 1567445372.9108
CHLD 3 601.097656 1567445372.9108
CHLD 4 702.777344 1567445372.9109
CHLD 5 10.878906 1567445372.9110
MEM 708.300781 1567445373.0114
CHLD 0 601.089844 1567445373.0228
CHLD 1 601.097656 1567445373.0229
CHLD 2 601.097656 1567445373.0229
CHLD 3 601.097656 1567445373.0230
CHLD 4 702.777344 1567445373.0230
CHLD 5 10.878906 1567445373.0230
MEM 708.300781 1567445373.1236
CHLD 0 601.089844 1567445373.1392
CHLD 1 601.097656 1567445373.1392
CHLD 2 601.097656 1567445373.1393
CHLD 3 601.097656 1567445373.1394
CHLD 4 702.777344 1567445373.1394
CHLD 5 10.878906 1567445373.1395
MEM 708.300781 1567445373.2399
CHLD 0 601.089844 1567445373.2528
CHLD 1 601.097656 1567445373.2529
CHLD 2 601.097656 1567445373.2529
CHLD 3 601.097656 1567445373.2530
CHLD 4 702.777344 1567445373.2531
CHLD 5 10.878906 1567445373.2531
MEM 708.300781 1567445373.3536
CHLD 0 601.089844 1567445373.3678
CHLD 1 601.097656 1567445373.3679
CHLD 2 601.097656 1567445373.3679
CHLD 3 601.097656 1567445373.3680
CHLD 4 702.777344 1567445373.3680
CHLD 5 10.878906 1567445373.3681
MEM 708.300781 1567445373.4687
CHLD 0 601.089844 1567445373.4793
CHLD 1 601.097656 1567445373.4794
CHLD 2 601.097656 1567445373.4795
CHLD 3 601.097656 1567445373.4795
CHLD 4 702.777344 1567445373.4796
CHLD 5 10.878906 1567445373.4796
MEM 708.300781 1567445373.5802
CHLD 0 601.089844 1567445373.5945
CHLD 1 601.097656 1567445373.5946
CHLD 2 601.097656 1567445373.5946
CHLD 3 601.097656 1567445373.5946
CHLD 4 702.777344 1567445373.5947
CHLD 5 10.878906 1567445373.5947
MEM 708.300781 1567445373.6952
CHLD 0 601.089844 1567445373.7102
CHLD 1 601.097656 1567445373.7103
CHLD 2 601.097656 1567445373.7103
CHLD 3 601.097656 1567445373.7104
CHLD 4 702.777344 1567445373.7104
CHLD 5 10.878906 1567445373.7104
MEM 708.300781 1567445373.8109
CHLD 0 601.089844 1567445373.8258
CHLD 1 601.097656 1567445373.8258
CHLD 2 601.097656 1567445373.8259
CHLD 3 601.097656 1567445373.8259
CHLD 4 703.292969 1567445373.8259
CHLD 5 10.878906 1567445373.8260
MEM 708.300781 1567445373.9266
CHLD 0 601.089844 1567445373.9410
CHLD 1 601.097656 1567445373.9411
CHLD 2 601.097656 1567445373.9411
CHLD 3 601.097656 1567445373.9412
CHLD 4 703.292969 1567445373.9413
CHLD 5 10.878906 1567445373.9413
MEM 708.300781 1567445374.0417
CHLD 0 601.089844 1567445374.0566
CHLD 1 601.097656 1567445374.0566
CHLD 2 601.097656 1567445374.0567
CHLD 3 601.097656 1567445374.0567
CHLD 4 703.292969 1567445374.0567
CHLD 5 10.878906 1567445374.0568
MEM 708.300781 1567445374.1573
CHLD 0 601.089844 1567445374.1715
CHLD 1 601.097656 1567445374.1716
CHLD 2 601.097656 1567445374.1716
CHLD 3 601.097656 1567445374.1717
CHLD 4 703.292969 1567445374.1718
CHLD 5 10.878906 1567445374.1718
MEM 708.300781 1567445374.2725
CHLD 0 601.089844 1567445374.2845
CHLD 1 601.097656 1567445374.2846
CHLD 2 601.097656 1567445374.2846
CHLD 3 601.097656 1567445374.2847
CHLD 4 703.292969 1567445374.2847
CHLD 5 10.878906 1567445374.2848
MEM 708.300781 1567445374.3852
CHLD 0 601.089844 1567445374.3990
CHLD 1 601.097656 1567445374.3991
CHLD 2 601.097656 1567445374.3991
CHLD 3 601.097656 1567445374.3992
CHLD 4 703.292969 1567445374.3992
CHLD 5 10.878906 1567445374.3993
MEM 708.300781 1567445374.4998
CHLD 0 601.089844 1567445374.5093
CHLD 1 601.097656 1567445374.5094
CHLD 2 601.097656 1567445374.5094
CHLD 3 601.097656 1567445374.5095
CHLD 4 703.292969 1567445374.5096
CHLD 5 10.878906 1567445374.5096
MEM 708.300781 1567445374.6101
CHLD 0 601.089844 1567445374.6223
CHLD 1 601.097656 1567445374.6224
CHLD 2 601.097656 1567445374.6224
CHLD 3 601.097656 1567445374.6225
CHLD 4 703.292969 1567445374.6226
CHLD 5 10.878906 1567445374.6226
MEM 708.300781 1567445374.7231
CHLD 0 601.089844 1567445374.7392
CHLD 1 601.097656 1567445374.7393
CHLD 2 601.097656 1567445374.7393
CHLD 3 601.097656 1567445374.7393
CHLD 4 703.292969 1567445374.7394
CHLD 5 10.878906 1567445374.7394
MEM 708.300781 1567445374.8399
CHLD 0 601.089844 1567445374.8585
CHLD 1 601.097656 1567445374.8585
CHLD 2 601.097656 1567445374.8585
CHLD 3 601.097656 1567445374.8586
CHLD 4 703.292969 1567445374.8586
CHLD 5 10.878906 1567445374.8586
MEM 708.312500 1567445374.9591
CHLD 0 601.089844 1567445374.9740
CHLD 1 601.097656 1567445374.9741
CHLD 2 601.097656 1567445374.9741
CHLD 3 601.097656 1567445374.9742
CHLD 4 703.292969 1567445374.9743
CHLD 5 10.878906 1567445374.9743
MEM 708.312500 1567445375.0748
CHLD 0 601.089844 1567445375.0883
CHLD 1 601.097656 1567445375.0884
CHLD 2 601.097656 1567445375.0885
CHLD 3 601.097656 1567445375.0885
CHLD 4 703.292969 1567445375.0886
CHLD 5 10.878906 1567445375.0887
MEM 708.312500 1567445375.1897
CHLD 0 601.089844 1567445375.2045
CHLD 1 601.097656 1567445375.2046
CHLD 2 601.097656 1567445375.2046
CHLD 3 601.097656 1567445375.2047
CHLD 4 703.550781 1567445375.2047
CHLD 5 10.878906 1567445375.2048
MEM 708.312500 1567445375.3052
CHLD 0 601.089844 1567445375.3190
CHLD 1 601.097656 1567445375.3191
CHLD 2 601.097656 1567445375.3192
CHLD 3 601.097656 1567445375.3192
CHLD 4 703.550781 1567445375.3193
CHLD 5 10.878906 1567445375.3194
MEM 708.312500 1567445375.4200
CHLD 0 601.089844 1567445375.4332
CHLD 1 601.097656 1567445375.4332
CHLD 2 601.097656 1567445375.4333
CHLD 3 601.097656 1567445375.4334
CHLD 4 703.550781 1567445375.4334
CHLD 5 10.878906 1567445375.4335
MEM 708.312500 1567445375.5342
CHLD 0 601.089844 1567445375.5462
CHLD 1 601.097656 1567445375.5464
CHLD 2 601.097656 1567445375.5465
CHLD 3 601.097656 1567445375.5466
CHLD 4 703.550781 1567445375.5466
CHLD 5 10.878906 1567445375.5467
MEM 708.312500 1567445375.6472
CHLD 0 601.089844 1567445375.6615
CHLD 1 601.097656 1567445375.6615
CHLD 2 601.097656 1567445375.6616
CHLD 3 601.097656 1567445375.6616
CHLD 4 703.550781 1567445375.6616
CHLD 5 10.878906 1567445375.6617
MEM 708.312500 1567445375.7621
CHLD 0 601.089844 1567445375.7756
CHLD 1 601.097656 1567445375.7756
CHLD 2 601.097656 1567445375.7757
CHLD 3 601.097656 1567445375.7758
CHLD 4 703.808594 1567445375.7758
CHLD 5 10.878906 1567445375.7759
MEM 708.312500 1567445375.8763
CHLD 0 601.089844 1567445375.8897
CHLD 1 601.097656 1567445375.8897
CHLD 2 601.097656 1567445375.8898
CHLD 3 601.097656 1567445375.8898
CHLD 4 703.808594 1567445375.8898
CHLD 5 10.878906 1567445375.8899
MEM 708.312500 1567445375.9904
CHLD 0 601.089844 1567445376.0059
CHLD 1 601.097656 1567445376.0059
CHLD 2 601.097656 1567445376.0064
CHLD 3 601.097656 1567445376.0065
CHLD 4 703.808594 1567445376.0065
CHLD 5 10.878906 1567445376.0066
MEM 708.312500 1567445376.1070
CHLD 0 601.089844 1567445376.1202
CHLD 1 601.097656 1567445376.1202
CHLD 2 601.097656 1567445376.1203
CHLD 3 601.097656 1567445376.1203
CHLD 4 703.808594 1567445376.1204
CHLD 5 10.878906 1567445376.1204
MEM 708.312500 1567445376.2209
CHLD 0 601.089844 1567445376.2342
CHLD 1 601.097656 1567445376.2343
CHLD 2 601.097656 1567445376.2344
CHLD 3 601.097656 1567445376.2344
CHLD 4 703.808594 1567445376.2345
CHLD 5 10.878906 1567445376.2345
MEM 708.312500 1567445376.3350
CHLD 0 601.089844 1567445376.3492
CHLD 1 601.097656 1567445376.3493
CHLD 2 601.097656 1567445376.3494
CHLD 3 601.097656 1567445376.3494
CHLD 4 703.808594 1567445376.3495
CHLD 5 10.878906 1567445376.3495
MEM 708.312500 1567445376.4500
CHLD 0 601.089844 1567445376.4647
CHLD 1 601.097656 1567445376.4647
CHLD 2 601.097656 1567445376.4648
CHLD 3 601.097656 1567445376.4649
CHLD 4 703.808594 1567445376.4649
CHLD 5 10.878906 1567445376.4650
MEM 708.312500 1567445376.5655
CHLD 0 601.089844 1567445376.5786
CHLD 1 601.097656 1567445376.5786
CHLD 2 601.097656 1567445376.5787
CHLD 3 601.097656 1567445376.5788
CHLD 4 703.808594 1567445376.5788
CHLD 5 10.878906 1567445376.5789
MEM 708.312500 1567445376.6793
CHLD 0 601.089844 1567445376.6926
CHLD 1 601.097656 1567445376.6927
CHLD 2 601.097656 1567445376.6927
CHLD 3 601.097656 1567445376.6928
CHLD 4 703.808594 1567445376.6929
CHLD 5 10.878906 1567445376.6929
MEM 708.312500 1567445376.7933
CHLD 0 601.089844 1567445376.8018
CHLD 1 601.097656 1567445376.8019
CHLD 2 601.097656 1567445376.8019
CHLD 3 601.097656 1567445376.8019
CHLD 4 605.214844 1567445376.8020
MEM 708.324219 1567445376.9023
CHLD 0 601.089844 1567445376.9117
CHLD 1 601.097656 1567445376.9118
CHLD 2 601.097656 1567445376.9120
CHLD 3 601.097656 1567445376.9121
CHLD 4 618.121094 1567445376.9122
CHLD 5 10.812500 1567445376.9122
MEM 708.324219 1567445377.0127
CHLD 0 601.089844 1567445377.0255
CHLD 1 601.097656 1567445377.0256
CHLD 2 601.097656 1567445377.0257
CHLD 3 601.097656 1567445377.0258
CHLD 4 618.746094 1567445377.0258
CHLD 5 10.812500 1567445377.0259
MEM 708.324219 1567445377.1263
CHLD 0 601.089844 1567445377.1452
CHLD 1 601.097656 1567445377.1453
CHLD 2 601.097656 1567445377.1454
CHLD 3 601.097656 1567445377.1455
CHLD 4 623.050781 1567445377.1455
CHLD 5 10.812500 1567445377.1456
MEM 708.324219 1567445377.2460
CHLD 0 601.089844 1567445377.2634
CHLD 1 601.097656 1567445377.2635
CHLD 2 601.097656 1567445377.2636
CHLD 3 601.097656 1567445377.2636
CHLD 4 634.843750 1567445377.2637
CHLD 5 10.812500 1567445377.2638
MEM 708.324219 1567445377.3641
CHLD 0 601.089844 1567445377.3724
CHLD 1 601.097656 1567445377.3725
CHLD 2 601.097656 1567445377.3725
CHLD 3 601.097656 1567445377.3725
CHLD 4 635.742188 1567445377.3726
CHLD 5 10.812500 1567445377.3726
MEM 708.324219 1567445377.4730
CHLD 0 601.089844 1567445377.4829
CHLD 1 601.097656 1567445377.4829
CHLD 2 601.097656 1567445377.4829
CHLD 3 601.097656 1567445377.4830
CHLD 4 638.484375 1567445377.4830
CHLD 5 10.812500 1567445377.4830
MEM 708.324219 1567445377.5834
CHLD 0 601.089844 1567445377.5917
CHLD 1 601.097656 1567445377.5917
CHLD 2 601.097656 1567445377.5918
CHLD 3 601.097656 1567445377.5918
CHLD 4 641.960938 1567445377.5919
CHLD 5 10.812500 1567445377.5919
MEM 708.324219 1567445377.6923
CHLD 0 601.089844 1567445377.7019
CHLD 1 601.097656 1567445377.7019
CHLD 2 601.097656 1567445377.7020
CHLD 3 601.097656 1567445377.7020
CHLD 4 655.125000 1567445377.7021
CHLD 5 10.812500 1567445377.7021
MEM 708.324219 1567445377.8025
CHLD 0 601.089844 1567445377.8154
CHLD 1 601.097656 1567445377.8154
CHLD 2 601.097656 1567445377.8154
CHLD 3 601.097656 1567445377.8155
CHLD 4 668.457031 1567445377.8155
CHLD 5 10.812500 1567445377.8155
MEM 708.324219 1567445377.9160
CHLD 0 601.089844 1567445377.9286
CHLD 1 601.097656 1567445377.9287
CHLD 2 601.097656 1567445377.9288
CHLD 3 601.097656 1567445377.9288
CHLD 4 675.910156 1567445377.9289
CHLD 5 10.812500 1567445377.9300
MEM 708.324219 1567445378.0306
CHLD 0 601.089844 1567445378.0435
CHLD 1 601.097656 1567445378.0436
CHLD 2 601.097656 1567445378.0436
CHLD 3 601.097656 1567445378.0437
CHLD 4 677.972656 1567445378.0437
CHLD 5 10.812500 1567445378.0438
MEM 708.324219 1567445378.1443
CHLD 0 601.089844 1567445378.1593
CHLD 1 601.097656 1567445378.1594
CHLD 2 601.097656 1567445378.1595
CHLD 3 601.097656 1567445378.1595
CHLD 4 677.972656 1567445378.1596
CHLD 5 10.812500 1567445378.1596
MEM 708.324219 1567445378.2601
CHLD 0 601.089844 1567445378.2715
CHLD 1 601.097656 1567445378.2715
CHLD 2 601.097656 1567445378.2715
CHLD 3 601.097656 1567445378.2716
CHLD 4 677.972656 1567445378.2716
CHLD 5 10.812500 1567445378.2716
MEM 708.324219 1567445378.3721
CHLD 0 601.089844 1567445378.3862
CHLD 1 601.097656 1567445378.3864
CHLD 2 601.097656 1567445378.3864
CHLD 3 601.097656 1567445378.3864
CHLD 4 677.972656 1567445378.3865
CHLD 5 10.812500 1567445378.3865
MEM 708.324219 1567445378.4870
CHLD 0 601.089844 1567445378.4996
CHLD 1 601.097656 1567445378.4996
CHLD 2 601.097656 1567445378.4997
CHLD 3 601.097656 1567445378.4998
CHLD 4 677.972656 1567445378.4998
CHLD 5 10.812500 1567445378.4999
MEM 708.324219 1567445378.6027
CHLD 0 601.089844 1567445378.6149
CHLD 1 601.097656 1567445378.6150
CHLD 2 601.097656 1567445378.6150
CHLD 3 601.097656 1567445378.6150
CHLD 4 677.972656 1567445378.6151
CHLD 5 10.812500 1567445378.6152
MEM 708.324219 1567445378.7157
CHLD 0 601.089844 1567445378.7302
CHLD 1 601.097656 1567445378.7302
CHLD 2 601.097656 1567445378.7303
CHLD 3 601.097656 1567445378.7304
CHLD 4 677.972656 1567445378.7304
CHLD 5 10.812500 1567445378.7305
MEM 708.324219 1567445378.8311
CHLD 0 601.089844 1567445378.8480
CHLD 1 601.097656 1567445378.8480
CHLD 2 601.097656 1567445378.8480
CHLD 3 601.097656 1567445378.8481
CHLD 4 677.972656 1567445378.8481
CHLD 5 10.812500 1567445378.8481
MEM 708.324219 1567445378.9487
CHLD 0 601.089844 1567445378.9596
CHLD 1 601.097656 1567445378.9597
CHLD 2 601.097656 1567445378.9598
CHLD 3 601.097656 1567445378.9598
CHLD 4 677.972656 1567445378.9599
CHLD 5 10.812500 1567445378.9599
MEM 708.324219 1567445379.0604
CHLD 0 601.089844 1567445379.0734
CHLD 1 601.097656 1567445379.0735
CHLD 2 601.097656 1567445379.0736
CHLD 3 601.097656 1567445379.0736
CHLD 4 677.972656 1567445379.0737
CHLD 5 10.812500 1567445379.0738
MEM 708.324219 1567445379.1743
CHLD 0 601.089844 1567445379.1851
CHLD 1 601.097656 1567445379.1852
CHLD 2 601.097656 1567445379.1852
CHLD 3 601.097656 1567445379.1853
CHLD 4 677.972656 1567445379.1853
CHLD 5 10.812500 1567445379.1853
MEM 708.324219 1567445379.2858
CHLD 0 601.089844 1567445379.3136
CHLD 1 601.097656 1567445379.3137
CHLD 2 601.097656 1567445379.3138
CHLD 3 601.097656 1567445379.3138
CHLD 4 677.972656 1567445379.3139
CHLD 5 10.812500 1567445379.3140
MEM 708.324219 1567445379.4144
CHLD 0 601.089844 1567445379.4311
CHLD 1 601.097656 1567445379.4312
CHLD 2 601.097656 1567445379.4313
CHLD 3 601.097656 1567445379.4314
CHLD 4 677.972656 1567445379.4314
CHLD 5 10.812500 1567445379.4315
MEM 708.324219 1567445379.5321
CHLD 0 601.089844 1567445379.5587
CHLD 1 601.097656 1567445379.5588
CHLD 2 601.097656 1567445379.5588
CHLD 3 601.097656 1567445379.5589
CHLD 4 679.261719 1567445379.5589
CHLD 5 10.812500 1567445379.5590
MEM 708.324219 1567445379.6594
CHLD 0 601.089844 1567445379.6701
CHLD 1 601.097656 1567445379.6701
CHLD 2 601.097656 1567445379.6702
CHLD 3 601.097656 1567445379.6702
CHLD 4 679.261719 1567445379.6702
CHLD 5 10.812500 1567445379.6703
MEM 708.324219 1567445379.7707
CHLD 0 601.089844 1567445379.7802
CHLD 1 601.097656 1567445379.7803
CHLD 2 601.097656 1567445379.7803
CHLD 3 601.097656 1567445379.7804
CHLD 4 679.261719 1567445379.7804
CHLD 5 10.812500 1567445379.7804
MEM 708.324219 1567445379.8809
CHLD 0 601.089844 1567445379.8953
CHLD 1 601.097656 1567445379.8954
CHLD 2 601.097656 1567445379.8954
CHLD 3 601.097656 1567445379.8955
CHLD 4 679.261719 1567445379.8955
CHLD 5 10.812500 1567445379.8956
MEM 708.324219 1567445379.9960
CHLD 0 601.089844 1567445380.0105
CHLD 1 601.097656 1567445380.0105
CHLD 2 601.097656 1567445380.0106
CHLD 3 601.097656 1567445380.0107
CHLD 4 679.261719 1567445380.0107
CHLD 5 10.812500 1567445380.0108
MEM 708.324219 1567445380.1112
CHLD 0 601.089844 1567445380.1248
CHLD 1 601.097656 1567445380.1249
CHLD 2 601.097656 1567445380.1250
CHLD 3 601.097656 1567445380.1250
CHLD 4 679.261719 1567445380.1251
CHLD 5 10.812500 1567445380.1251
MEM 708.324219 1567445380.2256
CHLD 0 601.089844 1567445380.2374
CHLD 1 601.097656 1567445380.2375
CHLD 2 601.097656 1567445380.2375
CHLD 3 601.097656 1567445380.2376
CHLD 4 679.261719 1567445380.2376
CHLD 5 10.812500 1567445380.2376
MEM 708.324219 1567445380.3381
CHLD 0 601.089844 1567445380.3581
CHLD 1 601.097656 1567445380.3582
CHLD 2 601.097656 1567445380.3582
CHLD 3 601.097656 1567445380.3583
CHLD 4 679.261719 1567445380.3584
CHLD 5 10.812500 1567445380.3584
MEM 708.324219 1567445380.4593
CHLD 0 601.089844 1567445380.4724
CHLD 1 601.097656 1567445380.4725
CHLD 2 601.097656 1567445380.4725
CHLD 3 601.097656 1567445380.4726
CHLD 4 679.261719 1567445380.4727
CHLD 5 10.812500 1567445380.4727
MEM 708.324219 1567445380.5732
CHLD 0 601.089844 1567445380.5862
CHLD 1 601.097656 1567445380.5862
CHLD 2 601.097656 1567445380.5863
CHLD 3 601.097656 1567445380.5864
CHLD 4 679.261719 1567445380.5864
CHLD 5 10.812500 1567445380.5865
MEM 708.324219 1567445380.6869
CHLD 0 601.089844 1567445380.6999
CHLD 1 601.097656 1567445380.6999
CHLD 2 601.097656 1567445380.7000
CHLD 3 601.097656 1567445380.7001
CHLD 4 679.261719 1567445380.7001
CHLD 5 10.812500 1567445380.7002
MEM 708.324219 1567445380.8006
CHLD 0 601.089844 1567445380.8139
CHLD 1 601.097656 1567445380.8140
CHLD 2 601.097656 1567445380.8140
CHLD 3 601.097656 1567445380.8141
CHLD 4 679.519531 1567445380.8141
CHLD 5 10.812500 1567445380.8142
MEM 708.324219 1567445380.9146
CHLD 0 601.089844 1567445380.9283
CHLD 1 601.097656 1567445380.9283
CHLD 2 601.097656 1567445380.9284
CHLD 3 601.097656 1567445380.9284
CHLD 4 679.519531 1567445380.9285
CHLD 5 10.812500 1567445380.9285
MEM 708.324219 1567445381.0290
CHLD 0 601.089844 1567445381.0435
CHLD 1 601.097656 1567445381.0436
CHLD 2 601.097656 1567445381.0436
CHLD 3 601.097656 1567445381.0437
CHLD 4 679.519531 1567445381.0437
CHLD 5 10.812500 1567445381.0438
MEM 708.324219 1567445381.1443
CHLD 0 601.089844 1567445381.1578
CHLD 1 601.097656 1567445381.1579
CHLD 2 601.097656 1567445381.1579
CHLD 3 601.097656 1567445381.1580
CHLD 4 679.519531 1567445381.1581
CHLD 5 10.812500 1567445381.1581
MEM 708.324219 1567445381.2585
CHLD 0 601.089844 1567445381.2708
CHLD 1 601.097656 1567445381.2708
CHLD 2 601.097656 1567445381.2709
CHLD 3 601.097656 1567445381.2710
CHLD 4 679.519531 1567445381.2710
CHLD 5 10.812500 1567445381.2711
MEM 708.324219 1567445381.3715
CHLD 0 601.089844 1567445381.3830
CHLD 1 601.097656 1567445381.3830
CHLD 2 601.097656 1567445381.3831
CHLD 3 601.097656 1567445381.3832
CHLD 4 679.519531 1567445381.3832
CHLD 5 10.812500 1567445381.3833
MEM 708.324219 1567445381.4837
CHLD 0 601.089844 1567445381.4994
CHLD 1 601.097656 1567445381.4995
CHLD 2 601.097656 1567445381.4995
CHLD 3 601.097656 1567445381.4996
CHLD 4 679.519531 1567445381.4997
CHLD 5 10.812500 1567445381.4997
MEM 708.324219 1567445381.6001
CHLD 0 601.089844 1567445381.6129
CHLD 1 601.097656 1567445381.6130
CHLD 2 601.097656 1567445381.6130
CHLD 3 601.097656 1567445381.6131
CHLD 4 679.777344 1567445381.6131
CHLD 5 10.812500 1567445381.6132
MEM 708.324219 1567445381.7136
CHLD 0 601.089844 1567445381.7273
CHLD 1 601.097656 1567445381.7274
CHLD 2 601.097656 1567445381.7274
CHLD 3 601.097656 1567445381.7275
CHLD 4 679.777344 1567445381.7275
CHLD 5 10.812500 1567445381.7276
MEM 708.324219 1567445381.8280
CHLD 0 601.089844 1567445381.8471
CHLD 1 601.097656 1567445381.8472
CHLD 2 601.097656 1567445381.8473
CHLD 3 601.097656 1567445381.8473
CHLD 4 679.777344 1567445381.8474
CHLD 5 10.812500 1567445381.8475
MEM 708.324219 1567445381.9479
CHLD 0 601.089844 1567445381.9611
CHLD 1 601.097656 1567445381.9611
CHLD 2 601.097656 1567445381.9612
CHLD 3 601.097656 1567445381.9612
CHLD 4 679.777344 1567445381.9612
CHLD 5 10.812500 1567445381.9613
MEM 708.324219 1567445382.0617
CHLD 0 601.089844 1567445382.0747
CHLD 1 601.097656 1567445382.0748
CHLD 2 601.097656 1567445382.0748
CHLD 3 601.097656 1567445382.0748
CHLD 4 679.777344 1567445382.0749
CHLD 5 10.812500 1567445382.0750
MEM 708.324219 1567445382.1755
CHLD 0 601.089844 1567445382.1903
CHLD 1 601.097656 1567445382.1904
CHLD 2 601.097656 1567445382.1904
CHLD 3 601.097656 1567445382.1905
CHLD 4 679.777344 1567445382.1905
CHLD 5 10.812500 1567445382.1906
MEM 708.324219 1567445382.2911
CHLD 0 601.089844 1567445382.3033
CHLD 1 601.097656 1567445382.3034
CHLD 2 601.097656 1567445382.3035
CHLD 3 601.097656 1567445382.3035
CHLD 4 679.777344 1567445382.3036
CHLD 5 10.812500 1567445382.3037
MEM 708.324219 1567445382.4045
CHLD 0 601.089844 1567445382.4189
CHLD 1 601.097656 1567445382.4190
CHLD 2 601.097656 1567445382.4191
CHLD 3 601.097656 1567445382.4191
CHLD 4 679.777344 1567445382.4192
CHLD 5 10.812500 1567445382.4193
MEM 708.324219 1567445382.5197
CHLD 0 601.089844 1567445382.5333
CHLD 1 601.097656 1567445382.5334
CHLD 2 601.097656 1567445382.5335
CHLD 3 601.097656 1567445382.5335
CHLD 4 679.777344 1567445382.5336
CHLD 5 10.812500 1567445382.5336
MEM 708.324219 1567445382.6344
CHLD 0 601.089844 1567445382.6462
CHLD 1 601.097656 1567445382.6463
CHLD 2 601.097656 1567445382.6464
CHLD 3 601.097656 1567445382.6464
CHLD 4 679.777344 1567445382.6465
CHLD 5 10.812500 1567445382.6466
MEM 708.324219 1567445382.7470
CHLD 0 601.089844 1567445382.7597
CHLD 1 601.097656 1567445382.7598
CHLD 2 601.097656 1567445382.7599
CHLD 3 601.097656 1567445382.7600
CHLD 4 679.777344 1567445382.7600
CHLD 5 10.812500 1567445382.7601
MEM 708.324219 1567445382.8605
CHLD 0 601.089844 1567445382.8732
CHLD 1 601.097656 1567445382.8733
CHLD 2 601.097656 1567445382.8733
CHLD 3 601.097656 1567445382.8734
CHLD 4 679.777344 1567445382.8735
CHLD 5 10.812500 1567445382.8735
MEM 708.324219 1567445382.9740
CHLD 0 601.089844 1567445382.9902
CHLD 1 601.097656 1567445382.9903
CHLD 2 601.097656 1567445382.9903
CHLD 3 601.097656 1567445382.9904
CHLD 4 679.777344 1567445382.9905
CHLD 5 10.812500 1567445382.9905
MEM 708.324219 1567445383.0909
CHLD 0 601.089844 1567445383.1045
CHLD 1 601.097656 1567445383.1046
CHLD 2 601.097656 1567445383.1046
CHLD 3 601.097656 1567445383.1047
CHLD 4 679.777344 1567445383.1047
CHLD 5 10.812500 1567445383.1047
MEM 708.324219 1567445383.2051
CHLD 0 601.089844 1567445383.2160
CHLD 1 601.097656 1567445383.2161
CHLD 2 601.097656 1567445383.2162
CHLD 3 601.097656 1567445383.2162
CHLD 4 679.777344 1567445383.2162
CHLD 5 10.812500 1567445383.2163
MEM 708.324219 1567445383.3166
CHLD 0 601.089844 1567445383.3272
CHLD 1 601.097656 1567445383.3272
CHLD 2 601.097656 1567445383.3273
CHLD 3 601.097656 1567445383.3273
CHLD 4 679.777344 1567445383.3273
CHLD 5 10.812500 1567445383.3274
MEM 708.324219 1567445383.4279
CHLD 0 601.089844 1567445383.4406
CHLD 1 601.097656 1567445383.4407
CHLD 2 601.097656 1567445383.4407
CHLD 3 601.097656 1567445383.4408
CHLD 4 679.777344 1567445383.4408
CHLD 5 10.812500 1567445383.4409
MEM 708.324219 1567445383.5426
CHLD 0 601.089844 1567445383.5559
CHLD 1 601.097656 1567445383.5560
CHLD 2 601.097656 1567445383.5560
CHLD 3 601.097656 1567445383.5561
CHLD 4 680.035156 1567445383.5561
CHLD 5 10.812500 1567445383.5562
MEM 708.324219 1567445383.6566
CHLD 0 601.089844 1567445383.6685
CHLD 1 601.097656 1567445383.6685
CHLD 2 601.097656 1567445383.6686
CHLD 3 601.097656 1567445383.6686
CHLD 4 680.035156 1567445383.6687
CHLD 5 10.812500 1567445383.6688
MEM 708.324219 1567445383.7692
CHLD 0 601.089844 1567445383.7823
CHLD 1 601.097656 1567445383.7824
CHLD 2 601.097656 1567445383.7824
CHLD 3 601.097656 1567445383.7825
CHLD 4 680.035156 1567445383.7825
CHLD 5 10.812500 1567445383.7825
MEM 708.324219 1567445383.8830
CHLD 0 601.089844 1567445383.8959
CHLD 1 601.097656 1567445383.8960
CHLD 2 601.097656 1567445383.8961
CHLD 3 601.097656 1567445383.8961
CHLD 4 680.035156 1567445383.8962
CHLD 5 10.812500 1567445383.8962
MEM 708.324219 1567445383.9967
CHLD 0 601.089844 1567445384.0138
CHLD 1 601.097656 1567445384.0139
CHLD 2 601.097656 1567445384.0140
CHLD 3 601.097656 1567445384.0140
CHLD 4 680.035156 1567445384.0141
CHLD 5 10.812500 1567445384.0141
MEM 708.324219 1567445384.1146
CHLD 0 601.089844 1567445384.1248
CHLD 1 601.097656 1567445384.1249
CHLD 2 601.097656 1567445384.1249
CHLD 3 601.097656 1567445384.1249
CHLD 4 680.035156 1567445384.1250
CHLD 5 10.812500 1567445384.1250
MEM 708.324219 1567445384.2254
CHLD 0 601.089844 1567445384.2434
CHLD 1 601.097656 1567445384.2434
CHLD 2 601.097656 1567445384.2435
CHLD 3 601.097656 1567445384.2435
CHLD 4 680.035156 1567445384.2435
CHLD 5 10.812500 1567445384.2436
MEM 708.324219 1567445384.3440
CHLD 0 601.089844 1567445384.3577
CHLD 1 601.097656 1567445384.3577
CHLD 2 601.097656 1567445384.3578
CHLD 3 601.097656 1567445384.3579
CHLD 4 680.261719 1567445384.3579
CHLD 5 10.812500 1567445384.3580
MEM 708.324219 1567445384.4584
CHLD 0 601.089844 1567445384.4702
CHLD 1 601.097656 1567445384.4703
CHLD 2 601.097656 1567445384.4704
CHLD 3 601.097656 1567445384.4704
CHLD 4 680.261719 1567445384.4705
CHLD 5 10.812500 1567445384.4706
MEM 708.324219 1567445384.5710
CHLD 0 601.089844 1567445384.5847
CHLD 1 601.097656 1567445384.5848
CHLD 2 601.097656 1567445384.5849
CHLD 3 601.097656 1567445384.5849
CHLD 4 680.261719 1567445384.5850
CHLD 5 10.812500 1567445384.5850
MEM 708.324219 1567445384.6856
CHLD 0 601.089844 1567445384.6967
CHLD 1 601.097656 1567445384.6968
CHLD 2 601.097656 1567445384.6969
CHLD 3 601.097656 1567445384.6969
CHLD 4 680.261719 1567445384.6970
CHLD 5 10.812500 1567445384.6970
MEM 708.324219 1567445384.7975
CHLD 0 601.089844 1567445384.8120
CHLD 1 601.097656 1567445384.8120
CHLD 2 601.097656 1567445384.8121
CHLD 3 601.097656 1567445384.8121
CHLD 4 680.261719 1567445384.8122
CHLD 5 10.812500 1567445384.8123
MEM 708.324219 1567445384.9126
CHLD 0 601.089844 1567445384.9341
CHLD 1 601.097656 1567445384.9342
CHLD 2 601.097656 1567445384.9343
CHLD 3 601.097656 1567445384.9343
CHLD 4 680.261719 1567445384.9344
CHLD 5 10.812500 1567445384.9345
MEM 708.324219 1567445385.0350
CHLD 0 601.089844 1567445385.0462
CHLD 1 601.097656 1567445385.0462
CHLD 2 601.097656 1567445385.0462
CHLD 3 601.097656 1567445385.0463
CHLD 4 680.261719 1567445385.0464
CHLD 5 10.812500 1567445385.0464
MEM 708.324219 1567445385.1468
CHLD 0 601.089844 1567445385.1577
CHLD 1 601.097656 1567445385.1578
CHLD 2 601.097656 1567445385.1578
CHLD 3 601.097656 1567445385.1579
CHLD 4 680.261719 1567445385.1579
CHLD 5 10.812500 1567445385.1579
MEM 708.324219 1567445385.2584
CHLD 0 601.089844 1567445385.2729
CHLD 1 601.097656 1567445385.2730
CHLD 2 601.097656 1567445385.2730
CHLD 3 601.097656 1567445385.2731
CHLD 4 680.261719 1567445385.2731
CHLD 5 10.812500 1567445385.2732
MEM 708.324219 1567445385.3736
CHLD 0 601.089844 1567445385.3869
CHLD 1 601.097656 1567445385.3870
CHLD 2 601.097656 1567445385.3870
CHLD 3 601.097656 1567445385.3871
CHLD 4 680.261719 1567445385.3871
CHLD 5 10.812500 1567445385.3872
MEM 708.324219 1567445385.4877
CHLD 0 601.089844 1567445385.4990
CHLD 1 601.097656 1567445385.4991
CHLD 2 601.097656 1567445385.4991
CHLD 3 601.097656 1567445385.4992
CHLD 4 680.261719 1567445385.4992
CHLD 5 10.812500 1567445385.4993
MEM 708.324219 1567445385.5997
CHLD 0 601.089844 1567445385.6125
CHLD 1 601.097656 1567445385.6126
CHLD 2 601.097656 1567445385.6127
CHLD 3 601.097656 1567445385.6127
CHLD 4 680.261719 1567445385.6128
CHLD 5 10.812500 1567445385.6128
MEM 708.324219 1567445385.7135
CHLD 0 601.089844 1567445385.7266
CHLD 1 601.097656 1567445385.7266
CHLD 2 601.097656 1567445385.7267
CHLD 3 601.097656 1567445385.7267
CHLD 4 680.261719 1567445385.7268
CHLD 5 10.812500 1567445385.7269
MEM 708.324219 1567445385.8273
CHLD 0 601.089844 1567445385.8382
CHLD 1 601.097656 1567445385.8383
CHLD 2 601.097656 1567445385.8384
CHLD 3 601.097656 1567445385.8385
CHLD 4 680.261719 1567445385.8385
CHLD 5 10.812500 1567445385.8386
MEM 708.324219 1567445385.9390
CHLD 0 601.089844 1567445385.9543
CHLD 1 601.097656 1567445385.9544
CHLD 2 601.097656 1567445385.9544
CHLD 3 601.097656 1567445385.9545
CHLD 4 680.261719 1567445385.9545
CHLD 5 10.812500 1567445385.9545
MEM 708.324219 1567445386.0550
CHLD 0 601.089844 1567445386.0663
CHLD 1 601.097656 1567445386.0664
CHLD 2 601.097656 1567445386.0665
CHLD 3 601.097656 1567445386.0665
CHLD 4 680.261719 1567445386.0666
CHLD 5 10.812500 1567445386.0666
MEM 708.324219 1567445386.1670
CHLD 0 601.089844 1567445386.1784
CHLD 1 601.097656 1567445386.1785
CHLD 2 601.097656 1567445386.1786
CHLD 3 601.097656 1567445386.1786
CHLD 4 680.261719 1567445386.1787
CHLD 5 10.812500 1567445386.1788
MEM 708.324219 1567445386.2826
CHLD 0 601.089844 1567445386.3121
CHLD 1 601.097656 1567445386.3121
CHLD 2 601.097656 1567445386.3122
CHLD 3 601.097656 1567445386.3123
CHLD 4 680.261719 1567445386.3123
CHLD 5 10.812500 1567445386.3124
MEM 708.324219 1567445386.4129
CHLD 0 601.089844 1567445386.4241
CHLD 1 601.097656 1567445386.4241
CHLD 2 601.097656 1567445386.4242
CHLD 3 601.097656 1567445386.4242
CHLD 4 680.261719 1567445386.4243
CHLD 5 10.812500 1567445386.4243
MEM 708.324219 1567445386.5248
CHLD 0 601.089844 1567445386.5380
CHLD 1 601.097656 1567445386.5380
CHLD 2 601.097656 1567445386.5381
CHLD 3 601.097656 1567445386.5381
CHLD 4 680.261719 1567445386.5382
CHLD 5 10.812500 1567445386.5383
MEM 708.324219 1567445386.6387
CHLD 0 601.089844 1567445386.6520
CHLD 1 601.097656 1567445386.6521
CHLD 2 601.097656 1567445386.6521
CHLD 3 601.097656 1567445386.6522
CHLD 4 680.261719 1567445386.6522
CHLD 5 10.812500 1567445386.6523
MEM 708.324219 1567445386.7527
CHLD 0 601.089844 1567445386.7649
CHLD 1 601.097656 1567445386.7649
CHLD 2 601.097656 1567445386.7650
CHLD 3 601.097656 1567445386.7650
CHLD 4 680.261719 1567445386.7651
CHLD 5 10.812500 1567445386.7651
MEM 708.324219 1567445386.8656
CHLD 0 601.089844 1567445386.8794
CHLD 1 601.097656 1567445386.8794
CHLD 2 601.097656 1567445386.8795
CHLD 3 601.097656 1567445386.8795
CHLD 4 680.261719 1567445386.8795
CHLD 5 10.812500 1567445386.8796
MEM 708.324219 1567445386.9799
CHLD 0 601.089844 1567445386.9937
CHLD 1 601.097656 1567445386.9938
CHLD 2 601.097656 1567445386.9938
CHLD 3 601.097656 1567445386.9939
CHLD 4 680.261719 1567445386.9939
CHLD 5 10.812500 1567445386.9939
MEM 708.324219 1567445387.0944
CHLD 0 601.089844 1567445387.1036
CHLD 1 601.097656 1567445387.1037
CHLD 2 601.097656 1567445387.1038
CHLD 3 601.097656 1567445387.1038
CHLD 4 680.261719 1567445387.1039
CHLD 5 10.812500 1567445387.1039
MEM 708.324219 1567445387.2045
CHLD 0 601.089844 1567445387.2211
CHLD 1 601.097656 1567445387.2212
CHLD 2 601.097656 1567445387.2213
CHLD 3 601.097656 1567445387.2215
CHLD 4 680.261719 1567445387.2216
CHLD 5 10.812500 1567445387.2216
MEM 708.324219 1567445387.3221
CHLD 0 601.089844 1567445387.3377
CHLD 1 601.097656 1567445387.3378
CHLD 2 601.097656 1567445387.3380
CHLD 3 601.097656 1567445387.3380
CHLD 4 680.261719 1567445387.3381
CHLD 5 10.812500 1567445387.3382
MEM 708.324219 1567445387.4386
CHLD 0 601.089844 1567445387.4517
CHLD 1 601.097656 1567445387.4517
CHLD 2 601.097656 1567445387.4518
CHLD 3 601.097656 1567445387.4518
CHLD 4 680.261719 1567445387.4519
CHLD 5 10.812500 1567445387.4519
MEM 708.324219 1567445387.5524
CHLD 0 601.089844 1567445387.5668
CHLD 1 601.097656 1567445387.5669
CHLD 2 601.097656 1567445387.5669
CHLD 3 601.097656 1567445387.5670
CHLD 4 680.261719 1567445387.5670
CHLD 5 10.812500 1567445387.5671
MEM 708.324219 1567445387.6675
CHLD 0 601.089844 1567445387.6772
CHLD 1 601.097656 1567445387.6772
CHLD 2 601.097656 1567445387.6772
CHLD 3 601.097656 1567445387.6773
CHLD 4 680.351562 1567445387.6773
CHLD 5 10.812500 1567445387.6774
MEM 708.324219 1567445387.7778
CHLD 0 601.089844 1567445387.7907
CHLD 1 601.097656 1567445387.7908
CHLD 2 601.097656 1567445387.7909
CHLD 3 601.097656 1567445387.7909
CHLD 4 680.351562 1567445387.7910
CHLD 5 10.812500 1567445387.7910
MEM 708.324219 1567445387.8915
CHLD 0 601.089844 1567445387.9040
CHLD 1 601.097656 1567445387.9040
CHLD 2 601.097656 1567445387.9041
CHLD 3 601.097656 1567445387.9042
CHLD 4 680.351562 1567445387.9042
CHLD 5 10.812500 1567445387.9043
MEM 708.324219 1567445388.0048
CHLD 0 601.089844 1567445388.0195
CHLD 1 601.097656 1567445388.0196
CHLD 2 601.097656 1567445388.0197
CHLD 3 601.097656 1567445388.0197
CHLD 4 680.351562 1567445388.0198
CHLD 5 10.812500 1567445388.0198
MEM 708.324219 1567445388.1204
CHLD 0 601.089844 1567445388.1321
CHLD 1 601.097656 1567445388.1321
CHLD 2 601.097656 1567445388.1322
CHLD 3 601.097656 1567445388.1322
CHLD 4 680.351562 1567445388.1322
CHLD 5 10.812500 1567445388.1323
MEM 708.324219 1567445388.2328
CHLD 0 601.089844 1567445388.2472
CHLD 1 601.097656 1567445388.2473
CHLD 2 601.097656 1567445388.2474
CHLD 3 601.097656 1567445388.2474
CHLD 4 680.351562 1567445388.2475
CHLD 5 10.812500 1567445388.2475
MEM 708.324219 1567445388.3480
CHLD 0 601.089844 1567445388.3612
CHLD 1 601.097656 1567445388.3613
CHLD 2 601.097656 1567445388.3613
CHLD 3 601.097656 1567445388.3614
CHLD 4 605.218750 1567445388.3614
MEM 708.324219 1567445388.4618
CHLD 0 601.089844 1567445388.4729
CHLD 1 601.097656 1567445388.4729
CHLD 2 601.097656 1567445388.4730
CHLD 3 601.097656 1567445388.4730
CHLD 4 618.117188 1567445388.4730
CHLD 5 10.800781 1567445388.4731
MEM 708.324219 1567445388.5735
CHLD 0 601.089844 1567445388.5885
CHLD 1 601.097656 1567445388.5886
CHLD 2 601.097656 1567445388.5887
CHLD 3 601.097656 1567445388.5887
CHLD 4 621.917969 1567445388.5888
CHLD 5 10.800781 1567445388.5889
MEM 708.324219 1567445388.6892
CHLD 0 601.089844 1567445388.6978
CHLD 1 601.097656 1567445388.6979
CHLD 2 601.097656 1567445388.6980
CHLD 3 601.097656 1567445388.6980
CHLD 4 630.472656 1567445388.6980
CHLD 5 10.800781 1567445388.6981
MEM 708.324219 1567445388.7985
CHLD 0 601.089844 1567445388.8068
CHLD 1 601.097656 1567445388.8068
CHLD 2 601.097656 1567445388.8069
CHLD 3 601.097656 1567445388.8069
CHLD 4 635.125000 1567445388.8069
CHLD 5 10.800781 1567445388.8070
MEM 708.324219 1567445388.9074
CHLD 0 601.089844 1567445388.9205
CHLD 1 601.097656 1567445388.9206
CHLD 2 601.097656 1567445388.9206
CHLD 3 601.097656 1567445388.9207
CHLD 4 638.238281 1567445388.9207
CHLD 5 10.800781 1567445388.9208
MEM 708.324219 1567445389.0212
CHLD 0 601.089844 1567445389.0356
CHLD 1 601.097656 1567445389.0357
CHLD 2 601.097656 1567445389.0358
CHLD 3 601.097656 1567445389.0358
CHLD 4 641.507812 1567445389.0359
CHLD 5 10.800781 1567445389.0359
MEM 708.324219 1567445389.1364
CHLD 0 601.089844 1567445389.1507
CHLD 1 601.097656 1567445389.1508
CHLD 2 601.097656 1567445389.1508
CHLD 3 601.097656 1567445389.1509
CHLD 4 642.695312 1567445389.1509
CHLD 5 10.800781 1567445389.1510
MEM 708.324219 1567445389.2514
CHLD 0 601.089844 1567445389.2600
CHLD 1 601.097656 1567445389.2600
CHLD 2 601.097656 1567445389.2600
CHLD 3 601.097656 1567445389.2601
CHLD 4 654.609375 1567445389.2601
CHLD 5 10.800781 1567445389.2601
MEM 708.324219 1567445389.3606
CHLD 0 601.089844 1567445389.3714
CHLD 1 601.097656 1567445389.3715
CHLD 2 601.097656 1567445389.3715
CHLD 3 601.097656 1567445389.3715
CHLD 4 657.246094 1567445389.3716
CHLD 5 10.800781 1567445389.3716
MEM 708.324219 1567445389.4721
CHLD 0 601.089844 1567445389.4881
CHLD 1 601.097656 1567445389.4881
CHLD 2 601.097656 1567445389.4882
CHLD 3 601.097656 1567445389.4882
CHLD 4 665.351562 1567445389.4883
CHLD 5 10.800781 1567445389.4883
MEM 708.324219 1567445389.5887
CHLD 0 601.089844 1567445389.6016
CHLD 1 601.097656 1567445389.6017
CHLD 2 601.097656 1567445389.6018
CHLD 3 601.097656 1567445389.6018
CHLD 4 665.867188 1567445389.6019
CHLD 5 10.800781 1567445389.6019
MEM 708.324219 1567445389.7025
CHLD 0 601.089844 1567445389.7171
CHLD 1 601.097656 1567445389.7171
CHLD 2 601.097656 1567445389.7172
CHLD 3 601.097656 1567445389.7172
CHLD 4 665.867188 1567445389.7173
CHLD 5 10.800781 1567445389.7173
MEM 708.324219 1567445389.8178
CHLD 0 601.089844 1567445389.8296
CHLD 1 601.097656 1567445389.8296
CHLD 2 601.097656 1567445389.8297
CHLD 3 601.097656 1567445389.8298
CHLD 4 666.382812 1567445389.8298
CHLD 5 10.800781 1567445389.8299
MEM 708.324219 1567445389.9304
CHLD 0 601.089844 1567445389.9431
CHLD 1 601.097656 1567445389.9431
CHLD 2 601.097656 1567445389.9432
CHLD 3 601.097656 1567445389.9432
CHLD 4 666.640625 1567445389.9432
CHLD 5 10.800781 1567445389.9433
MEM 708.324219 1567445390.0438
CHLD 0 601.089844 1567445390.0568
CHLD 1 601.097656 1567445390.0568
CHLD 2 601.097656 1567445390.0569
CHLD 3 601.097656 1567445390.0569
CHLD 4 666.640625 1567445390.0570
CHLD 5 10.800781 1567445390.0570
MEM 708.324219 1567445390.1575
CHLD 0 601.089844 1567445390.1703
CHLD 1 601.097656 1567445390.1704
CHLD 2 601.097656 1567445390.1705
CHLD 3 601.097656 1567445390.1705
CHLD 4 666.640625 1567445390.1706
CHLD 5 10.800781 1567445390.1706
MEM 708.324219 1567445390.2711
CHLD 0 601.089844 1567445390.2862
CHLD 1 601.097656 1567445390.2863
CHLD 2 601.097656 1567445390.2864
CHLD 3 601.097656 1567445390.2864
CHLD 4 666.640625 1567445390.2865
CHLD 5 10.800781 1567445390.2865
MEM 708.324219 1567445390.3869
CHLD 0 601.089844 1567445390.4011
CHLD 1 601.097656 1567445390.4012
CHLD 2 601.097656 1567445390.4013
CHLD 3 601.097656 1567445390.4013
CHLD 4 667.156250 1567445390.4014
CHLD 5 10.800781 1567445390.4014
MEM 708.324219 1567445390.5020
CHLD 0 601.089844 1567445390.5163
CHLD 1 601.097656 1567445390.5164
CHLD 2 601.097656 1567445390.5164
CHLD 3 601.097656 1567445390.5165
CHLD 4 667.156250 1567445390.5165
CHLD 5 10.800781 1567445390.5166
MEM 708.324219 1567445390.6171
CHLD 0 601.089844 1567445390.6300
CHLD 1 601.097656 1567445390.6300
CHLD 2 601.097656 1567445390.6301
CHLD 3 601.097656 1567445390.6301
CHLD 4 667.156250 1567445390.6302
CHLD 5 10.800781 1567445390.6303
MEM 708.324219 1567445390.7307
CHLD 0 601.089844 1567445390.7405
CHLD 1 601.097656 1567445390.7406
CHLD 2 601.097656 1567445390.7407
CHLD 3 601.097656 1567445390.7408
CHLD 4 667.156250 1567445390.7408
CHLD 5 10.800781 1567445390.7409
MEM 708.324219 1567445390.8413
CHLD 0 601.089844 1567445390.8564
CHLD 1 601.097656 1567445390.8565
CHLD 2 601.097656 1567445390.8565
CHLD 3 601.097656 1567445390.8566
CHLD 4 667.156250 1567445390.8567
CHLD 5 10.800781 1567445390.8567
MEM 708.324219 1567445390.9573
CHLD 0 601.089844 1567445390.9698
CHLD 1 601.097656 1567445390.9699
CHLD 2 601.097656 1567445390.9699
CHLD 3 601.097656 1567445390.9700
CHLD 4 667.156250 1567445390.9700
CHLD 5 10.800781 1567445390.9701
MEM 708.324219 1567445391.0705
CHLD 0 601.089844 1567445391.0841
CHLD 1 601.097656 1567445391.0842
CHLD 2 601.097656 1567445391.0842
CHLD 3 601.097656 1567445391.0842
CHLD 4 667.156250 1567445391.0843
CHLD 5 10.800781 1567445391.0843
MEM 708.324219 1567445391.1849
CHLD 0 601.089844 1567445391.1974
CHLD 1 601.097656 1567445391.1974
CHLD 2 601.097656 1567445391.1975
CHLD 3 601.097656 1567445391.1975
CHLD 4 667.156250 1567445391.1976
CHLD 5 10.800781 1567445391.1976
MEM 708.324219 1567445391.2981
CHLD 0 601.089844 1567445391.3119
CHLD 1 601.097656 1567445391.3120
CHLD 2 601.097656 1567445391.3120
CHLD 3 601.097656 1567445391.3121
CHLD 4 667.156250 1567445391.3121
CHLD 5 10.800781 1567445391.3122
MEM 708.324219 1567445391.4127
CHLD 0 601.089844 1567445391.4267
CHLD 1 601.097656 1567445391.4268
CHLD 2 601.097656 1567445391.4268
CHLD 3 601.097656 1567445391.4269
CHLD 4 667.156250 1567445391.4269
CHLD 5 10.800781 1567445391.4270
MEM 708.324219 1567445391.5275
CHLD 0 601.089844 1567445391.5412
CHLD 1 601.097656 1567445391.5413
CHLD 2 601.097656 1567445391.5413
CHLD 3 601.097656 1567445391.5414
CHLD 4 667.156250 1567445391.5414
CHLD 5 10.800781 1567445391.5415
MEM 708.324219 1567445391.6419
CHLD 0 601.089844 1567445391.6532
CHLD 1 601.097656 1567445391.6533
CHLD 2 601.097656 1567445391.6533
CHLD 3 601.097656 1567445391.6534
CHLD 4 667.414062 1567445391.6535
CHLD 5 10.800781 1567445391.6535
MEM 708.324219 1567445391.7540
CHLD 0 601.089844 1567445391.7686
CHLD 1 601.097656 1567445391.7687
CHLD 2 601.097656 1567445391.7687
CHLD 3 601.097656 1567445391.7688
CHLD 4 667.414062 1567445391.7688
CHLD 5 10.800781 1567445391.7689
MEM 708.324219 1567445391.8693
CHLD 0 601.089844 1567445391.8822
CHLD 1 601.097656 1567445391.8823
CHLD 2 601.097656 1567445391.8823
CHLD 3 601.097656 1567445391.8823
CHLD 4 667.414062 1567445391.8824
CHLD 5 10.800781 1567445391.8824
MEM 708.324219 1567445391.9828
CHLD 0 601.089844 1567445391.9949
CHLD 1 601.097656 1567445391.9949
CHLD 2 601.097656 1567445391.9949
CHLD 3 601.097656 1567445391.9950
CHLD 4 667.414062 1567445391.9950
CHLD 5 10.800781 1567445391.9950
MEM 708.324219 1567445392.0955
CHLD 0 601.089844 1567445392.1110
CHLD 1 601.097656 1567445392.1111
CHLD 2 601.097656 1567445392.1111
CHLD 3 601.097656 1567445392.1112
CHLD 4 667.414062 1567445392.1112
CHLD 5 10.800781 1567445392.1113
MEM 708.324219 1567445392.2116
CHLD 0 601.089844 1567445392.2227
CHLD 1 601.097656 1567445392.2228
CHLD 2 601.097656 1567445392.2228
CHLD 3 601.097656 1567445392.2229
CHLD 4 667.414062 1567445392.2229
CHLD 5 10.800781 1567445392.2230
MEM 708.324219 1567445392.3234
CHLD 0 601.089844 1567445392.3342
CHLD 1 601.097656 1567445392.3342
CHLD 2 601.097656 1567445392.3342
CHLD 3 601.097656 1567445392.3343
CHLD 4 667.414062 1567445392.3344
CHLD 5 10.800781 1567445392.3344
MEM 708.324219 1567445392.4348
CHLD 0 601.089844 1567445392.4475
CHLD 1 601.097656 1567445392.4476
CHLD 2 601.097656 1567445392.4476
CHLD 3 601.097656 1567445392.4477
CHLD 4 667.414062 1567445392.4477
CHLD 5 10.800781 1567445392.4478
MEM 708.324219 1567445392.5482
CHLD 0 601.089844 1567445392.5613
CHLD 1 601.097656 1567445392.5614
CHLD 2 601.097656 1567445392.5614
CHLD 3 601.097656 1567445392.5615
CHLD 4 667.414062 1567445392.5616
CHLD 5 10.800781 1567445392.5616
MEM 708.324219 1567445392.6621
CHLD 0 601.089844 1567445392.6747
CHLD 1 601.097656 1567445392.6747
CHLD 2 601.097656 1567445392.6748
CHLD 3 601.097656 1567445392.6748
CHLD 4 667.414062 1567445392.6749
CHLD 5 10.800781 1567445392.6750
MEM 708.324219 1567445392.7754
CHLD 0 601.089844 1567445392.7906
CHLD 1 601.097656 1567445392.7906
CHLD 2 601.097656 1567445392.7907
CHLD 3 601.097656 1567445392.7908
CHLD 4 667.414062 1567445392.7908
CHLD 5 10.800781 1567445392.7909
MEM 708.324219 1567445392.8914
CHLD 0 601.089844 1567445392.9042
CHLD 1 601.097656 1567445392.9042
CHLD 2 601.097656 1567445392.9043
CHLD 3 601.097656 1567445392.9043
CHLD 4 667.414062 1567445392.9043
CHLD 5 10.800781 1567445392.9044
MEM 708.324219 1567445393.0049
CHLD 0 601.089844 1567445393.0175
CHLD 1 601.097656 1567445393.0176
CHLD 2 601.097656 1567445393.0176
CHLD 3 601.097656 1567445393.0177
CHLD 4 667.414062 1567445393.0177
CHLD 5 10.800781 1567445393.0178
MEM 708.324219 1567445393.1185
CHLD 0 601.089844 1567445393.1332
CHLD 1 601.097656 1567445393.1333
CHLD 2 601.097656 1567445393.1333
CHLD 3 601.097656 1567445393.1334
CHLD 4 667.414062 1567445393.1335
CHLD 5 10.800781 1567445393.1335
MEM 708.324219 1567445393.2339
CHLD 0 601.089844 1567445393.2501
CHLD 1 601.097656 1567445393.2502
CHLD 2 601.097656 1567445393.2503
CHLD 3 601.097656 1567445393.2503
CHLD 4 667.414062 1567445393.2504
CHLD 5 10.800781 1567445393.2504
MEM 708.324219 1567445393.3508
CHLD 0 601.089844 1567445393.3608
CHLD 1 601.097656 1567445393.3608
CHLD 2 601.097656 1567445393.3609
CHLD 3 601.097656 1567445393.3609
CHLD 4 667.414062 1567445393.3609
CHLD 5 10.800781 1567445393.3610
MEM 708.324219 1567445393.4615
CHLD 0 601.089844 1567445393.4752
CHLD 1 601.097656 1567445393.4753
CHLD 2 601.097656 1567445393.4753
CHLD 3 601.097656 1567445393.4753
CHLD 4 667.414062 1567445393.4754
CHLD 5 10.800781 1567445393.4754
MEM 708.324219 1567445393.5758
CHLD 0 601.089844 1567445393.5860
CHLD 1 601.097656 1567445393.5861
CHLD 2 601.097656 1567445393.5861
CHLD 3 601.097656 1567445393.5861
CHLD 4 668.539062 1567445393.5862
CHLD 5 10.800781 1567445393.5862
MEM 708.324219 1567445393.6867
CHLD 0 601.089844 1567445393.7011
CHLD 1 601.097656 1567445393.7012
CHLD 2 601.097656 1567445393.7012
CHLD 3 601.097656 1567445393.7012
CHLD 4 668.671875 1567445393.7013
CHLD 5 10.800781 1567445393.7013
MEM 708.324219 1567445393.8018
CHLD 0 601.089844 1567445393.8177
CHLD 1 601.097656 1567445393.8178
CHLD 2 601.097656 1567445393.8178
CHLD 3 601.097656 1567445393.8179
CHLD 4 668.671875 1567445393.8180
CHLD 5 10.800781 1567445393.8180
MEM 708.324219 1567445393.9185
CHLD 0 601.089844 1567445393.9315
CHLD 1 601.097656 1567445393.9315
CHLD 2 601.097656 1567445393.9316
CHLD 3 601.097656 1567445393.9316
CHLD 4 668.671875 1567445393.9316
CHLD 5 10.800781 1567445393.9317
MEM 708.324219 1567445394.0322
CHLD 0 601.089844 1567445394.0451
CHLD 1 601.097656 1567445394.0452
CHLD 2 601.097656 1567445394.0453
CHLD 3 601.097656 1567445394.0453
CHLD 4 668.757812 1567445394.0454
CHLD 5 10.800781 1567445394.0454
MEM 708.324219 1567445394.1458
CHLD 0 601.089844 1567445394.1591
CHLD 1 601.097656 1567445394.1592
CHLD 2 601.097656 1567445394.1593
CHLD 3 601.097656 1567445394.1593
CHLD 4 668.757812 1567445394.1594
CHLD 5 10.800781 1567445394.1594
MEM 708.324219 1567445394.2598
CHLD 0 601.089844 1567445394.2719
CHLD 1 601.097656 1567445394.2719
CHLD 2 601.097656 1567445394.2720
CHLD 3 601.097656 1567445394.2720
CHLD 4 668.757812 1567445394.2721
CHLD 5 10.800781 1567445394.2721
MEM 708.324219 1567445394.3725
CHLD 0 601.089844 1567445394.3866
CHLD 1 601.097656 1567445394.3866
CHLD 2 601.097656 1567445394.3867
CHLD 3 601.097656 1567445394.3867
CHLD 4 668.757812 1567445394.3867
CHLD 5 10.800781 1567445394.3868
MEM 708.324219 1567445394.4872
CHLD 0 601.089844 1567445394.5021
CHLD 1 601.097656 1567445394.5022
CHLD 2 601.097656 1567445394.5023
CHLD 3 601.097656 1567445394.5023
CHLD 4 669.273438 1567445394.5024
CHLD 5 10.800781 1567445394.5024
MEM 708.324219 1567445394.6029
CHLD 0 601.089844 1567445394.6182
CHLD 1 601.097656 1567445394.6182
CHLD 2 601.097656 1567445394.6183
CHLD 3 601.097656 1567445394.6184
CHLD 4 669.273438 1567445394.6184
CHLD 5 10.800781 1567445394.6184
MEM 708.324219 1567445394.7190
CHLD 0 601.089844 1567445394.7328
CHLD 1 601.097656 1567445394.7328
CHLD 2 601.097656 1567445394.7329
CHLD 3 601.097656 1567445394.7329
CHLD 4 669.273438 1567445394.7330
CHLD 5 10.800781 1567445394.7330
MEM 708.324219 1567445394.8335
CHLD 0 601.089844 1567445394.8449
CHLD 1 601.097656 1567445394.8450
CHLD 2 601.097656 1567445394.8451
CHLD 3 601.097656 1567445394.8451
CHLD 4 669.273438 1567445394.8452
CHLD 5 10.800781 1567445394.8452
MEM 708.324219 1567445394.9456
CHLD 0 601.089844 1567445394.9600
CHLD 1 601.097656 1567445394.9600
CHLD 2 601.097656 1567445394.9601
CHLD 3 601.097656 1567445394.9601
CHLD 4 669.273438 1567445394.9601
CHLD 5 10.800781 1567445394.9602
MEM 708.324219 1567445395.0607
CHLD 0 601.089844 1567445395.0753
CHLD 1 601.097656 1567445395.0753
CHLD 2 601.097656 1567445395.0754
CHLD 3 601.097656 1567445395.0755
CHLD 4 669.273438 1567445395.0755
CHLD 5 10.800781 1567445395.0756
MEM 708.324219 1567445395.1760
CHLD 0 601.089844 1567445395.1908
CHLD 1 601.097656 1567445395.1909
CHLD 2 601.097656 1567445395.1910
CHLD 3 601.097656 1567445395.1910
CHLD 4 669.273438 1567445395.1911
CHLD 5 10.800781 1567445395.1911
MEM 708.324219 1567445395.2915
CHLD 0 601.089844 1567445395.3044
CHLD 1 601.097656 1567445395.3045
CHLD 2 601.097656 1567445395.3045
CHLD 3 601.097656 1567445395.3046
CHLD 4 669.273438 1567445395.3046
CHLD 5 10.800781 1567445395.3046
MEM 708.324219 1567445395.4051
CHLD 0 601.089844 1567445395.4169
CHLD 1 601.097656 1567445395.4170
CHLD 2 601.097656 1567445395.4170
CHLD 3 601.097656 1567445395.4171
CHLD 4 669.273438 1567445395.4171
CHLD 5 10.800781 1567445395.4172
MEM 708.324219 1567445395.5177
CHLD 0 601.089844 1567445395.5318
CHLD 1 601.097656 1567445395.5319
CHLD 2 601.097656 1567445395.5319
CHLD 3 601.097656 1567445395.5319
CHLD 4 669.273438 1567445395.5320
CHLD 5 10.800781 1567445395.5320
MEM 708.324219 1567445395.6324
CHLD 0 601.089844 1567445395.6446
CHLD 1 601.097656 1567445395.6447
CHLD 2 601.097656 1567445395.6447
CHLD 3 601.097656 1567445395.6447
CHLD 4 669.273438 1567445395.6448
CHLD 5 10.800781 1567445395.6448
MEM 708.324219 1567445395.7453
CHLD 0 601.089844 1567445395.7592
CHLD 1 601.097656 1567445395.7593
CHLD 2 601.097656 1567445395.7594
CHLD 3 601.097656 1567445395.7594
CHLD 4 669.273438 1567445395.7595
CHLD 5 10.800781 1567445395.7596
MEM 708.324219 1567445395.8600
CHLD 0 601.089844 1567445395.8743
CHLD 1 601.097656 1567445395.8744
CHLD 2 601.097656 1567445395.8745
CHLD 3 601.097656 1567445395.8745
CHLD 4 669.273438 1567445395.8746
CHLD 5 10.800781 1567445395.8746
MEM 708.324219 1567445395.9751
CHLD 0 601.089844 1567445395.9888
CHLD 1 601.097656 1567445395.9888
CHLD 2 601.097656 1567445395.9889
CHLD 3 601.097656 1567445395.9890
CHLD 4 669.273438 1567445395.9890
CHLD 5 10.800781 1567445395.9891
MEM 708.324219 1567445396.0895
CHLD 0 601.089844 1567445396.1022
CHLD 1 601.097656 1567445396.1023
CHLD 2 601.097656 1567445396.1024
CHLD 3 601.097656 1567445396.1024
CHLD 4 669.273438 1567445396.1025
CHLD 5 10.800781 1567445396.1026
MEM 708.324219 1567445396.2030
CHLD 0 601.089844 1567445396.2161
CHLD 1 601.097656 1567445396.2161
CHLD 2 601.097656 1567445396.2162
CHLD 3 601.097656 1567445396.2163
CHLD 4 669.273438 1567445396.2163
CHLD 5 10.800781 1567445396.2164
MEM 708.324219 1567445396.3170
CHLD 0 601.089844 1567445396.3295
CHLD 1 601.097656 1567445396.3295
CHLD 2 601.097656 1567445396.3295
CHLD 3 601.097656 1567445396.3296
CHLD 4 669.273438 1567445396.3296
CHLD 5 10.800781 1567445396.3296
MEM 708.324219 1567445396.4301
CHLD 0 601.089844 1567445396.4443
CHLD 1 601.097656 1567445396.4444
CHLD 2 601.097656 1567445396.4444
CHLD 3 601.097656 1567445396.4445
CHLD 4 669.273438 1567445396.4445
CHLD 5 10.800781 1567445396.4446
MEM 708.324219 1567445396.5450
CHLD 0 601.089844 1567445396.5601
CHLD 1 601.097656 1567445396.5602
CHLD 2 601.097656 1567445396.5602
CHLD 3 601.097656 1567445396.5603
CHLD 4 669.273438 1567445396.5603
CHLD 5 10.800781 1567445396.5604
MEM 708.324219 1567445396.6608
CHLD 0 601.089844 1567445396.6742
CHLD 1 601.097656 1567445396.6742
CHLD 2 601.097656 1567445396.6742
CHLD 3 601.097656 1567445396.6743
CHLD 4 669.273438 1567445396.6743
CHLD 5 10.800781 1567445396.6744
MEM 708.324219 1567445396.7748
CHLD 0 601.089844 1567445396.7884
CHLD 1 601.097656 1567445396.7884
CHLD 2 601.097656 1567445396.7884
CHLD 3 601.097656 1567445396.7885
CHLD 4 669.273438 1567445396.7885
CHLD 5 10.800781 1567445396.7885
MEM 708.324219 1567445396.8890
CHLD 0 601.089844 1567445396.9025
CHLD 1 601.097656 1567445396.9026
CHLD 2 601.097656 1567445396.9026
CHLD 3 601.097656 1567445396.9027
CHLD 4 669.273438 1567445396.9028
CHLD 5 10.800781 1567445396.9028
MEM 708.324219 1567445397.0033
CHLD 0 601.089844 1567445397.0158
CHLD 1 601.097656 1567445397.0159
CHLD 2 601.097656 1567445397.0159
CHLD 3 601.097656 1567445397.0160
CHLD 4 669.273438 1567445397.0161
CHLD 5 10.800781 1567445397.0161
MEM 708.324219 1567445397.1165
CHLD 0 601.089844 1567445397.1301
CHLD 1 601.097656 1567445397.1301
CHLD 2 601.097656 1567445397.1301
CHLD 3 601.097656 1567445397.1302
CHLD 4 669.273438 1567445397.1302
CHLD 5 10.800781 1567445397.1303
MEM 708.324219 1567445397.2307
CHLD 0 601.089844 1567445397.2428
CHLD 1 601.097656 1567445397.2429
CHLD 2 601.097656 1567445397.2429
CHLD 3 601.097656 1567445397.2430
CHLD 4 669.273438 1567445397.2430
CHLD 5 10.800781 1567445397.2431
MEM 708.324219 1567445397.3435
CHLD 0 601.089844 1567445397.3587
CHLD 1 601.097656 1567445397.3588
CHLD 2 601.097656 1567445397.3589
CHLD 3 601.097656 1567445397.3589
CHLD 4 669.273438 1567445397.3590
CHLD 5 10.800781 1567445397.3590
MEM 708.324219 1567445397.4594
CHLD 0 601.089844 1567445397.4689
CHLD 1 601.097656 1567445397.4690
CHLD 2 601.097656 1567445397.4690
CHLD 3 601.097656 1567445397.4691
CHLD 4 669.273438 1567445397.4691
CHLD 5 10.800781 1567445397.4691
MEM 708.324219 1567445397.5696
CHLD 0 601.089844 1567445397.5806
CHLD 1 601.097656 1567445397.5807
CHLD 2 601.097656 1567445397.5807
CHLD 3 601.097656 1567445397.5808
CHLD 4 669.273438 1567445397.5809
CHLD 5 10.800781 1567445397.5809
MEM 708.324219 1567445397.6813
CHLD 0 601.089844 1567445397.6932
CHLD 1 601.097656 1567445397.6933
CHLD 2 601.097656 1567445397.6933
CHLD 3 601.097656 1567445397.6934
CHLD 4 669.273438 1567445397.6934
CHLD 5 10.800781 1567445397.7104
MEM 708.324219 1567445397.8118
CHLD 0 601.089844 1567445397.8364
CHLD 1 601.097656 1567445397.8365
CHLD 2 601.097656 1567445397.8365
CHLD 3 601.097656 1567445397.8366
CHLD 4 669.273438 1567445397.8366
CHLD 5 10.800781 1567445397.8367
MEM 708.324219 1567445397.9371
CHLD 0 601.089844 1567445397.9554
CHLD 1 601.097656 1567445397.9555
CHLD 2 601.097656 1567445397.9555
CHLD 3 601.097656 1567445397.9556
CHLD 4 669.273438 1567445397.9556
CHLD 5 10.800781 1567445397.9556
MEM 708.324219 1567445398.0561
CHLD 0 601.089844 1567445398.0701
CHLD 1 601.097656 1567445398.0701
CHLD 2 601.097656 1567445398.0702
CHLD 3 601.097656 1567445398.0702
CHLD 4 669.273438 1567445398.0703
CHLD 5 10.800781 1567445398.0704
MEM 708.324219 1567445398.1709
CHLD 0 601.089844 1567445398.1838
CHLD 1 601.097656 1567445398.1839
CHLD 2 601.097656 1567445398.1839
CHLD 3 601.097656 1567445398.1839
CHLD 4 669.273438 1567445398.1840
CHLD 5 10.800781 1567445398.1840
MEM 708.324219 1567445398.2844
CHLD 0 601.089844 1567445398.2977
CHLD 1 601.097656 1567445398.2978
CHLD 2 601.097656 1567445398.2978
CHLD 3 601.097656 1567445398.2978
CHLD 4 669.273438 1567445398.2979
CHLD 5 10.800781 1567445398.2979
MEM 708.324219 1567445398.3985
CHLD 0 601.089844 1567445398.4145
CHLD 1 601.097656 1567445398.4145
CHLD 2 601.097656 1567445398.4146
CHLD 3 601.097656 1567445398.4147
CHLD 4 669.273438 1567445398.4147
CHLD 5 10.800781 1567445398.4148
MEM 708.324219 1567445398.5153
CHLD 0 601.089844 1567445398.5297
CHLD 1 601.097656 1567445398.5298
CHLD 2 601.097656 1567445398.5298
CHLD 3 601.097656 1567445398.5299
CHLD 4 669.273438 1567445398.5300
CHLD 5 10.800781 1567445398.5300
MEM 708.324219 1567445398.6304
CHLD 0 601.089844 1567445398.6443
CHLD 1 601.097656 1567445398.6444
CHLD 2 601.097656 1567445398.6444
CHLD 3 601.097656 1567445398.6445
CHLD 4 669.273438 1567445398.6445
CHLD 5 10.800781 1567445398.6446
MEM 708.324219 1567445398.7450
CHLD 0 601.089844 1567445398.7569
CHLD 1 601.097656 1567445398.7569
CHLD 2 601.097656 1567445398.7569
CHLD 3 601.097656 1567445398.7570
CHLD 4 669.273438 1567445398.7570
CHLD 5 10.800781 1567445398.7570
MEM 708.324219 1567445398.8575
CHLD 0 601.089844 1567445398.8721
CHLD 1 601.097656 1567445398.8722
CHLD 2 601.097656 1567445398.8722
CHLD 3 601.097656 1567445398.8723
CHLD 4 669.273438 1567445398.8723
CHLD 5 10.800781 1567445398.8723
MEM 708.324219 1567445398.9728
CHLD 0 601.089844 1567445398.9830
CHLD 1 601.097656 1567445398.9830
CHLD 2 601.097656 1567445398.9831
CHLD 3 601.097656 1567445398.9831
CHLD 4 669.273438 1567445398.9831
CHLD 5 10.800781 1567445398.9832
MEM 708.324219 1567445399.0835
CHLD 0 601.089844 1567445399.0941
CHLD 1 601.097656 1567445399.0941
CHLD 2 601.097656 1567445399.0942
CHLD 3 601.097656 1567445399.0942
CHLD 4 669.273438 1567445399.0943
CHLD 5 10.800781 1567445399.0944
MEM 708.324219 1567445399.1948
CHLD 0 601.089844 1567445399.2045
CHLD 1 601.097656 1567445399.2045
CHLD 2 601.097656 1567445399.2046
CHLD 3 601.097656 1567445399.2046
CHLD 4 669.273438 1567445399.2046
CHLD 5 10.800781 1567445399.2047
MEM 708.324219 1567445399.3051
CHLD 0 601.089844 1567445399.3210
CHLD 1 601.097656 1567445399.3211
CHLD 2 601.097656 1567445399.3211
CHLD 3 601.097656 1567445399.3212
CHLD 4 669.273438 1567445399.3213
CHLD 5 10.800781 1567445399.3213
MEM 708.324219 1567445399.4219
CHLD 0 601.089844 1567445399.4371
CHLD 1 601.097656 1567445399.4372
CHLD 2 601.097656 1567445399.4372
CHLD 3 601.097656 1567445399.4373
CHLD 4 669.273438 1567445399.4373
CHLD 5 10.800781 1567445399.4374
MEM 708.324219 1567445399.5379
CHLD 0 601.089844 1567445399.5539
CHLD 1 601.097656 1567445399.5539
CHLD 2 601.097656 1567445399.5540
CHLD 3 601.097656 1567445399.5541
CHLD 4 669.273438 1567445399.5541
CHLD 5 10.800781 1567445399.5542
