CMDLINE /home/dn16382/anaconda3/bin/python mnist_example.py
MEM 1.843750 1567447451.3174
MEM 17.894531 1567447451.4278
MEM 35.062500 1567447451.5485
MEM 43.027344 1567447451.6572
MEM 64.910156 1567447451.7660
MEM 74.003906 1567447451.8780
MEM 82.023438 1567447451.9927
MEM 126.718750 1567447452.1073
MEM 161.960938 1567447452.2200
MEM 163.574219 1567447452.3358
MEM 166.210938 1567447452.4513
MEM 175.453125 1567447452.5621
MEM 180.808594 1567447452.6792
MEM 187.968750 1567447452.7939
MEM 200.132812 1567447452.9084
MEM 206.597656 1567447453.0231
MEM 213.707031 1567447453.1376
MEM 221.687500 1567447453.2476
MEM 232.218750 1567447453.3563
MEM 240.964844 1567447453.4652
MEM 253.546875 1567447453.5742
MEM 261.664062 1567447453.6832
MEM 265.265625 1567447453.7933
MEM 280.886719 1567447453.9019
MEM 297.386719 1567447454.0106
MEM 354.363281 1567447454.1193
MEM 319.441406 1567447454.2283
MEM 387.882812 1567447454.3377
MEM 543.601562 1567447454.4470
MEM 699.835938 1567447454.5625
MEM 678.500000 1567447454.6725
MEM 649.515625 1567447454.7820
MEM 709.800781 1567447454.8910
CHLD 0 601.207031 1567447454.9008
CHLD 1 601.218750 1567447454.9009
CHLD 2 601.207031 1567447454.9009
CHLD 3 601.207031 1567447454.9010
MEM 709.808594 1567447455.0013
CHLD 0 601.207031 1567447455.0301
CHLD 1 601.218750 1567447455.0302
CHLD 2 601.207031 1567447455.0302
CHLD 3 601.207031 1567447455.0303
CHLD 4 609.238281 1567447455.0304
CHLD 5 607.238281 1567447455.0305
CHLD 6 608.558594 1567447455.0305
CHLD 7 606.277344 1567447455.0306
CHLD 8 0.007812 1567447455.0306
CHLD 9 1.937500 1567447455.0307
CHLD 10 4.945312 1567447455.0308
CHLD 11 7.855469 1567447455.0308
MEM 709.808594 1567447455.1312
CHLD 0 601.207031 1567447455.1496
CHLD 1 601.218750 1567447455.1496
CHLD 2 601.207031 1567447455.1497
CHLD 3 601.207031 1567447455.1498
CHLD 4 614.570312 1567447455.1498
CHLD 5 611.664062 1567447455.1499
CHLD 6 614.355469 1567447455.1499
CHLD 7 612.433594 1567447455.1500
CHLD 8 9.445312 1567447455.1501
CHLD 9 9.136719 1567447455.1501
CHLD 10 10.125000 1567447455.1502
CHLD 11 10.917969 1567447455.1502
MEM 709.808594 1567447455.2506
CHLD 0 601.207031 1567447455.2777
CHLD 1 601.218750 1567447455.2777
CHLD 2 601.207031 1567447455.2778
CHLD 3 601.207031 1567447455.2778
CHLD 4 618.511719 1567447455.2779
CHLD 5 618.167969 1567447455.2779
CHLD 6 618.437500 1567447455.2780
CHLD 7 618.515625 1567447455.2780
CHLD 8 10.886719 1567447455.2781
CHLD 9 10.972656 1567447455.2781
CHLD 10 10.886719 1567447455.2782
CHLD 11 10.917969 1567447455.2783
MEM 709.808594 1567447455.3787
CHLD 0 601.207031 1567447455.4039
CHLD 1 601.218750 1567447455.4039
CHLD 2 601.207031 1567447455.4040
CHLD 3 601.207031 1567447455.4041
CHLD 4 621.550781 1567447455.4041
CHLD 5 618.765625 1567447455.4042
CHLD 6 619.898438 1567447455.4043
CHLD 7 621.691406 1567447455.4043
CHLD 8 10.886719 1567447455.4044
CHLD 9 10.972656 1567447455.4044
CHLD 10 10.886719 1567447455.4045
CHLD 11 10.917969 1567447455.4046
MEM 709.808594 1567447455.5049
CHLD 0 601.207031 1567447455.5251
CHLD 1 601.218750 1567447455.5252
CHLD 2 601.207031 1567447455.5252
CHLD 3 601.207031 1567447455.5253
CHLD 4 629.718750 1567447455.5253
CHLD 5 623.039062 1567447455.5254
CHLD 6 624.664062 1567447455.5255
CHLD 7 630.511719 1567447455.5255
CHLD 8 10.886719 1567447455.5256
CHLD 9 10.972656 1567447455.5256
CHLD 10 10.886719 1567447455.5257
CHLD 11 10.917969 1567447455.5258
MEM 709.808594 1567447455.6262
CHLD 0 601.207031 1567447455.6536
CHLD 1 601.218750 1567447455.6536
CHLD 2 601.207031 1567447455.6537
CHLD 3 601.207031 1567447455.6537
CHLD 4 635.167969 1567447455.6538
CHLD 5 633.488281 1567447455.6539
CHLD 6 635.312500 1567447455.6539
CHLD 7 635.500000 1567447455.6540
CHLD 8 10.886719 1567447455.6540
CHLD 9 10.972656 1567447455.6541
CHLD 10 10.886719 1567447455.6542
CHLD 11 10.917969 1567447455.6542
MEM 709.808594 1567447455.7546
CHLD 0 601.207031 1567447455.7816
CHLD 1 601.218750 1567447455.7816
CHLD 2 601.207031 1567447455.7817
CHLD 3 601.207031 1567447455.7818
CHLD 4 635.800781 1567447455.7818
CHLD 5 635.667969 1567447455.7819
CHLD 6 637.308594 1567447455.7819
CHLD 7 636.988281 1567447455.7820
CHLD 8 10.886719 1567447455.7821
CHLD 9 10.972656 1567447455.7821
CHLD 10 10.886719 1567447455.7822
CHLD 11 10.917969 1567447455.7822
MEM 709.808594 1567447455.8827
CHLD 0 601.207031 1567447455.8983
CHLD 1 601.218750 1567447455.8984
CHLD 2 601.207031 1567447455.8984
CHLD 3 601.207031 1567447455.8985
CHLD 4 638.113281 1567447455.8985
CHLD 5 637.882812 1567447455.8986
CHLD 6 638.722656 1567447455.8987
CHLD 7 638.628906 1567447455.8987
CHLD 8 10.886719 1567447455.8988
CHLD 9 10.972656 1567447455.8988
CHLD 10 10.886719 1567447455.8989
CHLD 11 10.917969 1567447455.8989
MEM 709.808594 1567447455.9994
CHLD 0 601.207031 1567447456.0136
CHLD 1 601.218750 1567447456.0136
CHLD 2 601.207031 1567447456.0137
CHLD 3 601.207031 1567447456.0137
CHLD 4 638.546875 1567447456.0138
CHLD 5 638.476562 1567447456.0138
CHLD 6 641.578125 1567447456.0139
CHLD 7 641.855469 1567447456.0139
CHLD 8 10.886719 1567447456.0140
CHLD 9 10.972656 1567447456.0140
CHLD 10 10.886719 1567447456.0141
CHLD 11 10.917969 1567447456.0141
MEM 709.808594 1567447456.1146
CHLD 0 601.207031 1567447456.1429
CHLD 1 601.218750 1567447456.1429
CHLD 2 601.207031 1567447456.1430
CHLD 3 601.207031 1567447456.1431
CHLD 4 642.066406 1567447456.1431
CHLD 5 641.671875 1567447456.1432
CHLD 6 642.480469 1567447456.1433
CHLD 7 642.496094 1567447456.1433
CHLD 8 10.886719 1567447456.1434
CHLD 9 10.972656 1567447456.1434
CHLD 10 10.886719 1567447456.1435
CHLD 11 10.917969 1567447456.1435
MEM 709.808594 1567447456.2440
CHLD 0 601.207031 1567447456.2599
CHLD 1 601.218750 1567447456.2599
CHLD 2 601.207031 1567447456.2600
CHLD 3 601.207031 1567447456.2601
CHLD 4 642.636719 1567447456.2601
CHLD 5 642.222656 1567447456.2602
CHLD 6 643.148438 1567447456.2602
CHLD 7 643.230469 1567447456.2603
CHLD 8 10.886719 1567447456.2604
CHLD 9 10.972656 1567447456.2604
CHLD 10 10.886719 1567447456.2605
CHLD 11 10.917969 1567447456.2605
MEM 709.808594 1567447456.3633
CHLD 0 601.207031 1567447456.4027
CHLD 1 601.218750 1567447456.4028
CHLD 2 601.207031 1567447456.4029
CHLD 3 601.207031 1567447456.4029
CHLD 4 651.167969 1567447456.4030
CHLD 5 642.785156 1567447456.4031
CHLD 6 653.144531 1567447456.4031
CHLD 7 644.054688 1567447456.4032
CHLD 8 10.886719 1567447456.4032
CHLD 9 10.972656 1567447456.4033
CHLD 10 10.886719 1567447456.4033
CHLD 11 10.917969 1567447456.4034
MEM 709.808594 1567447456.5038
CHLD 0 601.207031 1567447456.5374
CHLD 1 601.218750 1567447456.5375
CHLD 2 601.207031 1567447456.5375
CHLD 3 601.207031 1567447456.5376
CHLD 4 655.988281 1567447456.5376
CHLD 5 643.367188 1567447456.5377
CHLD 6 656.207031 1567447456.5377
CHLD 7 654.246094 1567447456.5378
CHLD 8 10.886719 1567447456.5378
CHLD 9 10.972656 1567447456.5379
CHLD 10 10.886719 1567447456.5379
CHLD 11 10.917969 1567447456.5380
MEM 709.808594 1567447456.6385
CHLD 0 601.207031 1567447456.6658
CHLD 1 601.218750 1567447456.6658
CHLD 2 601.207031 1567447456.6659
CHLD 3 601.207031 1567447456.6660
CHLD 4 657.136719 1567447456.6660
CHLD 5 654.156250 1567447456.6661
CHLD 6 656.449219 1567447456.6661
CHLD 7 663.082031 1567447456.6662
CHLD 8 10.886719 1567447456.6663
CHLD 9 10.972656 1567447456.6663
CHLD 10 10.886719 1567447456.6664
CHLD 11 10.917969 1567447456.6665
MEM 709.808594 1567447456.7686
CHLD 0 601.207031 1567447456.8840
CHLD 1 601.218750 1567447456.8841
CHLD 2 601.207031 1567447456.8841
CHLD 3 601.207031 1567447456.8842
CHLD 4 669.761719 1567447456.8842
CHLD 5 655.746094 1567447456.8843
CHLD 6 663.085938 1567447456.8844
CHLD 7 666.410156 1567447456.8844
CHLD 8 10.886719 1567447456.8845
CHLD 9 10.972656 1567447456.8845
CHLD 10 10.886719 1567447456.8846
CHLD 11 10.917969 1567447456.8846
MEM 709.808594 1567447456.9906
CHLD 0 601.207031 1567447457.0257
CHLD 1 601.218750 1567447457.0257
CHLD 2 601.207031 1567447457.0258
CHLD 3 601.207031 1567447457.0258
CHLD 4 670.324219 1567447457.0259
CHLD 5 660.984375 1567447457.0259
CHLD 6 663.343750 1567447457.0260
CHLD 7 666.410156 1567447457.0261
CHLD 8 10.886719 1567447457.0261
CHLD 9 10.972656 1567447457.0262
CHLD 10 10.886719 1567447457.0262
CHLD 11 10.917969 1567447457.0264
MEM 709.808594 1567447457.1318
CHLD 0 601.207031 1567447457.1472
CHLD 1 601.218750 1567447457.1473
CHLD 2 601.207031 1567447457.1473
CHLD 3 601.207031 1567447457.1474
CHLD 4 670.324219 1567447457.1475
CHLD 5 665.425781 1567447457.1475
CHLD 6 663.906250 1567447457.1476
CHLD 7 670.039062 1567447457.1477
CHLD 8 10.886719 1567447457.1477
CHLD 9 10.972656 1567447457.1478
CHLD 10 10.886719 1567447457.1478
CHLD 11 10.917969 1567447457.1479
MEM 709.808594 1567447457.2484
CHLD 0 601.207031 1567447457.2686
CHLD 1 601.218750 1567447457.2686
CHLD 2 601.207031 1567447457.2687
CHLD 3 601.207031 1567447457.2687
CHLD 4 670.324219 1567447457.2688
CHLD 5 665.425781 1567447457.2689
CHLD 6 663.906250 1567447457.2689
CHLD 7 697.078125 1567447457.2690
CHLD 8 10.886719 1567447457.2690
CHLD 9 10.972656 1567447457.2691
CHLD 10 10.886719 1567447457.2691
CHLD 11 10.917969 1567447457.2692
MEM 709.808594 1567447457.3701
CHLD 0 601.207031 1567447457.4044
CHLD 1 601.218750 1567447457.4045
CHLD 2 601.207031 1567447457.4046
CHLD 3 601.207031 1567447457.4046
CHLD 4 670.324219 1567447457.4047
CHLD 5 665.425781 1567447457.4048
CHLD 6 663.906250 1567447457.4048
CHLD 7 700.945312 1567447457.4049
CHLD 8 10.886719 1567447457.4049
CHLD 9 10.972656 1567447457.4050
CHLD 10 10.886719 1567447457.4051
CHLD 11 10.917969 1567447457.4051
MEM 709.808594 1567447457.5056
CHLD 0 601.207031 1567447457.5458
CHLD 1 601.218750 1567447457.5458
CHLD 2 601.207031 1567447457.5459
CHLD 3 601.207031 1567447457.5460
CHLD 4 670.324219 1567447457.5460
CHLD 5 671.925781 1567447457.5461
CHLD 6 663.906250 1567447457.5461
CHLD 7 704.085938 1567447457.5462
CHLD 8 10.886719 1567447457.5462
CHLD 9 10.972656 1567447457.5463
CHLD 10 10.886719 1567447457.5464
CHLD 11 10.917969 1567447457.5464
MEM 709.808594 1567447457.6468
CHLD 0 601.207031 1567447457.6828
CHLD 1 601.218750 1567447457.6828
CHLD 2 601.207031 1567447457.6829
CHLD 3 601.207031 1567447457.6830
CHLD 4 670.839844 1567447457.6830
CHLD 5 706.968750 1567447457.6831
CHLD 6 663.906250 1567447457.6832
CHLD 7 704.085938 1567447457.6832
CHLD 8 10.886719 1567447457.6833
CHLD 9 10.972656 1567447457.6833
CHLD 10 10.886719 1567447457.6834
CHLD 11 10.917969 1567447457.6835
MEM 709.808594 1567447457.7839
CHLD 0 601.207031 1567447457.8162
CHLD 1 601.218750 1567447457.8163
CHLD 2 601.207031 1567447457.8163
CHLD 3 601.207031 1567447457.8164
CHLD 4 671.613281 1567447457.8164
CHLD 5 719.593750 1567447457.8165
CHLD 6 663.906250 1567447457.8165
CHLD 7 704.085938 1567447457.8166
CHLD 8 10.886719 1567447457.8167
CHLD 9 10.972656 1567447457.8167
CHLD 10 10.886719 1567447457.8168
CHLD 11 10.917969 1567447457.8168
MEM 709.808594 1567447457.9173
CHLD 0 601.207031 1567447457.9406
CHLD 1 601.218750 1567447457.9407
CHLD 2 601.207031 1567447457.9408
CHLD 3 601.207031 1567447457.9408
CHLD 4 672.644531 1567447457.9409
CHLD 5 721.656250 1567447457.9409
CHLD 6 663.906250 1567447457.9410
CHLD 7 704.085938 1567447457.9411
CHLD 8 10.886719 1567447457.9411
CHLD 9 10.972656 1567447457.9412
CHLD 10 10.886719 1567447457.9413
CHLD 11 10.917969 1567447457.9413
MEM 709.808594 1567447458.0417
CHLD 0 601.207031 1567447458.0822
CHLD 1 601.218750 1567447458.0823
CHLD 2 601.207031 1567447458.0824
CHLD 3 601.207031 1567447458.0825
CHLD 4 672.644531 1567447458.0825
CHLD 5 726.296875 1567447458.0826
CHLD 6 663.906250 1567447458.0826
CHLD 7 704.601562 1567447458.0827
CHLD 8 10.886719 1567447458.0827
CHLD 9 10.972656 1567447458.0828
CHLD 10 10.886719 1567447458.0829
CHLD 11 10.917969 1567447458.0829
MEM 709.808594 1567447458.1834
CHLD 0 601.207031 1567447458.1970
CHLD 1 601.218750 1567447458.1971
CHLD 2 601.207031 1567447458.1971
CHLD 3 601.207031 1567447458.1972
CHLD 4 672.644531 1567447458.1972
CHLD 5 730.210938 1567447458.1973
CHLD 6 663.906250 1567447458.1973
CHLD 7 704.859375 1567447458.1974
CHLD 8 10.886719 1567447458.1975
CHLD 9 10.972656 1567447458.1975
CHLD 10 10.886719 1567447458.1976
CHLD 11 10.917969 1567447458.1976
MEM 709.808594 1567447458.2981
CHLD 0 601.207031 1567447458.3321
CHLD 1 601.218750 1567447458.3322
CHLD 2 601.207031 1567447458.3322
CHLD 3 601.207031 1567447458.3323
CHLD 4 672.902344 1567447458.3324
CHLD 5 730.726562 1567447458.3324
CHLD 6 663.906250 1567447458.3325
CHLD 7 704.859375 1567447458.3325
CHLD 8 10.886719 1567447458.3326
CHLD 9 10.972656 1567447458.3326
CHLD 10 10.886719 1567447458.3327
CHLD 11 10.917969 1567447458.3328
MEM 709.808594 1567447458.4332
CHLD 0 601.207031 1567447458.5024
CHLD 1 601.218750 1567447458.5025
CHLD 2 601.207031 1567447458.5026
CHLD 3 601.207031 1567447458.5026
CHLD 4 672.902344 1567447458.5027
CHLD 5 730.726562 1567447458.5028
CHLD 6 663.906250 1567447458.5028
CHLD 7 705.117188 1567447458.5029
CHLD 8 10.886719 1567447458.5029
CHLD 9 10.972656 1567447458.5030
CHLD 10 10.886719 1567447458.5030
CHLD 11 10.917969 1567447458.5031
MEM 709.808594 1567447458.6036
CHLD 0 601.207031 1567447458.6310
CHLD 1 601.218750 1567447458.6311
CHLD 2 601.207031 1567447458.6312
CHLD 3 601.207031 1567447458.6312
CHLD 4 672.902344 1567447458.6313
CHLD 5 735.367188 1567447458.6314
CHLD 6 663.906250 1567447458.6314
CHLD 7 705.117188 1567447458.6315
CHLD 8 10.886719 1567447458.6316
CHLD 9 10.972656 1567447458.6316
CHLD 10 10.886719 1567447458.6317
CHLD 11 10.917969 1567447458.6317
MEM 709.808594 1567447458.7322
CHLD 0 601.207031 1567447458.7614
CHLD 1 601.218750 1567447458.7621
CHLD 2 601.207031 1567447458.7622
CHLD 3 601.207031 1567447458.7625
CHLD 4 672.902344 1567447458.7625
CHLD 5 735.367188 1567447458.7626
CHLD 6 663.906250 1567447458.7626
CHLD 7 708.210938 1567447458.7627
CHLD 8 10.886719 1567447458.7628
CHLD 9 10.972656 1567447458.7628
CHLD 10 10.886719 1567447458.7629
CHLD 11 10.917969 1567447458.7630
MEM 709.808594 1567447458.8634
CHLD 0 601.207031 1567447458.8994
CHLD 1 601.218750 1567447458.8995
CHLD 2 601.207031 1567447458.8996
CHLD 3 601.207031 1567447458.8996
CHLD 4 672.902344 1567447458.8997
CHLD 5 735.367188 1567447458.8998
CHLD 6 663.906250 1567447458.8998
CHLD 7 708.468750 1567447458.8999
CHLD 8 10.886719 1567447458.8999
CHLD 9 10.972656 1567447458.9000
CHLD 10 10.886719 1567447458.9068
CHLD 11 10.917969 1567447458.9069
MEM 709.808594 1567447459.0073
CHLD 0 601.207031 1567447459.0568
CHLD 1 601.218750 1567447459.0569
CHLD 2 601.207031 1567447459.0569
CHLD 3 601.207031 1567447459.0570
CHLD 4 672.902344 1567447459.0570
CHLD 5 735.367188 1567447459.0571
CHLD 6 663.906250 1567447459.0572
CHLD 7 708.468750 1567447459.0572
CHLD 8 10.886719 1567447459.0573
CHLD 9 10.972656 1567447459.0574
CHLD 10 10.886719 1567447459.0574
CHLD 11 10.917969 1567447459.0575
MEM 709.808594 1567447459.1582
CHLD 0 601.207031 1567447459.2217
CHLD 1 601.218750 1567447459.2218
CHLD 2 601.207031 1567447459.2218
CHLD 3 601.207031 1567447459.2219
CHLD 4 673.417969 1567447459.2219
CHLD 5 739.492188 1567447459.2220
CHLD 6 663.906250 1567447459.2221
CHLD 7 711.046875 1567447459.2221
CHLD 8 10.886719 1567447459.2222
CHLD 9 10.972656 1567447459.2222
CHLD 10 10.886719 1567447459.2223
CHLD 11 10.917969 1567447459.2224
MEM 709.808594 1567447459.3266
CHLD 0 601.207031 1567447459.4584
CHLD 1 601.218750 1567447459.4585
CHLD 2 601.207031 1567447459.4586
CHLD 3 601.207031 1567447459.4586
CHLD 4 673.417969 1567447459.4587
CHLD 5 739.492188 1567447459.4588
CHLD 6 663.906250 1567447459.4588
CHLD 7 711.046875 1567447459.4589
CHLD 8 10.886719 1567447459.4589
CHLD 9 10.972656 1567447459.4590
CHLD 10 10.886719 1567447459.4591
CHLD 11 10.917969 1567447459.4591
MEM 709.808594 1567447459.5604
CHLD 0 601.207031 1567447459.5932
CHLD 1 601.218750 1567447459.5933
CHLD 2 601.207031 1567447459.6001
CHLD 3 601.207031 1567447459.6002
CHLD 4 673.417969 1567447459.6003
CHLD 5 739.492188 1567447459.6003
CHLD 6 663.906250 1567447459.6004
CHLD 7 711.046875 1567447459.6005
CHLD 8 10.886719 1567447459.6005
CHLD 9 10.972656 1567447459.6006
CHLD 10 10.886719 1567447459.6006
CHLD 11 10.917969 1567447459.6066
MEM 709.808594 1567447459.7071
CHLD 0 601.207031 1567447459.7451
CHLD 1 601.218750 1567447459.7452
CHLD 2 601.207031 1567447459.7452
CHLD 3 601.207031 1567447459.7453
CHLD 4 673.417969 1567447459.7453
CHLD 5 739.492188 1567447459.7454
CHLD 6 663.906250 1567447459.7455
CHLD 7 711.304688 1567447459.7455
CHLD 8 10.886719 1567447459.7456
CHLD 9 10.972656 1567447459.7456
CHLD 10 10.886719 1567447459.7457
CHLD 11 10.917969 1567447459.7458
MEM 709.808594 1567447459.8466
CHLD 0 601.207031 1567447459.8690
CHLD 1 601.218750 1567447459.8691
CHLD 2 601.207031 1567447459.8692
CHLD 3 601.207031 1567447459.8692
CHLD 4 673.417969 1567447459.8693
CHLD 5 739.492188 1567447459.8693
CHLD 6 663.906250 1567447459.8694
CHLD 7 711.304688 1567447459.8695
CHLD 8 10.886719 1567447459.8695
CHLD 9 10.972656 1567447459.8696
CHLD 10 10.886719 1567447459.8696
CHLD 11 10.917969 1567447459.8697
MEM 709.808594 1567447459.9702
CHLD 0 601.207031 1567447459.9882
CHLD 1 601.218750 1567447459.9884
CHLD 2 601.207031 1567447459.9884
CHLD 3 601.207031 1567447459.9885
CHLD 4 673.933594 1567447459.9886
CHLD 5 739.492188 1567447459.9886
CHLD 6 663.906250 1567447459.9887
CHLD 7 713.625000 1567447459.9887
CHLD 8 10.886719 1567447459.9888
CHLD 9 10.972656 1567447459.9890
CHLD 10 10.886719 1567447459.9891
CHLD 11 10.917969 1567447459.9891
MEM 709.808594 1567447460.0896
CHLD 0 601.207031 1567447460.1607
CHLD 1 601.218750 1567447460.1607
CHLD 2 601.207031 1567447460.1608
CHLD 3 601.207031 1567447460.1609
CHLD 4 673.933594 1567447460.1609
CHLD 5 733.433594 1567447460.1610
CHLD 6 663.906250 1567447460.1610
CHLD 7 713.625000 1567447460.1611
CHLD 8 10.886719 1567447460.1612
CHLD 9 10.972656 1567447460.1671
CHLD 10 10.886719 1567447460.1673
CHLD 11 10.917969 1567447460.1720
MEM 709.808594 1567447460.2725
CHLD 0 601.207031 1567447460.2879
CHLD 1 601.218750 1567447460.2880
CHLD 2 601.207031 1567447460.2880
CHLD 3 601.207031 1567447460.2881
CHLD 4 673.933594 1567447460.2882
CHLD 5 733.433594 1567447460.2882
CHLD 6 664.164062 1567447460.2883
CHLD 7 713.625000 1567447460.2901
CHLD 8 10.886719 1567447460.2901
CHLD 9 10.972656 1567447460.2902
CHLD 10 10.886719 1567447460.2903
CHLD 11 10.917969 1567447460.2903
MEM 709.808594 1567447460.3908
CHLD 0 601.207031 1567447460.4079
CHLD 1 601.218750 1567447460.4080
CHLD 2 601.207031 1567447460.4080
CHLD 3 601.207031 1567447460.4081
CHLD 4 673.933594 1567447460.4081
CHLD 5 733.433594 1567447460.4082
CHLD 6 664.164062 1567447460.4082
CHLD 7 713.625000 1567447460.4083
CHLD 8 10.886719 1567447460.4084
CHLD 9 10.972656 1567447460.4084
CHLD 10 10.886719 1567447460.4085
CHLD 11 10.917969 1567447460.4085
MEM 709.808594 1567447460.5089
CHLD 0 601.207031 1567447460.5513
CHLD 1 601.218750 1567447460.5514
CHLD 2 601.207031 1567447460.5514
CHLD 3 601.207031 1567447460.5515
CHLD 4 673.933594 1567447460.5515
CHLD 5 733.433594 1567447460.5516
CHLD 6 664.164062 1567447460.5516
CHLD 7 713.625000 1567447460.5517
CHLD 8 10.886719 1567447460.5581
CHLD 9 10.972656 1567447460.5583
CHLD 10 10.886719 1567447460.5583
CHLD 11 10.917969 1567447460.5584
MEM 709.808594 1567447460.6588
CHLD 0 601.207031 1567447460.7050
CHLD 1 601.218750 1567447460.7051
CHLD 2 601.207031 1567447460.7052
CHLD 3 601.207031 1567447460.7053
CHLD 4 673.933594 1567447460.7053
CHLD 5 733.433594 1567447460.7054
CHLD 6 664.164062 1567447460.7054
CHLD 7 713.625000 1567447460.7055
CHLD 8 10.886719 1567447460.7055
CHLD 9 10.972656 1567447460.7056
CHLD 10 10.886719 1567447460.7056
CHLD 11 10.917969 1567447460.7057
MEM 709.808594 1567447460.8073
CHLD 0 601.207031 1567447460.8539
CHLD 1 601.218750 1567447460.8540
CHLD 2 601.207031 1567447460.8541
CHLD 3 601.207031 1567447460.8541
CHLD 4 673.933594 1567447460.8542
CHLD 5 734.722656 1567447460.8543
CHLD 6 664.164062 1567447460.8543
CHLD 7 714.140625 1567447460.8544
CHLD 8 10.886719 1567447460.8545
CHLD 9 10.972656 1567447460.8545
CHLD 10 10.886719 1567447460.8546
CHLD 11 10.917969 1567447460.8546
MEM 709.808594 1567447460.9550
CHLD 0 601.207031 1567447460.9864
CHLD 1 601.218750 1567447460.9865
CHLD 2 601.207031 1567447460.9866
CHLD 3 601.207031 1567447460.9866
CHLD 4 673.933594 1567447460.9867
CHLD 5 725.316406 1567447460.9868
CHLD 6 664.164062 1567447460.9868
CHLD 7 714.140625 1567447460.9869
CHLD 8 10.886719 1567447460.9869
CHLD 9 10.972656 1567447460.9870
CHLD 10 10.886719 1567447460.9870
CHLD 11 10.917969 1567447460.9871
MEM 709.808594 1567447461.0878
CHLD 0 601.207031 1567447461.1202
CHLD 1 601.218750 1567447461.1202
CHLD 2 601.207031 1567447461.1203
CHLD 3 601.207031 1567447461.1203
CHLD 4 673.933594 1567447461.1204
CHLD 5 733.308594 1567447461.1204
CHLD 6 664.164062 1567447461.1205
CHLD 7 714.140625 1567447461.1206
CHLD 8 10.886719 1567447461.1206
CHLD 9 10.972656 1567447461.1207
CHLD 10 10.886719 1567447461.1207
CHLD 11 10.917969 1567447461.1208
MEM 709.808594 1567447461.2212
CHLD 0 601.207031 1567447461.2574
CHLD 1 601.218750 1567447461.2574
CHLD 2 601.207031 1567447461.2575
CHLD 3 601.207031 1567447461.2576
CHLD 4 673.933594 1567447461.2576
CHLD 5 733.308594 1567447461.2577
CHLD 6 664.164062 1567447461.2577
CHLD 7 714.140625 1567447461.2578
CHLD 8 10.886719 1567447461.2579
CHLD 9 10.972656 1567447461.2579
CHLD 10 10.886719 1567447461.2580
CHLD 11 10.917969 1567447461.2580
MEM 709.808594 1567447461.3585
CHLD 0 601.207031 1567447461.3750
CHLD 1 601.218750 1567447461.3751
CHLD 2 601.207031 1567447461.3752
CHLD 3 601.207031 1567447461.3752
CHLD 4 673.933594 1567447461.3753
CHLD 5 734.597656 1567447461.3753
CHLD 6 664.164062 1567447461.3754
CHLD 7 714.140625 1567447461.3754
CHLD 8 10.886719 1567447461.3755
CHLD 9 10.972656 1567447461.3756
CHLD 10 10.886719 1567447461.3756
CHLD 11 10.917969 1567447461.3757
MEM 709.808594 1567447461.4761
CHLD 0 601.207031 1567447461.5237
CHLD 1 601.218750 1567447461.5238
CHLD 2 601.207031 1567447461.5239
CHLD 3 601.207031 1567447461.5239
CHLD 4 673.933594 1567447461.5240
CHLD 5 738.203125 1567447461.5240
CHLD 6 664.164062 1567447461.5241
CHLD 7 714.140625 1567447461.5241
CHLD 8 10.886719 1567447461.5242
CHLD 9 10.972656 1567447461.5243
CHLD 10 10.886719 1567447461.5243
CHLD 11 10.917969 1567447461.5244
MEM 709.808594 1567447461.6266
CHLD 0 601.207031 1567447461.6935
CHLD 1 601.218750 1567447461.6936
CHLD 2 601.207031 1567447461.6936
CHLD 3 601.207031 1567447461.6937
CHLD 4 673.933594 1567447461.6937
CHLD 5 738.203125 1567447461.6938
CHLD 6 664.421875 1567447461.6939
CHLD 7 714.140625 1567447461.6939
CHLD 8 10.886719 1567447461.6940
CHLD 9 10.972656 1567447461.6941
CHLD 10 10.886719 1567447461.6941
CHLD 11 10.917969 1567447461.6942
MEM 709.808594 1567447461.7954
CHLD 0 601.207031 1567447461.8332
CHLD 1 601.218750 1567447461.8332
CHLD 2 601.207031 1567447461.8333
CHLD 3 601.207031 1567447461.8333
CHLD 4 674.191406 1567447461.8334
CHLD 5 738.718750 1567447461.8335
CHLD 6 664.421875 1567447461.8335
CHLD 7 714.140625 1567447461.8336
CHLD 8 10.886719 1567447461.8337
CHLD 9 10.972656 1567447461.8337
CHLD 10 10.886719 1567447461.8338
CHLD 11 10.917969 1567447461.8338
MEM 709.808594 1567447461.9346
CHLD 0 601.207031 1567447461.9699
CHLD 1 601.218750 1567447461.9700
CHLD 2 601.207031 1567447461.9701
CHLD 3 601.207031 1567447461.9701
CHLD 4 674.191406 1567447461.9702
CHLD 5 745.421875 1567447461.9702
CHLD 6 664.421875 1567447461.9784
CHLD 7 714.140625 1567447461.9789
CHLD 8 10.886719 1567447461.9790
CHLD 9 10.972656 1567447461.9790
CHLD 10 10.886719 1567447461.9791
CHLD 11 10.917969 1567447461.9791
MEM 709.808594 1567447462.0804
CHLD 0 601.207031 1567447462.1017
CHLD 1 601.218750 1567447462.1018
CHLD 2 601.207031 1567447462.1018
CHLD 3 601.207031 1567447462.1019
CHLD 4 674.449219 1567447462.1019
CHLD 5 731.609375 1567447462.1020
CHLD 6 664.421875 1567447462.1021
CHLD 7 714.140625 1567447462.1021
CHLD 8 10.886719 1567447462.1022
CHLD 9 10.972656 1567447462.1184
CHLD 10 10.886719 1567447462.1186
CHLD 11 10.917969 1567447462.1312
MEM 709.808594 1567447462.2317
CHLD 0 601.207031 1567447462.2762
CHLD 1 601.218750 1567447462.2763
CHLD 2 601.207031 1567447462.2763
CHLD 3 601.207031 1567447462.2764
CHLD 4 674.449219 1567447462.2765
CHLD 5 735.992188 1567447462.2765
CHLD 6 664.421875 1567447462.2766
CHLD 7 714.140625 1567447462.2766
CHLD 8 10.886719 1567447462.2767
CHLD 9 10.972656 1567447462.2767
CHLD 10 10.886719 1567447462.2768
CHLD 11 10.917969 1567447462.2768
MEM 709.808594 1567447462.3772
CHLD 0 601.207031 1567447462.4164
CHLD 1 601.218750 1567447462.4164
CHLD 2 601.207031 1567447462.4165
CHLD 3 601.207031 1567447462.4166
CHLD 4 674.449219 1567447462.4166
CHLD 5 735.992188 1567447462.4168
CHLD 6 664.421875 1567447462.4168
CHLD 7 714.140625 1567447462.4169
CHLD 8 10.886719 1567447462.4169
CHLD 9 10.972656 1567447462.4170
CHLD 10 10.886719 1567447462.4171
CHLD 11 10.917969 1567447462.4171
MEM 709.808594 1567447462.5175
CHLD 0 601.207031 1567447462.5457
CHLD 1 601.218750 1567447462.5457
CHLD 2 601.207031 1567447462.5529
CHLD 3 601.207031 1567447462.5530
CHLD 4 674.449219 1567447462.5531
CHLD 5 739.859375 1567447462.5531
CHLD 6 664.421875 1567447462.5532
CHLD 7 716.460938 1567447462.5533
CHLD 8 10.886719 1567447462.5533
CHLD 9 10.972656 1567447462.5534
CHLD 10 10.886719 1567447462.5534
CHLD 11 10.917969 1567447462.5535
MEM 709.808594 1567447462.6546
CHLD 0 601.207031 1567447462.7136
CHLD 1 601.218750 1567447462.7137
CHLD 2 601.207031 1567447462.7138
CHLD 3 601.207031 1567447462.7138
CHLD 4 674.707031 1567447462.7139
CHLD 5 740.117188 1567447462.7139
CHLD 6 664.421875 1567447462.7164
CHLD 7 716.460938 1567447462.7166
CHLD 8 10.886719 1567447462.7166
CHLD 9 10.972656 1567447462.7167
CHLD 10 10.886719 1567447462.7168
CHLD 11 10.917969 1567447462.7168
MEM 709.808594 1567447462.8184
CHLD 0 601.207031 1567447462.8443
CHLD 1 601.218750 1567447462.8444
CHLD 2 601.207031 1567447462.8444
CHLD 3 601.207031 1567447462.8445
CHLD 4 674.707031 1567447462.8446
CHLD 5 740.117188 1567447462.8446
CHLD 6 664.421875 1567447462.8566
CHLD 7 716.460938 1567447462.8567
CHLD 8 10.886719 1567447462.8568
CHLD 9 10.972656 1567447462.8569
CHLD 10 10.886719 1567447462.8569
CHLD 11 10.917969 1567447462.8570
MEM 709.808594 1567447462.9574
CHLD 0 601.207031 1567447463.0009
CHLD 1 601.218750 1567447463.0009
CHLD 2 601.207031 1567447463.0010
CHLD 3 601.207031 1567447463.0011
CHLD 4 674.707031 1567447463.0011
CHLD 5 740.117188 1567447463.0012
CHLD 6 664.421875 1567447463.0013
CHLD 7 716.460938 1567447463.0013
CHLD 8 10.886719 1567447463.0014
CHLD 9 10.972656 1567447463.0015
CHLD 10 10.886719 1567447463.0015
CHLD 11 10.917969 1567447463.0016
MEM 709.808594 1567447463.1020
CHLD 0 601.207031 1567447463.1620
CHLD 1 601.218750 1567447463.1621
CHLD 2 601.207031 1567447463.1621
CHLD 3 601.207031 1567447463.1622
CHLD 4 674.707031 1567447463.1623
CHLD 5 728.324219 1567447463.1624
CHLD 6 664.421875 1567447463.1624
CHLD 7 716.460938 1567447463.1625
CHLD 8 10.886719 1567447463.1626
CHLD 9 10.972656 1567447463.1659
CHLD 10 10.886719 1567447463.1660
CHLD 11 10.917969 1567447463.1660
MEM 709.808594 1567447463.2666
CHLD 0 601.207031 1567447463.2877
CHLD 1 601.218750 1567447463.2878
CHLD 2 601.207031 1567447463.2878
CHLD 3 601.207031 1567447463.2879
CHLD 4 674.707031 1567447463.2879
CHLD 5 728.324219 1567447463.2880
CHLD 6 664.421875 1567447463.2880
CHLD 7 716.460938 1567447463.2880
CHLD 8 10.886719 1567447463.2881
CHLD 9 10.972656 1567447463.2881
CHLD 10 10.886719 1567447463.2881
CHLD 11 10.917969 1567447463.2882
MEM 709.808594 1567447463.3886
CHLD 0 601.207031 1567447463.4366
CHLD 1 601.218750 1567447463.4366
CHLD 2 601.207031 1567447463.4367
CHLD 3 601.207031 1567447463.4368
CHLD 4 674.707031 1567447463.4368
CHLD 5 729.097656 1567447463.4369
CHLD 6 664.421875 1567447463.4369
CHLD 7 716.460938 1567447463.4370
CHLD 8 10.886719 1567447463.4371
CHLD 9 10.972656 1567447463.4371
CHLD 10 10.886719 1567447463.4372
CHLD 11 10.917969 1567447463.4372
MEM 709.808594 1567447463.5381
CHLD 0 601.207031 1567447463.5750
CHLD 1 601.218750 1567447463.5751
CHLD 2 601.207031 1567447463.5752
CHLD 3 601.207031 1567447463.5752
CHLD 4 674.707031 1567447463.5753
CHLD 5 731.160156 1567447463.5753
CHLD 6 664.421875 1567447463.5754
CHLD 7 716.460938 1567447463.5754
CHLD 8 10.886719 1567447463.5755
CHLD 9 10.972656 1567447463.5756
CHLD 10 10.886719 1567447463.5756
CHLD 11 10.917969 1567447463.5757
MEM 709.808594 1567447463.6761
CHLD 0 601.207031 1567447463.6949
CHLD 1 601.218750 1567447463.6949
CHLD 2 601.207031 1567447463.6950
CHLD 3 601.207031 1567447463.6951
CHLD 4 674.707031 1567447463.6951
CHLD 5 736.828125 1567447463.6952
CHLD 6 664.421875 1567447463.6952
CHLD 7 716.460938 1567447463.6953
CHLD 8 10.886719 1567447463.6954
CHLD 9 10.972656 1567447463.6954
CHLD 10 10.886719 1567447463.6955
CHLD 11 10.917969 1567447463.6955
MEM 709.808594 1567447463.7960
CHLD 0 601.207031 1567447463.8308
CHLD 1 601.218750 1567447463.8308
CHLD 2 601.207031 1567447463.8309
CHLD 3 601.207031 1567447463.8310
CHLD 4 674.707031 1567447463.8310
CHLD 5 736.828125 1567447463.8311
CHLD 6 664.421875 1567447463.8312
CHLD 7 716.460938 1567447463.8312
CHLD 8 10.886719 1567447463.8313
CHLD 9 10.972656 1567447463.8313
CHLD 10 10.886719 1567447463.8314
CHLD 11 10.917969 1567447463.8315
MEM 709.808594 1567447463.9323
CHLD 0 601.207031 1567447463.9529
CHLD 1 601.218750 1567447463.9529
CHLD 2 601.207031 1567447463.9530
CHLD 3 601.207031 1567447463.9530
CHLD 4 675.222656 1567447463.9531
CHLD 5 737.085938 1567447463.9532
CHLD 6 664.421875 1567447463.9532
CHLD 7 716.460938 1567447463.9533
CHLD 8 10.886719 1567447463.9533
CHLD 9 10.972656 1567447463.9534
CHLD 10 10.886719 1567447463.9534
CHLD 11 10.917969 1567447463.9535
MEM 709.808594 1567447464.0539
CHLD 0 601.207031 1567447464.1235
CHLD 1 601.218750 1567447464.1236
CHLD 2 601.207031 1567447464.1236
CHLD 3 601.207031 1567447464.1237
CHLD 4 675.996094 1567447464.1238
CHLD 5 744.304688 1567447464.1238
CHLD 6 664.421875 1567447464.1239
CHLD 7 716.460938 1567447464.1239
CHLD 8 10.886719 1567447464.1240
CHLD 9 10.972656 1567447464.1241
CHLD 10 10.886719 1567447464.1241
CHLD 11 10.917969 1567447464.1242
MEM 709.808594 1567447464.2246
CHLD 0 601.207031 1567447464.2903
CHLD 1 601.218750 1567447464.2904
CHLD 2 601.207031 1567447464.2905
CHLD 3 601.207031 1567447464.2905
CHLD 4 675.996094 1567447464.2906
CHLD 5 744.820312 1567447464.2907
CHLD 6 664.421875 1567447464.2907
CHLD 7 716.460938 1567447464.2908
CHLD 8 10.886719 1567447464.2909
CHLD 9 10.972656 1567447464.2909
CHLD 10 10.886719 1567447464.2910
CHLD 11 10.917969 1567447464.2959
MEM 709.808594 1567447464.3981
CHLD 0 601.207031 1567447464.4301
CHLD 1 601.218750 1567447464.4301
CHLD 2 601.207031 1567447464.4302
CHLD 3 601.207031 1567447464.4306
CHLD 4 675.996094 1567447464.4307
CHLD 5 729.078125 1567447464.4308
CHLD 6 664.421875 1567447464.4308
CHLD 7 716.460938 1567447464.4309
CHLD 8 10.886719 1567447464.4310
CHLD 9 10.972656 1567447464.4310
CHLD 10 10.886719 1567447464.4311
CHLD 11 10.917969 1567447464.4311
MEM 709.808594 1567447464.5316
CHLD 0 601.207031 1567447464.5647
CHLD 1 601.218750 1567447464.5648
CHLD 2 601.207031 1567447464.5649
CHLD 3 601.207031 1567447464.5649
CHLD 4 675.996094 1567447464.5650
CHLD 5 737.070312 1567447464.5650
CHLD 6 664.421875 1567447464.5651
CHLD 7 716.460938 1567447464.5651
CHLD 8 10.886719 1567447464.5652
CHLD 9 10.972656 1567447464.5653
CHLD 10 10.886719 1567447464.5653
CHLD 11 10.917969 1567447464.5654
MEM 709.808594 1567447464.6660
CHLD 0 601.207031 1567447464.6953
CHLD 1 601.218750 1567447464.6954
CHLD 2 601.207031 1567447464.6954
CHLD 3 601.207031 1567447464.6955
CHLD 4 675.996094 1567447464.6955
CHLD 5 737.070312 1567447464.6956
CHLD 6 664.421875 1567447464.6957
CHLD 7 716.460938 1567447464.6957
CHLD 8 10.886719 1567447464.6958
CHLD 9 10.972656 1567447464.6959
CHLD 10 10.886719 1567447464.6959
CHLD 11 10.917969 1567447464.6960
MEM 709.808594 1567447464.7964
CHLD 0 601.207031 1567447464.8293
CHLD 1 601.218750 1567447464.8299
CHLD 2 601.207031 1567447464.8299
CHLD 3 601.207031 1567447464.8300
CHLD 4 675.996094 1567447464.8391
CHLD 5 725.539062 1567447464.8392
CHLD 6 664.421875 1567447464.8393
CHLD 7 716.460938 1567447464.8394
CHLD 8 10.886719 1567447464.8394
CHLD 9 10.972656 1567447464.8395
CHLD 10 10.886719 1567447464.8395
CHLD 11 10.917969 1567447464.8396
MEM 709.808594 1567447464.9400
CHLD 0 601.207031 1567447464.9576
CHLD 1 601.218750 1567447464.9576
CHLD 2 601.207031 1567447464.9577
CHLD 3 601.207031 1567447464.9578
CHLD 4 675.996094 1567447464.9578
CHLD 5 728.890625 1567447464.9579
CHLD 6 664.421875 1567447464.9580
CHLD 7 716.460938 1567447464.9580
CHLD 8 10.886719 1567447464.9581
CHLD 9 10.972656 1567447464.9581
CHLD 10 10.886719 1567447464.9582
CHLD 11 10.917969 1567447464.9582
MEM 709.808594 1567447465.0587
CHLD 0 601.207031 1567447465.1049
CHLD 1 601.218750 1567447465.1049
CHLD 2 601.207031 1567447465.1050
CHLD 3 601.207031 1567447465.1051
CHLD 4 675.996094 1567447465.1051
CHLD 5 728.890625 1567447465.1052
CHLD 6 664.421875 1567447465.1052
CHLD 7 716.460938 1567447465.1053
CHLD 8 10.886719 1567447465.1054
CHLD 9 10.972656 1567447465.1054
CHLD 10 10.886719 1567447465.1055
CHLD 11 10.917969 1567447465.1055
MEM 709.808594 1567447465.2059
CHLD 0 601.207031 1567447465.2490
CHLD 1 601.218750 1567447465.2491
CHLD 2 601.207031 1567447465.2491
CHLD 3 601.207031 1567447465.2492
CHLD 4 675.996094 1567447465.2492
CHLD 5 729.921875 1567447465.2493
CHLD 6 664.421875 1567447465.2493
CHLD 7 716.460938 1567447465.2494
CHLD 8 10.886719 1567447465.2494
CHLD 9 10.972656 1567447465.2495
CHLD 10 10.886719 1567447465.2496
CHLD 11 10.917969 1567447465.2496
MEM 709.808594 1567447465.3501
CHLD 0 601.207031 1567447465.4209
CHLD 1 601.218750 1567447465.4210
CHLD 2 601.207031 1567447465.4210
CHLD 3 601.207031 1567447465.4211
CHLD 4 675.996094 1567447465.4211
CHLD 5 729.921875 1567447465.4212
CHLD 6 664.421875 1567447465.4212
CHLD 7 716.460938 1567447465.4213
CHLD 8 10.886719 1567447465.4213
CHLD 9 10.972656 1567447465.4214
CHLD 10 10.886719 1567447465.4214
CHLD 11 10.917969 1567447465.4215
MEM 709.808594 1567447465.5219
CHLD 0 601.207031 1567447465.5662
CHLD 1 601.218750 1567447465.5663
CHLD 2 601.207031 1567447465.5663
CHLD 3 601.207031 1567447465.5664
CHLD 4 675.996094 1567447465.5664
CHLD 5 729.921875 1567447465.5665
CHLD 6 664.421875 1567447465.5665
CHLD 7 716.460938 1567447465.5666
CHLD 8 10.886719 1567447465.5667
CHLD 9 10.972656 1567447465.5667
CHLD 10 10.886719 1567447465.5668
CHLD 11 10.917969 1567447465.5669
MEM 709.808594 1567447465.6673
CHLD 0 601.207031 1567447465.6969
CHLD 1 601.218750 1567447465.6969
CHLD 2 601.207031 1567447465.6970
CHLD 3 601.207031 1567447465.6971
CHLD 4 675.996094 1567447465.6971
CHLD 5 729.921875 1567447465.7009
CHLD 6 664.421875 1567447465.7011
CHLD 7 716.460938 1567447465.7012
CHLD 8 10.886719 1567447465.7013
CHLD 9 10.972656 1567447465.7013
CHLD 10 10.886719 1567447465.7014
CHLD 11 10.917969 1567447465.7014
MEM 709.808594 1567447465.8019
CHLD 0 601.207031 1567447465.8340
CHLD 1 601.218750 1567447465.8341
CHLD 2 601.207031 1567447465.8341
CHLD 3 601.207031 1567447465.8342
CHLD 4 675.996094 1567447465.8342
CHLD 5 729.921875 1567447465.8343
CHLD 6 664.421875 1567447465.8344
CHLD 7 716.460938 1567447465.8344
CHLD 8 10.886719 1567447465.8345
CHLD 9 10.972656 1567447465.8345
CHLD 10 10.886719 1567447465.8346
CHLD 11 10.917969 1567447465.8476
MEM 709.808594 1567447465.9481
CHLD 0 601.207031 1567447465.9669
CHLD 1 601.218750 1567447465.9670
CHLD 2 601.207031 1567447465.9670
CHLD 3 601.207031 1567447465.9670
CHLD 4 675.996094 1567447465.9671
CHLD 5 729.921875 1567447465.9671
CHLD 6 664.421875 1567447465.9671
CHLD 7 716.460938 1567447465.9672
CHLD 8 10.886719 1567447465.9672
CHLD 9 10.972656 1567447465.9672
CHLD 10 10.886719 1567447465.9673
CHLD 11 10.917969 1567447465.9673
MEM 709.808594 1567447466.0677
CHLD 0 601.207031 1567447466.1061
CHLD 1 601.218750 1567447466.1062
CHLD 2 601.207031 1567447466.1063
CHLD 3 601.207031 1567447466.1063
CHLD 4 675.996094 1567447466.1064
CHLD 5 729.921875 1567447466.1065
CHLD 6 664.421875 1567447466.1065
CHLD 7 716.460938 1567447466.1066
CHLD 8 10.886719 1567447466.1066
CHLD 9 10.972656 1567447466.1067
CHLD 10 10.886719 1567447466.1068
CHLD 11 10.917969 1567447466.1068
MEM 709.808594 1567447466.2095
CHLD 0 601.207031 1567447466.2770
CHLD 1 601.218750 1567447466.2771
CHLD 2 601.207031 1567447466.2772
CHLD 3 601.207031 1567447466.2772
CHLD 4 675.996094 1567447466.2773
CHLD 5 730.953125 1567447466.2774
CHLD 6 664.421875 1567447466.2774
CHLD 7 716.460938 1567447466.2775
CHLD 8 10.886719 1567447466.2775
CHLD 9 10.972656 1567447466.2776
CHLD 10 10.886719 1567447466.2776
CHLD 11 10.917969 1567447466.2777
MEM 709.808594 1567447466.3807
CHLD 0 601.207031 1567447466.4424
CHLD 1 601.218750 1567447466.4425
CHLD 2 601.207031 1567447466.4436
CHLD 3 601.207031 1567447466.4439
CHLD 4 675.996094 1567447466.4440
CHLD 5 738.683594 1567447466.4440
CHLD 6 664.421875 1567447466.4441
CHLD 7 716.460938 1567447466.4442
CHLD 8 10.886719 1567447466.4442
CHLD 9 10.972656 1567447466.4443
CHLD 10 10.886719 1567447466.4444
CHLD 11 10.917969 1567447466.4444
MEM 709.808594 1567447466.5451
CHLD 0 601.207031 1567447466.5733
CHLD 1 601.218750 1567447466.5733
CHLD 2 601.207031 1567447466.5734
CHLD 3 601.207031 1567447466.5735
CHLD 4 675.996094 1567447466.5735
CHLD 5 724.765625 1567447466.5736
CHLD 6 664.421875 1567447466.5736
CHLD 7 716.460938 1567447466.5737
CHLD 8 10.886719 1567447466.5737
CHLD 9 10.972656 1567447466.5738
CHLD 10 10.886719 1567447466.5739
CHLD 11 10.917969 1567447466.5739
MEM 709.808594 1567447466.6743
CHLD 0 601.207031 1567447466.7048
CHLD 1 601.218750 1567447466.7049
CHLD 2 601.207031 1567447466.7049
CHLD 3 601.207031 1567447466.7050
CHLD 4 675.996094 1567447466.7050
CHLD 5 730.437500 1567447466.7051
CHLD 6 664.421875 1567447466.7052
CHLD 7 716.460938 1567447466.7052
CHLD 8 10.886719 1567447466.7053
CHLD 9 10.972656 1567447466.7053
CHLD 10 10.886719 1567447466.7054
CHLD 11 10.917969 1567447466.7054
MEM 709.808594 1567447466.8059
CHLD 0 601.207031 1567447466.8317
CHLD 1 601.218750 1567447466.8317
CHLD 2 601.207031 1567447466.8318
CHLD 3 601.207031 1567447466.8319
CHLD 4 675.996094 1567447466.8319
CHLD 5 730.437500 1567447466.8333
CHLD 6 664.421875 1567447466.8334
CHLD 7 716.460938 1567447466.8334
CHLD 8 10.886719 1567447466.8335
CHLD 9 10.972656 1567447466.8335
CHLD 10 10.886719 1567447466.8336
CHLD 11 10.917969 1567447466.8336
MEM 709.808594 1567447466.9341
CHLD 0 601.207031 1567447466.9732
CHLD 1 601.218750 1567447466.9733
CHLD 2 601.207031 1567447466.9733
CHLD 3 601.207031 1567447466.9734
CHLD 4 675.996094 1567447466.9734
CHLD 5 730.437500 1567447466.9735
CHLD 6 664.421875 1567447466.9735
CHLD 7 716.460938 1567447466.9736
CHLD 8 10.886719 1567447466.9736
CHLD 9 10.972656 1567447466.9737
CHLD 10 10.886719 1567447466.9737
CHLD 11 10.917969 1567447466.9738
MEM 709.808594 1567447467.0742
CHLD 0 601.207031 1567447467.1000
CHLD 1 601.218750 1567447467.1000
CHLD 2 601.207031 1567447467.1001
CHLD 3 601.207031 1567447467.1001
CHLD 4 675.996094 1567447467.1002
CHLD 5 730.437500 1567447467.1002
CHLD 6 665.843750 1567447467.1003
CHLD 7 716.460938 1567447467.1004
CHLD 8 10.886719 1567447467.1004
CHLD 9 10.972656 1567447467.1005
CHLD 10 10.886719 1567447467.1005
CHLD 11 10.917969 1567447467.1006
MEM 709.808594 1567447467.2017
CHLD 0 601.207031 1567447467.2436
CHLD 1 601.218750 1567447467.2436
CHLD 2 601.207031 1567447467.2437
CHLD 3 601.207031 1567447467.2438
CHLD 4 675.996094 1567447467.2439
CHLD 5 730.437500 1567447467.2439
CHLD 6 665.843750 1567447467.2440
CHLD 7 716.460938 1567447467.2440
CHLD 8 10.886719 1567447467.2441
CHLD 9 10.972656 1567447467.2444
CHLD 10 10.886719 1567447467.2445
CHLD 11 10.917969 1567447467.2446
MEM 709.808594 1567447467.3450
CHLD 0 601.207031 1567447467.3870
CHLD 1 601.218750 1567447467.3871
CHLD 2 601.207031 1567447467.3871
CHLD 3 601.207031 1567447467.3872
CHLD 4 675.996094 1567447467.3872
CHLD 5 730.437500 1567447467.3873
CHLD 6 666.207031 1567447467.3873
CHLD 7 716.460938 1567447467.3874
CHLD 8 10.886719 1567447467.3875
CHLD 9 10.972656 1567447467.3892
CHLD 10 10.886719 1567447467.3892
CHLD 11 10.917969 1567447467.3893
MEM 709.808594 1567447467.4897
CHLD 0 601.207031 1567447467.5110
CHLD 1 601.218750 1567447467.5110
CHLD 2 601.207031 1567447467.5111
CHLD 3 601.207031 1567447467.5112
CHLD 4 677.019531 1567447467.5112
CHLD 5 730.437500 1567447467.5113
CHLD 6 666.457031 1567447467.5114
CHLD 7 716.460938 1567447467.5114
CHLD 8 10.886719 1567447467.5115
CHLD 9 10.972656 1567447467.5115
CHLD 10 10.886719 1567447467.5116
CHLD 11 10.917969 1567447467.5117
MEM 709.808594 1567447467.6121
CHLD 0 601.207031 1567447467.6339
CHLD 1 601.218750 1567447467.6339
CHLD 2 601.207031 1567447467.6340
CHLD 3 601.207031 1567447467.6341
CHLD 4 677.640625 1567447467.6360
CHLD 5 730.437500 1567447467.6361
CHLD 6 666.710938 1567447467.6362
CHLD 7 716.460938 1567447467.6363
CHLD 8 10.886719 1567447467.6363
CHLD 9 10.972656 1567447467.6364
CHLD 10 10.886719 1567447467.6364
CHLD 11 10.917969 1567447467.6365
MEM 709.808594 1567447467.7371
CHLD 0 601.207031 1567447467.7654
CHLD 1 601.218750 1567447467.7654
CHLD 2 601.207031 1567447467.7655
CHLD 3 601.207031 1567447467.7655
CHLD 4 678.144531 1567447467.7656
CHLD 5 730.437500 1567447467.7656
CHLD 6 667.207031 1567447467.7657
CHLD 7 716.460938 1567447467.7658
CHLD 8 10.886719 1567447467.7658
CHLD 9 10.972656 1567447467.7659
CHLD 10 10.886719 1567447467.7659
CHLD 11 10.917969 1567447467.7660
MEM 709.808594 1567447467.8664
CHLD 0 601.207031 1567447467.8968
CHLD 1 601.218750 1567447467.8969
CHLD 2 601.207031 1567447467.8969
CHLD 3 601.207031 1567447467.8970
CHLD 4 678.660156 1567447467.8970
CHLD 5 730.437500 1567447467.8970
CHLD 6 667.707031 1567447467.8971
CHLD 7 716.460938 1567447467.8971
CHLD 8 10.886719 1567447467.8971
CHLD 9 10.972656 1567447467.8972
CHLD 10 10.886719 1567447467.8972
CHLD 11 10.917969 1567447467.8973
MEM 709.808594 1567447467.9977
CHLD 0 601.207031 1567447468.0343
CHLD 1 601.218750 1567447468.0344
CHLD 2 601.207031 1567447468.0344
CHLD 3 601.207031 1567447468.0345
CHLD 4 679.144531 1567447468.0345
CHLD 5 730.437500 1567447468.0346
CHLD 6 667.960938 1567447468.0346
CHLD 7 716.460938 1567447468.0347
CHLD 8 10.886719 1567447468.0347
CHLD 9 10.972656 1567447468.0348
CHLD 10 10.886719 1567447468.0349
CHLD 11 10.917969 1567447468.0349
MEM 709.808594 1567447468.1384
CHLD 0 601.207031 1567447468.1549
CHLD 1 601.218750 1567447468.1550
CHLD 2 601.207031 1567447468.1551
CHLD 3 601.207031 1567447468.1551
CHLD 4 679.394531 1567447468.1552
CHLD 5 730.437500 1567447468.1552
CHLD 6 668.281250 1567447468.1554
CHLD 7 716.460938 1567447468.1555
CHLD 8 10.886719 1567447468.1555
CHLD 9 10.972656 1567447468.1556
CHLD 10 10.886719 1567447468.1556
CHLD 11 10.917969 1567447468.1557
MEM 709.808594 1567447468.2561
CHLD 0 601.207031 1567447468.2818
CHLD 1 601.218750 1567447468.2818
CHLD 2 601.207031 1567447468.2819
CHLD 3 601.207031 1567447468.2820
CHLD 4 679.652344 1567447468.2820
CHLD 5 730.437500 1567447468.2821
CHLD 6 668.281250 1567447468.2821
CHLD 7 716.460938 1567447468.2822
CHLD 8 10.886719 1567447468.2822
CHLD 9 10.972656 1567447468.2823
CHLD 10 10.886719 1567447468.2824
CHLD 11 10.917969 1567447468.2824
MEM 709.808594 1567447468.3829
CHLD 0 601.207031 1567447468.4189
CHLD 1 601.218750 1567447468.4190
CHLD 2 601.207031 1567447468.4191
CHLD 3 601.207031 1567447468.4191
CHLD 4 679.890625 1567447468.4192
CHLD 5 730.437500 1567447468.4193
CHLD 6 668.281250 1567447468.4193
CHLD 7 716.460938 1567447468.4194
CHLD 8 10.886719 1567447468.4194
CHLD 9 10.972656 1567447468.4195
CHLD 10 10.886719 1567447468.4196
CHLD 11 10.917969 1567447468.4196
MEM 709.808594 1567447468.5201
CHLD 0 601.207031 1567447468.5353
CHLD 1 601.218750 1567447468.5353
CHLD 2 601.207031 1567447468.5354
CHLD 3 601.207031 1567447468.5355
CHLD 4 680.140625 1567447468.5355
CHLD 5 730.437500 1567447468.5356
CHLD 6 668.281250 1567447468.5356
CHLD 7 716.460938 1567447468.5357
CHLD 8 10.886719 1567447468.5357
CHLD 9 10.972656 1567447468.5358
CHLD 10 10.886719 1567447468.5358
CHLD 11 10.917969 1567447468.5359
MEM 709.808594 1567447468.6363
CHLD 0 601.207031 1567447468.6581
CHLD 1 601.218750 1567447468.6581
CHLD 2 601.207031 1567447468.6582
CHLD 3 601.207031 1567447468.6583
CHLD 4 680.398438 1567447468.6733
CHLD 5 730.437500 1567447468.6734
CHLD 6 668.281250 1567447468.6735
CHLD 7 716.460938 1567447468.6735
CHLD 8 10.886719 1567447468.6736
CHLD 9 10.972656 1567447468.6737
CHLD 10 10.886719 1567447468.6802
CHLD 11 10.917969 1567447468.6814
MEM 709.808594 1567447468.7818
CHLD 0 601.207031 1567447468.8341
CHLD 1 601.218750 1567447468.8342
CHLD 2 601.207031 1567447468.8342
CHLD 3 601.207031 1567447468.8343
CHLD 4 680.656250 1567447468.8344
CHLD 5 730.437500 1567447468.8344
CHLD 6 668.335938 1567447468.8345
CHLD 7 716.460938 1567447468.8346
CHLD 8 10.886719 1567447468.8346
CHLD 9 10.972656 1567447468.8347
CHLD 10 10.886719 1567447468.8347
CHLD 11 10.917969 1567447468.8348
MEM 709.808594 1567447468.9352
CHLD 0 601.207031 1567447468.9667
CHLD 1 601.218750 1567447468.9668
CHLD 2 601.207031 1567447468.9683
CHLD 3 601.207031 1567447468.9684
CHLD 4 681.140625 1567447468.9684
CHLD 5 730.437500 1567447468.9685
CHLD 6 668.593750 1567447468.9704
CHLD 7 716.460938 1567447468.9705
CHLD 8 10.886719 1567447468.9705
CHLD 9 10.972656 1567447468.9706
CHLD 10 10.886719 1567447468.9707
CHLD 11 10.917969 1567447468.9707
MEM 709.808594 1567447469.0711
CHLD 0 601.207031 1567447469.1089
CHLD 1 601.218750 1567447469.1090
CHLD 2 601.207031 1567447469.1091
CHLD 3 601.207031 1567447469.1091
CHLD 4 681.394531 1567447469.1092
CHLD 5 730.437500 1567447469.1093
CHLD 6 668.593750 1567447469.1093
CHLD 7 716.460938 1567447469.1094
CHLD 8 10.886719 1567447469.1094
CHLD 9 10.972656 1567447469.1095
CHLD 10 10.886719 1567447469.1095
CHLD 11 10.917969 1567447469.1096
MEM 709.808594 1567447469.2101
CHLD 0 601.207031 1567447469.2497
CHLD 1 601.218750 1567447469.2498
CHLD 2 601.207031 1567447469.2499
CHLD 3 601.207031 1567447469.2499
CHLD 4 681.652344 1567447469.2519
CHLD 5 730.437500 1567447469.2519
CHLD 6 668.593750 1567447469.2520
CHLD 7 716.460938 1567447469.2521
CHLD 8 10.886719 1567447469.2521
CHLD 9 10.972656 1567447469.2522
CHLD 10 10.886719 1567447469.2522
CHLD 11 10.917969 1567447469.2523
MEM 709.808594 1567447469.3527
CHLD 0 601.207031 1567447469.3749
CHLD 1 601.218750 1567447469.3749
CHLD 2 601.207031 1567447469.3750
CHLD 3 601.207031 1567447469.3750
CHLD 4 682.167969 1567447469.3751
CHLD 5 730.437500 1567447469.3752
CHLD 6 668.593750 1567447469.3752
CHLD 7 717.128906 1567447469.3753
CHLD 8 10.886719 1567447469.3753
CHLD 9 10.972656 1567447469.3754
CHLD 10 10.886719 1567447469.3754
CHLD 11 10.917969 1567447469.3755
MEM 709.808594 1567447469.4759
CHLD 0 601.207031 1567447469.5023
CHLD 1 601.218750 1567447469.5029
CHLD 2 601.207031 1567447469.5031
CHLD 3 601.207031 1567447469.5038
CHLD 4 682.941406 1567447469.5041
CHLD 5 730.437500 1567447469.5042
CHLD 6 668.898438 1567447469.5043
CHLD 7 717.230469 1567447469.5043
CHLD 8 10.886719 1567447469.5044
CHLD 9 10.972656 1567447469.5045
CHLD 10 10.886719 1567447469.5045
CHLD 11 10.917969 1567447469.5046
MEM 709.808594 1567447469.6050
CHLD 0 601.207031 1567447469.6406
CHLD 1 601.218750 1567447469.6407
CHLD 2 601.207031 1567447469.6407
CHLD 3 601.207031 1567447469.6408
CHLD 4 683.394531 1567447469.6408
CHLD 5 730.437500 1567447469.6409
CHLD 6 668.898438 1567447469.6410
CHLD 7 717.484375 1567447469.6410
CHLD 8 10.886719 1567447469.6411
CHLD 9 10.972656 1567447469.6411
CHLD 10 10.886719 1567447469.6412
CHLD 11 10.917969 1567447469.6412
MEM 709.808594 1567447469.7417
CHLD 0 601.207031 1567447469.7755
CHLD 1 601.218750 1567447469.7756
CHLD 2 601.207031 1567447469.7756
CHLD 3 601.207031 1567447469.7757
CHLD 4 688.359375 1567447469.7758
CHLD 5 731.812500 1567447469.7758
CHLD 6 668.898438 1567447469.7775
CHLD 7 717.980469 1567447469.7791
CHLD 8 10.886719 1567447469.7792
CHLD 9 10.972656 1567447469.7793
CHLD 10 10.886719 1567447469.7794
CHLD 11 10.917969 1567447469.7794
MEM 709.808594 1567447469.8798
CHLD 0 601.207031 1567447469.9009
CHLD 1 601.218750 1567447469.9009
CHLD 2 601.207031 1567447469.9010
CHLD 3 601.207031 1567447469.9011
CHLD 4 688.359375 1567447469.9011
CHLD 5 732.378906 1567447469.9012
CHLD 6 668.898438 1567447469.9012
CHLD 7 718.480469 1567447469.9013
CHLD 8 10.886719 1567447469.9013
CHLD 9 10.972656 1567447469.9014
CHLD 10 10.886719 1567447469.9015
CHLD 11 10.917969 1567447469.9015
MEM 709.808594 1567447470.0019
CHLD 0 601.207031 1567447470.0292
CHLD 1 601.218750 1567447470.0293
CHLD 2 601.207031 1567447470.0293
CHLD 3 601.207031 1567447470.0294
CHLD 4 688.359375 1567447470.0295
CHLD 5 732.890625 1567447470.0295
CHLD 6 668.898438 1567447470.0296
CHLD 7 718.992188 1567447470.0296
CHLD 8 10.886719 1567447470.0297
CHLD 9 10.972656 1567447470.0298
CHLD 10 10.886719 1567447470.0298
CHLD 11 10.917969 1567447470.0299
MEM 709.808594 1567447470.1303
CHLD 0 601.207031 1567447470.1491
CHLD 1 601.218750 1567447470.1492
CHLD 2 601.207031 1567447470.1492
CHLD 3 601.207031 1567447470.1493
CHLD 4 689.390625 1567447470.1494
CHLD 5 733.433594 1567447470.1494
CHLD 6 668.898438 1567447470.1495
CHLD 7 719.507812 1567447470.1495
CHLD 8 10.886719 1567447470.1496
CHLD 9 10.972656 1567447470.1497
CHLD 10 10.886719 1567447470.1497
CHLD 11 10.917969 1567447470.1498
MEM 709.808594 1567447470.2502
CHLD 0 601.207031 1567447470.2803
CHLD 1 601.218750 1567447470.2804
CHLD 2 601.207031 1567447470.2836
CHLD 3 601.207031 1567447470.2837
CHLD 4 689.390625 1567447470.2838
CHLD 5 734.179688 1567447470.2838
CHLD 6 668.898438 1567447470.2839
CHLD 7 720.019531 1567447470.2839
CHLD 8 10.886719 1567447470.2840
CHLD 9 10.972656 1567447470.2841
CHLD 10 10.886719 1567447470.2841
CHLD 11 10.917969 1567447470.2842
MEM 709.808594 1567447470.3868
CHLD 0 601.207031 1567447470.4561
CHLD 1 601.218750 1567447470.4562
CHLD 2 601.207031 1567447470.4563
CHLD 3 601.207031 1567447470.4563
CHLD 4 704.039062 1567447470.4564
CHLD 5 734.945312 1567447470.4564
CHLD 6 668.898438 1567447470.4565
CHLD 7 721.050781 1567447470.4565
CHLD 8 10.886719 1567447470.4565
CHLD 9 10.972656 1567447470.4566
CHLD 10 10.886719 1567447470.4566
CHLD 11 10.917969 1567447470.4566
MEM 709.808594 1567447470.5571
CHLD 0 601.207031 1567447470.5734
CHLD 1 601.218750 1567447470.5735
CHLD 2 601.207031 1567447470.5735
CHLD 3 601.207031 1567447470.5736
CHLD 4 716.671875 1567447470.5736
CHLD 5 734.945312 1567447470.5737
CHLD 6 668.898438 1567447470.5737
CHLD 7 721.050781 1567447470.5738
CHLD 8 10.886719 1567447470.5739
CHLD 9 10.972656 1567447470.5739
CHLD 10 10.886719 1567447470.5740
CHLD 11 10.917969 1567447470.5740
MEM 709.808594 1567447470.6749
CHLD 0 601.207031 1567447470.6995
CHLD 1 601.218750 1567447470.6995
CHLD 2 601.207031 1567447470.6996
CHLD 3 601.207031 1567447470.6996
CHLD 4 727.242188 1567447470.6996
CHLD 5 734.945312 1567447470.6997
CHLD 6 668.898438 1567447470.6997
CHLD 7 721.050781 1567447470.6997
CHLD 8 10.886719 1567447470.6998
CHLD 9 10.972656 1567447470.6998
CHLD 10 10.886719 1567447470.6998
CHLD 11 10.917969 1567447470.6999
MEM 709.808594 1567447470.8004
CHLD 0 601.207031 1567447470.8401
CHLD 1 601.218750 1567447470.8402
CHLD 2 601.207031 1567447470.8402
CHLD 3 601.207031 1567447470.8403
CHLD 4 728.789062 1567447470.8403
CHLD 5 734.945312 1567447470.8404
CHLD 6 668.898438 1567447470.8404
CHLD 7 721.050781 1567447470.8405
CHLD 8 10.886719 1567447470.8405
CHLD 9 10.972656 1567447470.8406
CHLD 10 10.886719 1567447470.8406
CHLD 11 10.917969 1567447470.8407
MEM 709.808594 1567447470.9411
CHLD 0 601.207031 1567447470.9973
CHLD 1 601.218750 1567447470.9974
CHLD 2 601.207031 1567447470.9974
CHLD 3 601.207031 1567447470.9975
CHLD 4 730.335938 1567447470.9976
CHLD 5 734.945312 1567447470.9976
CHLD 6 669.390625 1567447470.9977
CHLD 7 721.050781 1567447470.9978
CHLD 8 10.886719 1567447470.9978
CHLD 9 10.972656 1567447470.9979
CHLD 10 10.886719 1567447470.9980
CHLD 11 10.917969 1567447471.0092
MEM 709.808594 1567447471.1097
CHLD 0 601.207031 1567447471.1558
CHLD 1 601.218750 1567447471.1558
CHLD 2 601.207031 1567447471.1559
CHLD 3 601.207031 1567447471.1559
CHLD 4 731.882812 1567447471.1560
CHLD 5 734.945312 1567447471.1561
CHLD 6 670.250000 1567447471.1561
CHLD 7 721.050781 1567447471.1562
CHLD 8 10.886719 1567447471.1562
CHLD 9 10.972656 1567447471.1563
CHLD 10 10.886719 1567447471.1563
CHLD 11 10.917969 1567447471.1564
MEM 709.808594 1567447471.2569
CHLD 0 601.207031 1567447471.2828
CHLD 1 601.218750 1567447471.2829
CHLD 2 601.207031 1567447471.2830
CHLD 3 601.207031 1567447471.2830
CHLD 4 733.945312 1567447471.2834
CHLD 5 734.945312 1567447471.2835
CHLD 6 670.250000 1567447471.2835
CHLD 7 721.050781 1567447471.2836
CHLD 8 10.886719 1567447471.2836
CHLD 9 10.972656 1567447471.2837
CHLD 10 10.886719 1567447471.2838
CHLD 11 10.917969 1567447471.2839
MEM 709.808594 1567447471.3843
CHLD 0 601.207031 1567447471.4319
CHLD 1 601.218750 1567447471.4319
CHLD 2 601.207031 1567447471.4320
CHLD 3 601.207031 1567447471.4321
CHLD 4 737.039062 1567447471.4321
CHLD 5 734.945312 1567447471.4322
CHLD 6 670.250000 1567447471.4323
CHLD 7 722.339844 1567447471.4323
CHLD 8 10.886719 1567447471.4324
CHLD 9 10.972656 1567447471.4325
CHLD 10 10.886719 1567447471.4325
CHLD 11 10.917969 1567447471.4326
MEM 709.808594 1567447471.5330
CHLD 0 601.207031 1567447471.5488
CHLD 1 601.218750 1567447471.5488
CHLD 2 601.207031 1567447471.5489
CHLD 3 601.207031 1567447471.5490
CHLD 4 738.843750 1567447471.5490
CHLD 5 734.945312 1567447471.5491
CHLD 6 670.250000 1567447471.5491
CHLD 7 722.339844 1567447471.5492
CHLD 8 10.886719 1567447471.5493
CHLD 9 10.972656 1567447471.5493
CHLD 10 10.886719 1567447471.5657
CHLD 11 10.917969 1567447471.5658
MEM 709.808594 1567447471.6667
CHLD 0 601.207031 1567447471.6986
CHLD 1 601.218750 1567447471.6987
CHLD 2 601.207031 1567447471.6988
CHLD 3 601.207031 1567447471.6988
CHLD 4 738.843750 1567447471.6989
CHLD 5 734.945312 1567447471.6989
CHLD 6 670.250000 1567447471.6990
CHLD 7 722.855469 1567447471.6991
CHLD 8 10.886719 1567447471.6991
CHLD 9 10.972656 1567447471.6992
CHLD 10 10.886719 1567447471.6993
CHLD 11 10.917969 1567447471.6993
MEM 709.808594 1567447471.7999
CHLD 0 601.207031 1567447471.8508
CHLD 1 601.218750 1567447471.8509
CHLD 2 601.207031 1567447471.8510
CHLD 3 601.207031 1567447471.8510
CHLD 4 738.843750 1567447471.8511
CHLD 5 734.945312 1567447471.8511
CHLD 6 670.250000 1567447471.8512
CHLD 7 722.855469 1567447471.8513
CHLD 8 10.886719 1567447471.8513
CHLD 9 10.972656 1567447471.8514
CHLD 10 10.886719 1567447471.8514
CHLD 11 10.917969 1567447471.8515
MEM 709.808594 1567447471.9527
CHLD 0 601.207031 1567447471.9770
CHLD 1 601.218750 1567447471.9771
CHLD 2 601.207031 1567447471.9772
CHLD 3 601.207031 1567447471.9772
CHLD 4 738.843750 1567447471.9773
CHLD 5 734.945312 1567447471.9773
CHLD 6 670.250000 1567447471.9774
CHLD 7 722.855469 1567447471.9774
CHLD 8 10.886719 1567447471.9775
CHLD 9 10.972656 1567447471.9775
CHLD 10 10.886719 1567447471.9776
CHLD 11 10.917969 1567447471.9777
MEM 709.808594 1567447472.0785
CHLD 0 601.207031 1567447472.1197
CHLD 1 601.218750 1567447472.1198
CHLD 2 601.207031 1567447472.1199
CHLD 3 601.207031 1567447472.1200
CHLD 4 738.843750 1567447472.1200
CHLD 5 734.945312 1567447472.1201
CHLD 6 670.250000 1567447472.1202
CHLD 7 722.855469 1567447472.1203
CHLD 8 10.886719 1567447472.1203
CHLD 9 10.972656 1567447472.1204
CHLD 10 10.886719 1567447472.1205
CHLD 11 10.917969 1567447472.1205
MEM 709.808594 1567447472.2210
CHLD 0 601.207031 1567447472.2745
CHLD 1 601.218750 1567447472.2746
CHLD 2 601.207031 1567447472.2747
CHLD 3 601.207031 1567447472.2747
CHLD 4 738.843750 1567447472.2748
CHLD 5 734.945312 1567447472.2749
CHLD 6 670.250000 1567447472.2749
CHLD 7 722.855469 1567447472.2750
CHLD 8 10.886719 1567447472.2751
CHLD 9 10.972656 1567447472.2752
CHLD 10 10.886719 1567447472.2753
CHLD 11 10.917969 1567447472.2753
MEM 709.808594 1567447472.3758
CHLD 0 601.207031 1567447472.4182
CHLD 1 601.218750 1567447472.4183
CHLD 2 601.207031 1567447472.4184
CHLD 3 601.207031 1567447472.4184
CHLD 4 738.843750 1567447472.4185
CHLD 5 734.945312 1567447472.4185
CHLD 6 670.250000 1567447472.4186
CHLD 7 722.855469 1567447472.4187
CHLD 8 10.886719 1567447472.4187
CHLD 9 10.972656 1567447472.4188
CHLD 10 10.886719 1567447472.4188
CHLD 11 10.917969 1567447472.4189
MEM 709.808594 1567447472.5194
CHLD 0 601.207031 1567447472.5655
CHLD 1 601.218750 1567447472.5656
CHLD 2 601.207031 1567447472.5657
CHLD 3 601.207031 1567447472.5658
CHLD 4 738.843750 1567447472.5658
CHLD 5 734.945312 1567447472.5659
CHLD 6 670.250000 1567447472.5659
CHLD 7 722.855469 1567447472.5660
CHLD 8 10.886719 1567447472.5660
CHLD 9 10.972656 1567447472.5661
CHLD 10 10.886719 1567447472.5662
CHLD 11 10.917969 1567447472.5662
MEM 709.808594 1567447472.6667
CHLD 0 601.207031 1567447472.6966
CHLD 1 601.218750 1567447472.6967
CHLD 2 601.207031 1567447472.6967
CHLD 3 601.207031 1567447472.6968
CHLD 4 738.843750 1567447472.6969
CHLD 5 734.945312 1567447472.7051
CHLD 6 670.617188 1567447472.7052
CHLD 7 722.855469 1567447472.7059
CHLD 8 10.886719 1567447472.7063
CHLD 9 10.972656 1567447472.7064
CHLD 10 10.886719 1567447472.7065
CHLD 11 10.917969 1567447472.7066
MEM 709.808594 1567447472.8071
CHLD 0 601.207031 1567447472.8538
CHLD 1 601.218750 1567447472.8539
CHLD 2 601.207031 1567447472.8539
CHLD 3 601.207031 1567447472.8540
CHLD 4 738.843750 1567447472.8540
CHLD 5 734.945312 1567447472.8541
CHLD 6 670.617188 1567447472.8542
CHLD 7 722.855469 1567447472.8542
CHLD 8 10.886719 1567447472.8543
CHLD 9 10.972656 1567447472.8561
CHLD 10 10.886719 1567447472.8562
CHLD 11 10.917969 1567447472.8563
MEM 709.808594 1567447472.9567
CHLD 0 601.207031 1567447472.9993
CHLD 1 601.218750 1567447472.9994
CHLD 2 601.207031 1567447472.9994
CHLD 3 601.207031 1567447472.9995
CHLD 4 738.843750 1567447472.9996
CHLD 5 734.945312 1567447472.9996
CHLD 6 670.617188 1567447472.9997
CHLD 7 722.855469 1567447472.9997
CHLD 8 10.886719 1567447472.9998
CHLD 9 10.972656 1567447472.9999
CHLD 10 10.886719 1567447472.9999
CHLD 11 10.917969 1567447473.0116
MEM 709.808594 1567447473.1126
