CMDLINE /home/dn16382/anaconda3/bin/python mnist_example.py
MEM 1.910156 1567445672.7420
MEM 18.246094 1567445672.8506
MEM 33.031250 1567445672.9667
MEM 41.222656 1567445673.0750
MEM 60.601562 1567445673.1834
MEM 71.539062 1567445673.2919
MEM 79.300781 1567445673.4054
MEM 122.980469 1567445673.5191
MEM 159.984375 1567445673.6310
MEM 162.210938 1567445673.7440
MEM 167.722656 1567445673.8578
MEM 176.742188 1567445673.9713
MEM 182.238281 1567445674.0849
MEM 190.335938 1567445674.1986
MEM 202.871094 1567445674.3134
MEM 208.046875 1567445674.4276
MEM 212.570312 1567445674.5361
MEM 224.042969 1567445674.6443
MEM 231.550781 1567445674.7526
MEM 245.289062 1567445674.8609
MEM 251.578125 1567445674.9692
MEM 260.664062 1567445675.0778
MEM 264.742188 1567445675.1864
MEM 281.242188 1567445675.2946
MEM 296.968750 1567445675.4028
MEM 346.558594 1567445675.5119
MEM 332.992188 1567445675.6204
MEM 404.980469 1567445675.7294
MEM 566.886719 1567445675.8378
MEM 676.527344 1567445675.9463
MEM 631.664062 1567445676.0555
MEM 707.355469 1567445676.1639
MEM 707.816406 1567445676.2749
CHLD 0 601.042969 1567445676.2884
CHLD 1 601.039062 1567445676.2884
CHLD 2 601.039062 1567445676.2885
CHLD 3 601.039062 1567445676.2885
CHLD 4 605.257812 1567445676.2886
CHLD 5 605.300781 1567445676.2886
CHLD 6 605.082031 1567445676.2887
CHLD 7 604.476562 1567445676.2887
CHLD 8 598.773438 1567445676.2888
MEM 707.832031 1567445676.3892
CHLD 0 601.042969 1567445676.4209
CHLD 1 601.039062 1567445676.4210
CHLD 2 601.039062 1567445676.4211
CHLD 3 601.039062 1567445676.4211
CHLD 4 608.902344 1567445676.4212
CHLD 5 609.300781 1567445676.4213
CHLD 6 608.855469 1567445676.4213
CHLD 7 605.394531 1567445676.4214
CHLD 8 605.089844 1567445676.4215
CHLD 9 604.953125 1567445676.4215
CHLD 10 601.679688 1567445676.4216
CHLD 11 0.007812 1567445676.4217
CHLD 12 8.070312 1567445676.4217
CHLD 13 8.457031 1567445676.4218
CHLD 14 8.542969 1567445676.4219
MEM 707.832031 1567445676.5223
CHLD 0 601.042969 1567445676.5645
CHLD 1 601.039062 1567445676.5646
CHLD 2 601.039062 1567445676.5646
CHLD 3 601.039062 1567445676.5647
CHLD 4 611.371094 1567445676.5647
CHLD 5 611.656250 1567445676.5648
CHLD 6 609.667969 1567445676.5649
CHLD 7 607.273438 1567445676.5649
CHLD 8 605.636719 1567445676.5650
CHLD 9 605.332031 1567445676.5650
CHLD 10 605.105469 1567445676.5651
CHLD 11 605.109375 1567445676.5651
CHLD 12 0.007812 1567445676.5652
CHLD 13 7.144531 1567445676.5653
CHLD 14 7.542969 1567445676.5653
CHLD 15 9.296875 1567445676.5654
CHLD 16 9.531250 1567445676.5654
CHLD 17 10.902344 1567445676.5655
MEM 707.832031 1567445676.6659
CHLD 0 601.042969 1567445676.7025
CHLD 1 601.039062 1567445676.7026
CHLD 2 601.039062 1567445676.7027
CHLD 3 601.039062 1567445676.7027
CHLD 4 612.406250 1567445676.7028
CHLD 5 612.566406 1567445676.7028
CHLD 6 611.511719 1567445676.7029
CHLD 7 608.906250 1567445676.7029
CHLD 8 606.726562 1567445676.7030
CHLD 9 605.613281 1567445676.7031
CHLD 10 612.957031 1567445676.7031
CHLD 11 605.187500 1567445676.7032
CHLD 12 10.921875 1567445676.7032
CHLD 13 5.929688 1567445676.7033
CHLD 14 7.886719 1567445676.7034
CHLD 15 8.500000 1567445676.7034
CHLD 16 10.812500 1567445676.7035
CHLD 17 10.792969 1567445676.7035
CHLD 18 10.902344 1567445676.7036
MEM 707.832031 1567445676.8040
CHLD 0 601.042969 1567445676.8202
CHLD 1 601.039062 1567445676.8203
CHLD 2 601.039062 1567445676.8203
CHLD 3 601.039062 1567445676.8204
CHLD 4 614.710938 1567445676.8204
CHLD 5 614.437500 1567445676.8205
CHLD 6 612.410156 1567445676.8205
CHLD 7 610.226562 1567445676.8206
CHLD 8 609.703125 1567445676.8207
CHLD 9 607.273438 1567445676.8207
CHLD 10 618.277344 1567445676.8208
CHLD 11 605.554688 1567445676.8208
CHLD 12 10.812500 1567445676.8209
CHLD 13 10.921875 1567445676.8209
CHLD 14 7.875000 1567445676.8210
CHLD 15 8.777344 1567445676.8211
CHLD 16 9.089844 1567445676.8211
CHLD 17 10.812500 1567445676.8212
CHLD 18 10.812500 1567445676.8212
CHLD 19 10.902344 1567445676.8213
MEM 707.832031 1567445676.9217
CHLD 0 601.042969 1567445676.9533
CHLD 1 601.039062 1567445676.9534
CHLD 2 601.039062 1567445676.9535
CHLD 3 601.039062 1567445676.9535
CHLD 4 617.894531 1567445676.9536
CHLD 5 617.902344 1567445676.9536
CHLD 6 614.558594 1567445676.9537
CHLD 7 615.007812 1567445676.9537
CHLD 8 617.667969 1567445676.9538
CHLD 9 611.902344 1567445676.9539
CHLD 10 618.921875 1567445676.9539
CHLD 11 608.785156 1567445676.9540
CHLD 12 10.812500 1567445676.9540
CHLD 13 10.921875 1567445676.9541
CHLD 14 9.101562 1567445676.9541
CHLD 15 10.882812 1567445676.9542
CHLD 16 10.859375 1567445676.9632
CHLD 17 10.812500 1567445676.9633
CHLD 18 10.812500 1567445676.9634
CHLD 19 10.902344 1567445676.9635
MEM 707.832031 1567445677.0640
CHLD 0 601.042969 1567445677.1015
CHLD 1 601.039062 1567445677.1016
CHLD 2 601.039062 1567445677.1016
CHLD 3 601.039062 1567445677.1017
CHLD 4 618.171875 1567445677.1017
CHLD 5 618.277344 1567445677.1018
CHLD 6 617.980469 1567445677.1019
CHLD 7 617.992188 1567445677.1019
CHLD 8 618.265625 1567445677.1020
CHLD 9 614.714844 1567445677.1020
CHLD 10 621.054688 1567445677.1021
CHLD 11 612.957031 1567445677.1021
CHLD 12 10.812500 1567445677.1022
CHLD 13 10.921875 1567445677.1022
CHLD 14 10.933594 1567445677.1023
CHLD 15 10.882812 1567445677.1024
CHLD 16 10.859375 1567445677.1024
CHLD 17 10.812500 1567445677.1025
CHLD 18 10.812500 1567445677.1026
CHLD 19 10.902344 1567445677.1026
MEM 707.832031 1567445677.2078
CHLD 0 601.042969 1567445677.2631
CHLD 1 601.039062 1567445677.2632
CHLD 2 601.039062 1567445677.2633
CHLD 3 601.039062 1567445677.2634
CHLD 4 618.605469 1567445677.2635
CHLD 5 618.605469 1567445677.2635
CHLD 6 618.160156 1567445677.2636
CHLD 7 618.421875 1567445677.2636
CHLD 8 618.660156 1567445677.2637
CHLD 9 618.000000 1567445677.2637
CHLD 10 622.714844 1567445677.2638
CHLD 11 617.921875 1567445677.2638
CHLD 12 10.812500 1567445677.2639
CHLD 13 10.921875 1567445677.2640
CHLD 14 10.933594 1567445677.2640
CHLD 15 10.882812 1567445677.2641
CHLD 16 10.859375 1567445677.2641
CHLD 17 10.812500 1567445677.2642
CHLD 18 10.812500 1567445677.2642
CHLD 19 10.902344 1567445677.2643
MEM 707.832031 1567445677.3665
CHLD 0 601.042969 1567445677.4010
CHLD 1 601.039062 1567445677.4011
CHLD 2 601.039062 1567445677.4012
CHLD 3 601.039062 1567445677.4012
CHLD 4 619.539062 1567445677.4013
CHLD 5 619.320312 1567445677.4013
CHLD 6 618.410156 1567445677.4014
CHLD 7 618.855469 1567445677.4014
CHLD 8 621.085938 1567445677.4015
CHLD 9 618.359375 1567445677.4015
CHLD 10 623.519531 1567445677.4016
CHLD 11 618.421875 1567445677.4016
CHLD 12 10.812500 1567445677.4017
CHLD 13 10.921875 1567445677.4017
CHLD 14 10.933594 1567445677.4018
CHLD 15 10.882812 1567445677.4019
CHLD 16 10.859375 1567445677.4019
CHLD 17 10.812500 1567445677.4020
CHLD 18 10.812500 1567445677.4020
CHLD 19 10.902344 1567445677.4021
MEM 707.832031 1567445677.5025
CHLD 0 601.042969 1567445677.5322
CHLD 1 601.039062 1567445677.5323
CHLD 2 601.039062 1567445677.5324
CHLD 3 601.039062 1567445677.5324
CHLD 4 621.554688 1567445677.5325
CHLD 5 621.554688 1567445677.5326
CHLD 6 618.660156 1567445677.5326
CHLD 7 620.691406 1567445677.5327
CHLD 8 622.843750 1567445677.5327
CHLD 9 618.605469 1567445677.5328
CHLD 10 624.683594 1567445677.5329
CHLD 11 621.175781 1567445677.5329
CHLD 12 10.812500 1567445677.5330
CHLD 13 10.921875 1567445677.5330
CHLD 14 10.933594 1567445677.5331
CHLD 15 10.882812 1567445677.5332
CHLD 16 10.859375 1567445677.5332
CHLD 17 10.812500 1567445677.5333
CHLD 18 10.812500 1567445677.5333
CHLD 19 10.902344 1567445677.5334
MEM 707.832031 1567445677.6338
CHLD 0 601.042969 1567445677.6760
CHLD 1 601.039062 1567445677.6761
CHLD 2 601.039062 1567445677.6761
CHLD 3 601.039062 1567445677.6762
CHLD 4 623.242188 1567445677.6763
CHLD 5 623.250000 1567445677.6763
CHLD 6 621.394531 1567445677.6764
CHLD 7 621.648438 1567445677.6764
CHLD 8 632.796875 1567445677.6765
CHLD 9 619.210938 1567445677.6765
CHLD 10 630.531250 1567445677.6766
CHLD 11 622.562500 1567445677.6766
CHLD 12 10.812500 1567445677.6767
CHLD 13 10.921875 1567445677.6767
CHLD 14 10.933594 1567445677.6768
CHLD 15 10.882812 1567445677.6768
CHLD 16 10.859375 1567445677.6769
CHLD 17 10.812500 1567445677.6769
CHLD 18 10.812500 1567445677.6770
CHLD 19 10.902344 1567445677.6770
MEM 707.832031 1567445677.8069
CHLD 0 601.042969 1567445677.8647
CHLD 1 601.039062 1567445677.8647
CHLD 2 601.039062 1567445677.8648
CHLD 3 601.039062 1567445677.8649
CHLD 4 632.832031 1567445677.8649
CHLD 5 633.277344 1567445677.8650
CHLD 6 623.300781 1567445677.8650
CHLD 7 623.394531 1567445677.8651
CHLD 8 634.718750 1567445677.8652
CHLD 9 621.546875 1567445677.8652
CHLD 10 634.171875 1567445677.8653
CHLD 11 623.656250 1567445677.8653
CHLD 12 10.812500 1567445677.8654
CHLD 13 10.921875 1567445677.8655
CHLD 14 10.933594 1567445677.8655
CHLD 15 10.882812 1567445677.8656
CHLD 16 10.859375 1567445677.8656
CHLD 17 10.812500 1567445677.8657
CHLD 18 10.812500 1567445677.8657
CHLD 19 10.902344 1567445677.8658
MEM 707.832031 1567445677.9662
CHLD 0 601.042969 1567445678.0170
CHLD 1 601.039062 1567445678.0171
CHLD 2 601.039062 1567445678.0172
CHLD 3 601.039062 1567445678.0172
CHLD 4 634.734375 1567445678.0173
CHLD 5 634.789062 1567445678.0173
CHLD 6 625.406250 1567445678.0174
CHLD 7 625.417969 1567445678.0175
CHLD 8 634.855469 1567445678.0175
CHLD 9 623.773438 1567445678.0176
CHLD 10 634.800781 1567445678.0176
CHLD 11 625.425781 1567445678.0177
CHLD 12 10.812500 1567445678.0178
CHLD 13 10.921875 1567445678.0393
CHLD 14 10.933594 1567445678.0394
CHLD 15 10.882812 1567445678.0395
CHLD 16 10.859375 1567445678.0396
CHLD 17 10.812500 1567445678.0396
CHLD 18 10.812500 1567445678.0397
CHLD 19 10.902344 1567445678.0398
MEM 707.832031 1567445678.1402
CHLD 0 601.042969 1567445678.1648
CHLD 1 601.039062 1567445678.1649
CHLD 2 601.039062 1567445678.1650
CHLD 3 601.039062 1567445678.1650
CHLD 4 634.917969 1567445678.1651
CHLD 5 634.789062 1567445678.1652
CHLD 6 630.515625 1567445678.1652
CHLD 7 631.460938 1567445678.1653
CHLD 8 635.179688 1567445678.1653
CHLD 9 633.863281 1567445678.1654
CHLD 10 635.070312 1567445678.1655
CHLD 11 634.800781 1567445678.1655
CHLD 12 10.812500 1567445678.1656
CHLD 13 10.921875 1567445678.1656
CHLD 14 10.933594 1567445678.1657
CHLD 15 10.882812 1567445678.1658
CHLD 16 10.859375 1567445678.1658
CHLD 17 10.812500 1567445678.1659
CHLD 18 10.812500 1567445678.1659
CHLD 19 10.902344 1567445678.1660
MEM 707.832031 1567445678.2665
CHLD 0 601.042969 1567445678.2928
CHLD 1 601.039062 1567445678.2929
CHLD 2 601.039062 1567445678.2929
CHLD 3 601.039062 1567445678.2930
CHLD 4 635.070312 1567445678.2931
CHLD 5 635.070312 1567445678.2931
CHLD 6 633.855469 1567445678.2932
CHLD 7 634.683594 1567445678.2933
CHLD 8 637.406250 1567445678.2933
CHLD 9 634.871094 1567445678.2934
CHLD 10 635.320312 1567445678.2934
CHLD 11 635.070312 1567445678.2935
CHLD 12 10.812500 1567445678.2936
CHLD 13 10.921875 1567445678.2936
CHLD 14 10.933594 1567445678.2937
CHLD 15 10.882812 1567445678.2937
CHLD 16 10.859375 1567445678.2938
CHLD 17 10.812500 1567445678.2939
CHLD 18 10.812500 1567445678.2939
CHLD 19 10.902344 1567445678.2940
MEM 707.832031 1567445678.3944
CHLD 0 601.042969 1567445678.4204
CHLD 1 601.039062 1567445678.4205
CHLD 2 601.039062 1567445678.4206
CHLD 3 601.039062 1567445678.4206
CHLD 4 637.160156 1567445678.4207
CHLD 5 635.500000 1567445678.4208
CHLD 6 634.929688 1567445678.4208
CHLD 7 635.015625 1567445678.4209
CHLD 8 639.023438 1567445678.4210
CHLD 9 634.937500 1567445678.4210
CHLD 10 636.800781 1567445678.4211
CHLD 11 635.304688 1567445678.4211
CHLD 12 10.812500 1567445678.4212
CHLD 13 10.921875 1567445678.4212
CHLD 14 10.933594 1567445678.4213
CHLD 15 10.882812 1567445678.4214
CHLD 16 10.859375 1567445678.4214
CHLD 17 10.812500 1567445678.4215
CHLD 18 10.812500 1567445678.4215
CHLD 19 10.902344 1567445678.4216
MEM 707.832031 1567445678.5346
CHLD 0 601.042969 1567445678.5550
CHLD 1 601.039062 1567445678.5551
CHLD 2 601.039062 1567445678.5552
CHLD 3 601.039062 1567445678.5552
CHLD 4 637.445312 1567445678.5553
CHLD 5 637.445312 1567445678.5554
CHLD 6 635.179688 1567445678.5554
CHLD 7 635.339844 1567445678.5555
CHLD 8 640.597656 1567445678.5555
CHLD 9 635.320312 1567445678.5556
CHLD 10 637.386719 1567445678.5557
CHLD 11 635.570312 1567445678.5557
CHLD 12 10.812500 1567445678.5558
CHLD 13 10.921875 1567445678.5558
CHLD 14 10.933594 1567445678.5559
CHLD 15 10.882812 1567445678.5560
CHLD 16 10.859375 1567445678.5560
CHLD 17 10.812500 1567445678.5561
CHLD 18 10.812500 1567445678.5561
CHLD 19 10.902344 1567445678.5562
MEM 707.832031 1567445678.6596
CHLD 0 601.042969 1567445678.6881
CHLD 1 601.039062 1567445678.6882
CHLD 2 601.039062 1567445678.6883
CHLD 3 601.039062 1567445678.6883
CHLD 4 637.445312 1567445678.6884
CHLD 5 637.445312 1567445678.6885
CHLD 6 635.507812 1567445678.6885
CHLD 7 636.890625 1567445678.6886
CHLD 8 640.929688 1567445678.6886
CHLD 9 637.453125 1567445678.6887
CHLD 10 638.941406 1567445678.6888
CHLD 11 635.832031 1567445678.6888
CHLD 12 10.812500 1567445678.6889
CHLD 13 10.921875 1567445678.6889
CHLD 14 10.933594 1567445678.6890
CHLD 15 10.882812 1567445678.6890
CHLD 16 10.859375 1567445678.6891
CHLD 17 10.812500 1567445678.6892
CHLD 18 10.812500 1567445678.6892
CHLD 19 10.902344 1567445678.6893
MEM 707.832031 1567445678.7897
CHLD 0 601.042969 1567445678.8232
CHLD 1 601.039062 1567445678.8232
CHLD 2 601.039062 1567445678.8233
CHLD 3 601.039062 1567445678.8234
CHLD 4 638.199219 1567445678.8234
CHLD 5 637.898438 1567445678.8235
CHLD 6 637.187500 1567445678.8236
CHLD 7 637.449219 1567445678.8236
CHLD 8 641.113281 1567445678.8237
CHLD 9 637.906250 1567445678.8238
CHLD 10 638.941406 1567445678.8238
CHLD 11 636.648438 1567445678.8239
CHLD 12 10.812500 1567445678.8239
CHLD 13 10.921875 1567445678.8240
CHLD 14 10.933594 1567445678.8241
CHLD 15 10.882812 1567445678.8241
CHLD 16 10.859375 1567445678.8242
CHLD 17 10.812500 1567445678.8243
CHLD 18 10.812500 1567445678.8243
CHLD 19 10.902344 1567445678.8244
MEM 707.832031 1567445678.9403
CHLD 0 601.042969 1567445679.0229
CHLD 1 601.039062 1567445679.0230
CHLD 2 601.039062 1567445679.0230
CHLD 3 601.039062 1567445679.0231
CHLD 4 640.078125 1567445679.0232
CHLD 5 637.898438 1567445679.0232
CHLD 6 637.425781 1567445679.0233
CHLD 7 637.449219 1567445679.0233
CHLD 8 641.300781 1567445679.0234
CHLD 9 640.820312 1567445679.0234
CHLD 10 640.812500 1567445679.0235
CHLD 11 639.914062 1567445679.0236
CHLD 12 10.812500 1567445679.0236
CHLD 13 10.921875 1567445679.0237
CHLD 14 10.933594 1567445679.0238
CHLD 15 10.882812 1567445679.0238
CHLD 16 10.859375 1567445679.0239
CHLD 17 10.812500 1567445679.0239
CHLD 18 10.812500 1567445679.0240
CHLD 19 10.902344 1567445679.0240
MEM 707.832031 1567445679.1247
CHLD 0 601.042969 1567445679.1485
CHLD 1 601.039062 1567445679.1486
CHLD 2 601.039062 1567445679.1486
CHLD 3 601.039062 1567445679.1487
CHLD 4 640.078125 1567445679.1488
CHLD 5 640.605469 1567445679.1488
CHLD 6 637.425781 1567445679.1489
CHLD 7 637.449219 1567445679.1489
CHLD 8 641.472656 1567445679.1490
CHLD 9 640.941406 1567445679.1490
CHLD 10 641.066406 1567445679.1491
CHLD 11 640.261719 1567445679.1492
CHLD 12 10.812500 1567445679.1492
CHLD 13 10.921875 1567445679.1493
CHLD 14 10.933594 1567445679.1493
CHLD 15 10.882812 1567445679.1494
CHLD 16 10.859375 1567445679.1494
CHLD 17 10.812500 1567445679.1495
CHLD 18 10.812500 1567445679.1496
CHLD 19 10.902344 1567445679.1496
MEM 707.832031 1567445679.2501
CHLD 0 601.042969 1567445679.2745
CHLD 1 601.039062 1567445679.2746
CHLD 2 601.039062 1567445679.2746
CHLD 3 601.039062 1567445679.2747
CHLD 4 640.472656 1567445679.2748
CHLD 5 641.007812 1567445679.2748
CHLD 6 638.117188 1567445679.2749
CHLD 7 640.972656 1567445679.2749
CHLD 8 642.148438 1567445679.2750
CHLD 9 641.191406 1567445679.2751
CHLD 10 641.246094 1567445679.2751
CHLD 11 640.515625 1567445679.2752
CHLD 12 10.812500 1567445679.2752
CHLD 13 10.921875 1567445679.2753
CHLD 14 10.933594 1567445679.2754
CHLD 15 10.882812 1567445679.2754
CHLD 16 10.859375 1567445679.2755
CHLD 17 10.812500 1567445679.2755
CHLD 18 10.812500 1567445679.2756
CHLD 19 10.902344 1567445679.2756
MEM 707.832031 1567445679.3761
CHLD 0 601.042969 1567445679.4006
CHLD 1 601.039062 1567445679.4007
CHLD 2 601.039062 1567445679.4008
CHLD 3 601.039062 1567445679.4008
CHLD 4 640.703125 1567445679.4009
CHLD 5 641.226562 1567445679.4010
CHLD 6 638.117188 1567445679.4010
CHLD 7 641.437500 1567445679.4011
CHLD 8 642.429688 1567445679.4011
CHLD 9 641.441406 1567445679.4012
CHLD 10 641.585938 1567445679.4013
CHLD 11 640.820312 1567445679.4013
CHLD 12 10.812500 1567445679.4014
CHLD 13 10.921875 1567445679.4014
CHLD 14 10.933594 1567445679.4015
CHLD 15 10.882812 1567445679.4016
CHLD 16 10.859375 1567445679.4016
CHLD 17 10.812500 1567445679.4017
CHLD 18 10.812500 1567445679.4017
CHLD 19 10.902344 1567445679.4018
MEM 707.832031 1567445679.5022
CHLD 0 601.042969 1567445679.5348
CHLD 1 601.039062 1567445679.5349
CHLD 2 601.039062 1567445679.5349
CHLD 3 601.039062 1567445679.5350
CHLD 4 641.035156 1567445679.5351
CHLD 5 641.570312 1567445679.5351
CHLD 6 641.015625 1567445679.5352
CHLD 7 641.769531 1567445679.5353
CHLD 8 642.718750 1567445679.5353
CHLD 9 641.691406 1567445679.5354
CHLD 10 641.914062 1567445679.5354
CHLD 11 641.214844 1567445679.5355
CHLD 12 10.812500 1567445679.5355
CHLD 13 10.921875 1567445679.5356
CHLD 14 10.933594 1567445679.5357
CHLD 15 10.882812 1567445679.5357
CHLD 16 10.859375 1567445679.5358
CHLD 17 10.812500 1567445679.5358
CHLD 18 10.812500 1567445679.5359
CHLD 19 10.902344 1567445679.5360
MEM 707.832031 1567445679.6364
CHLD 0 601.042969 1567445679.6822
CHLD 1 601.039062 1567445679.6824
CHLD 2 601.039062 1567445679.6824
CHLD 3 601.039062 1567445679.6825
CHLD 4 641.527344 1567445679.6826
CHLD 5 641.730469 1567445679.6826
CHLD 6 641.523438 1567445679.6827
CHLD 7 642.187500 1567445679.6827
CHLD 8 649.656250 1567445679.6828
CHLD 9 641.941406 1567445679.6829
CHLD 10 642.339844 1567445679.6829
CHLD 11 641.714844 1567445679.6830
CHLD 12 10.812500 1567445679.6830
CHLD 13 10.921875 1567445679.6831
CHLD 14 10.933594 1567445679.6831
CHLD 15 10.882812 1567445679.6832
CHLD 16 10.859375 1567445679.6833
CHLD 17 10.812500 1567445679.6833
CHLD 18 10.812500 1567445679.6834
CHLD 19 10.902344 1567445679.6834
MEM 707.832031 1567445679.7839
CHLD 0 601.042969 1567445679.8082
CHLD 1 601.039062 1567445679.8082
CHLD 2 601.039062 1567445679.8083
CHLD 3 601.039062 1567445679.8084
CHLD 4 641.996094 1567445679.8084
CHLD 5 642.214844 1567445679.8085
CHLD 6 641.695312 1567445679.8086
CHLD 7 642.437500 1567445679.8086
CHLD 8 652.058594 1567445679.8087
CHLD 9 642.253906 1567445679.8087
CHLD 10 642.691406 1567445679.8088
CHLD 11 642.039062 1567445679.8089
CHLD 12 10.812500 1567445679.8089
CHLD 13 10.921875 1567445679.8090
CHLD 14 10.933594 1567445679.8090
CHLD 15 10.882812 1567445679.8091
CHLD 16 10.859375 1567445679.8091
CHLD 17 10.812500 1567445679.8092
CHLD 18 10.812500 1567445679.8093
CHLD 19 10.902344 1567445679.8093
MEM 707.832031 1567445679.9097
CHLD 0 601.042969 1567445679.9467
CHLD 1 601.039062 1567445679.9467
CHLD 2 601.039062 1567445679.9468
CHLD 3 601.039062 1567445679.9469
CHLD 4 650.019531 1567445679.9469
CHLD 5 649.394531 1567445679.9470
CHLD 6 642.187500 1567445679.9471
CHLD 7 642.921875 1567445679.9471
CHLD 8 654.429688 1567445679.9472
CHLD 9 649.484375 1567445679.9472
CHLD 10 643.050781 1567445679.9473
CHLD 11 642.714844 1567445679.9474
CHLD 12 10.812500 1567445679.9474
CHLD 13 10.921875 1567445679.9475
CHLD 14 10.933594 1567445679.9475
CHLD 15 10.882812 1567445679.9476
CHLD 16 10.859375 1567445679.9477
CHLD 17 10.812500 1567445679.9477
CHLD 18 10.812500 1567445679.9478
CHLD 19 10.902344 1567445679.9478
MEM 707.832031 1567445680.0483
CHLD 0 601.042969 1567445680.0722
CHLD 1 601.039062 1567445680.0722
CHLD 2 601.039062 1567445680.0723
CHLD 3 601.039062 1567445680.0723
CHLD 4 653.589844 1567445680.0724
CHLD 5 654.285156 1567445680.0724
CHLD 6 642.730469 1567445680.0725
CHLD 7 647.515625 1567445680.0725
CHLD 8 659.261719 1567445680.0726
CHLD 9 652.144531 1567445680.0726
CHLD 10 643.593750 1567445680.0727
CHLD 11 643.074219 1567445680.0728
CHLD 12 10.812500 1567445680.0728
CHLD 13 10.921875 1567445680.0729
CHLD 14 10.933594 1567445680.0729
CHLD 15 10.882812 1567445680.0730
CHLD 16 10.859375 1567445680.0730
CHLD 17 10.812500 1567445680.0731
CHLD 18 10.812500 1567445680.0731
CHLD 19 10.902344 1567445680.0732
MEM 707.832031 1567445680.1736
CHLD 0 601.042969 1567445680.1959
CHLD 1 601.039062 1567445680.1959
CHLD 2 601.039062 1567445680.1960
CHLD 3 601.039062 1567445680.1960
CHLD 4 653.839844 1567445680.1961
CHLD 5 654.660156 1567445680.1962
CHLD 6 643.093750 1567445680.1962
CHLD 7 650.464844 1567445680.1963
CHLD 8 664.054688 1567445680.1963
CHLD 9 654.578125 1567445680.1964
CHLD 10 650.398438 1567445680.1964
CHLD 11 649.847656 1567445680.1965
CHLD 12 10.812500 1567445680.1965
CHLD 13 10.921875 1567445680.1966
CHLD 14 10.933594 1567445680.1967
CHLD 15 10.882812 1567445680.1967
CHLD 16 10.859375 1567445680.1968
CHLD 17 10.812500 1567445680.1968
CHLD 18 10.812500 1567445680.1969
CHLD 19 10.902344 1567445680.1969
MEM 707.832031 1567445680.2973
CHLD 0 601.042969 1567445680.3192
CHLD 1 601.039062 1567445680.3193
CHLD 2 601.039062 1567445680.3193
CHLD 3 601.039062 1567445680.3194
CHLD 4 654.593750 1567445680.3194
CHLD 5 655.289062 1567445680.3195
CHLD 6 650.363281 1567445680.3196
CHLD 7 653.519531 1567445680.3196
CHLD 8 664.054688 1567445680.3197
CHLD 9 654.640625 1567445680.3197
CHLD 10 653.242188 1567445680.3198
CHLD 11 653.804688 1567445680.3198
CHLD 12 10.812500 1567445680.3199
CHLD 13 10.921875 1567445680.3200
CHLD 14 10.933594 1567445680.3200
CHLD 15 10.882812 1567445680.3201
CHLD 16 10.859375 1567445680.3201
CHLD 17 10.812500 1567445680.3202
CHLD 18 10.812500 1567445680.3202
CHLD 19 10.902344 1567445680.3203
MEM 707.832031 1567445680.4207
CHLD 0 601.042969 1567445680.4558
CHLD 1 601.039062 1567445680.4559
CHLD 2 601.039062 1567445680.4559
CHLD 3 601.039062 1567445680.4560
CHLD 4 654.593750 1567445680.4560
CHLD 5 655.492188 1567445680.4561
CHLD 6 654.683594 1567445680.4561
CHLD 7 655.148438 1567445680.4562
CHLD 8 664.054688 1567445680.4562
CHLD 9 655.144531 1567445680.4563
CHLD 10 655.449219 1567445680.4566
CHLD 11 654.718750 1567445680.4566
CHLD 12 10.812500 1567445680.4567
CHLD 13 10.921875 1567445680.4567
CHLD 14 10.933594 1567445680.4568
CHLD 15 10.882812 1567445680.4568
CHLD 16 10.859375 1567445680.4569
CHLD 17 10.812500 1567445680.4569
CHLD 18 10.812500 1567445680.4570
CHLD 19 10.902344 1567445680.4570
MEM 707.832031 1567445680.5575
CHLD 0 601.042969 1567445680.5864
CHLD 1 601.039062 1567445680.5866
CHLD 2 601.039062 1567445680.5866
CHLD 3 601.039062 1567445680.5867
CHLD 4 654.593750 1567445680.5867
CHLD 5 655.492188 1567445680.5868
CHLD 6 656.746094 1567445680.5868
CHLD 7 657.257812 1567445680.5869
CHLD 8 665.078125 1567445680.5870
CHLD 9 655.847656 1567445680.5870
CHLD 10 655.886719 1567445680.5871
CHLD 11 655.031250 1567445680.5871
CHLD 12 10.812500 1567445680.5872
CHLD 13 10.921875 1567445680.5872
CHLD 14 10.933594 1567445680.5873
CHLD 15 10.882812 1567445680.5873
CHLD 16 10.859375 1567445680.5874
CHLD 17 10.812500 1567445680.5874
CHLD 18 10.812500 1567445680.5875
CHLD 19 10.902344 1567445680.5875
MEM 707.832031 1567445680.6880
CHLD 0 601.042969 1567445680.7123
CHLD 1 601.039062 1567445680.7124
CHLD 2 601.039062 1567445680.7125
CHLD 3 601.039062 1567445680.7125
CHLD 4 656.406250 1567445680.7126
CHLD 5 655.492188 1567445680.7126
CHLD 6 658.527344 1567445680.7127
CHLD 7 662.289062 1567445680.7128
CHLD 8 702.816406 1567445680.7128
CHLD 9 655.847656 1567445680.7129
CHLD 10 655.949219 1567445680.7129
CHLD 11 655.406250 1567445680.7130
CHLD 12 10.812500 1567445680.7130
CHLD 13 10.921875 1567445680.7131
CHLD 14 10.933594 1567445680.7131
CHLD 15 10.882812 1567445680.7132
CHLD 16 10.859375 1567445680.7133
CHLD 17 10.812500 1567445680.7133
CHLD 18 10.812500 1567445680.7134
CHLD 19 10.902344 1567445680.7134
MEM 707.832031 1567445680.8139
CHLD 0 601.042969 1567445680.8330
CHLD 1 601.039062 1567445680.8330
CHLD 2 601.039062 1567445680.8331
CHLD 3 601.039062 1567445680.8332
CHLD 4 667.238281 1567445680.8332
CHLD 5 663.789062 1567445680.8333
CHLD 6 662.746094 1567445680.8334
CHLD 7 662.289062 1567445680.8334
CHLD 8 713.386719 1567445680.8335
CHLD 9 657.046875 1567445680.8336
CHLD 10 655.949219 1567445680.8336
CHLD 11 655.468750 1567445680.8337
CHLD 12 10.812500 1567445680.8337
CHLD 13 10.921875 1567445680.8338
CHLD 14 10.933594 1567445680.8338
CHLD 15 10.882812 1567445680.8339
CHLD 16 10.859375 1567445680.8339
CHLD 17 10.812500 1567445680.8340
CHLD 18 10.812500 1567445680.8340
CHLD 19 10.902344 1567445680.8341
MEM 707.832031 1567445680.9345
CHLD 0 601.042969 1567445681.0133
CHLD 1 601.039062 1567445681.0134
CHLD 2 601.039062 1567445681.0135
CHLD 3 601.039062 1567445681.0135
CHLD 4 668.527344 1567445681.0136
CHLD 5 667.679688 1567445681.0136
CHLD 6 662.746094 1567445681.0137
CHLD 7 662.289062 1567445681.0137
CHLD 8 717.253906 1567445681.0138
CHLD 9 666.035156 1567445681.0138
CHLD 10 655.949219 1567445681.0139
CHLD 11 655.468750 1567445681.0140
CHLD 12 10.812500 1567445681.0140
CHLD 13 10.921875 1567445681.0141
CHLD 14 10.933594 1567445681.0141
CHLD 15 10.882812 1567445681.0142
CHLD 16 10.859375 1567445681.0142
CHLD 17 10.812500 1567445681.0143
CHLD 18 10.812500 1567445681.0144
CHLD 19 10.902344 1567445681.0145
MEM 707.832031 1567445681.1150
CHLD 0 601.042969 1567445681.1378
CHLD 1 601.039062 1567445681.1379
CHLD 2 601.039062 1567445681.1379
CHLD 3 601.039062 1567445681.1380
CHLD 4 669.042969 1567445681.1381
CHLD 5 667.679688 1567445681.1381
CHLD 6 662.746094 1567445681.1382
CHLD 7 662.289062 1567445681.1382
CHLD 8 722.925781 1567445681.1723
CHLD 9 668.613281 1567445681.1725
CHLD 10 655.949219 1567445681.1725
CHLD 11 655.468750 1567445681.1726
CHLD 12 10.812500 1567445681.1726
CHLD 13 10.921875 1567445681.1727
CHLD 14 10.933594 1567445681.1728
CHLD 15 10.882812 1567445681.1728
CHLD 16 10.859375 1567445681.1729
CHLD 17 10.812500 1567445681.1729
CHLD 18 10.812500 1567445681.1730
CHLD 19 10.902344 1567445681.1730
MEM 707.832031 1567445681.2735
CHLD 0 601.042969 1567445681.2964
CHLD 1 601.039062 1567445681.2964
CHLD 2 601.039062 1567445681.2965
CHLD 3 601.039062 1567445681.2965
CHLD 4 669.042969 1567445681.2966
CHLD 5 668.195312 1567445681.2966
CHLD 6 662.746094 1567445681.2967
CHLD 7 662.289062 1567445681.2968
CHLD 8 726.792969 1567445681.2968
CHLD 9 668.613281 1567445681.2969
CHLD 10 656.152344 1567445681.2969
CHLD 11 655.468750 1567445681.2970
CHLD 12 10.812500 1567445681.2970
CHLD 13 10.921875 1567445681.2971
CHLD 14 10.933594 1567445681.2972
CHLD 15 10.882812 1567445681.2972
CHLD 16 10.859375 1567445681.2973
CHLD 17 10.812500 1567445681.2973
CHLD 18 10.812500 1567445681.2974
CHLD 19 10.902344 1567445681.2974
MEM 707.832031 1567445681.3979
CHLD 0 601.042969 1567445681.4320
CHLD 1 601.039062 1567445681.4321
CHLD 2 601.039062 1567445681.4321
CHLD 3 601.039062 1567445681.4322
CHLD 4 670.074219 1567445681.4322
CHLD 5 668.195312 1567445681.4323
CHLD 6 662.746094 1567445681.4324
CHLD 7 662.289062 1567445681.4324
CHLD 8 726.792969 1567445681.4325
CHLD 9 669.644531 1567445681.4325
CHLD 10 656.152344 1567445681.4326
CHLD 11 655.468750 1567445681.4327
CHLD 12 10.812500 1567445681.4327
CHLD 13 10.921875 1567445681.4328
CHLD 14 10.933594 1567445681.4329
CHLD 15 10.882812 1567445681.4329
CHLD 16 10.859375 1567445681.4330
CHLD 17 10.812500 1567445681.4330
CHLD 18 10.812500 1567445681.4331
CHLD 19 10.902344 1567445681.4332
MEM 707.832031 1567445681.5384
CHLD 0 601.042969 1567445681.6261
CHLD 1 601.039062 1567445681.6261
CHLD 2 601.039062 1567445681.6262
CHLD 3 601.039062 1567445681.6263
CHLD 4 670.074219 1567445681.6263
CHLD 5 668.195312 1567445681.6264
CHLD 6 662.746094 1567445681.6264
CHLD 7 662.289062 1567445681.6265
CHLD 8 726.792969 1567445681.6265
CHLD 9 669.644531 1567445681.6266
CHLD 10 656.152344 1567445681.6267
CHLD 11 655.468750 1567445681.6267
CHLD 12 10.812500 1567445681.6268
CHLD 13 10.921875 1567445681.6268
CHLD 14 10.933594 1567445681.6269
CHLD 15 10.882812 1567445681.6269
CHLD 16 10.859375 1567445681.6270
CHLD 17 10.812500 1567445681.6270
CHLD 18 10.812500 1567445681.6271
CHLD 19 10.902344 1567445681.6272
MEM 707.832031 1567445681.7276
CHLD 0 601.042969 1567445681.7683
CHLD 1 601.039062 1567445681.7683
CHLD 2 601.039062 1567445681.7684
CHLD 3 601.039062 1567445681.7685
CHLD 4 671.105469 1567445681.7685
CHLD 5 668.710938 1567445681.7686
CHLD 6 662.746094 1567445681.7687
CHLD 7 662.289062 1567445681.7687
CHLD 8 732.464844 1567445681.7688
CHLD 9 669.644531 1567445681.7688
CHLD 10 656.152344 1567445681.7689
CHLD 11 655.671875 1567445681.7690
CHLD 12 10.812500 1567445681.7690
CHLD 13 10.921875 1567445681.7691
CHLD 14 10.933594 1567445681.7691
CHLD 15 10.882812 1567445681.7692
CHLD 16 10.859375 1567445681.7692
CHLD 17 10.812500 1567445681.7693
CHLD 18 10.812500 1567445681.7694
CHLD 19 10.902344 1567445681.7694
MEM 707.832031 1567445681.8699
CHLD 0 601.042969 1567445681.8918
CHLD 1 601.039062 1567445681.8919
CHLD 2 601.039062 1567445681.8919
CHLD 3 601.039062 1567445681.8920
CHLD 4 671.621094 1567445681.8920
CHLD 5 668.710938 1567445681.8921
CHLD 6 662.746094 1567445681.8922
CHLD 7 664.542969 1567445681.8922
CHLD 8 740.714844 1567445681.8923
CHLD 9 669.644531 1567445681.8923
CHLD 10 656.152344 1567445681.8924
CHLD 11 655.671875 1567445681.8924
CHLD 12 10.812500 1567445681.8925
CHLD 13 10.921875 1567445681.8926
CHLD 14 10.933594 1567445681.8926
CHLD 15 10.882812 1567445681.8927
CHLD 16 10.859375 1567445681.8927
CHLD 17 10.812500 1567445681.8928
CHLD 18 10.812500 1567445681.8928
CHLD 19 10.902344 1567445681.8929
MEM 707.832031 1567445681.9934
CHLD 0 601.042969 1567445682.0377
CHLD 1 601.039062 1567445682.0378
CHLD 2 601.039062 1567445682.0379
CHLD 3 601.039062 1567445682.0379
CHLD 4 672.394531 1567445682.0380
CHLD 5 669.226562 1567445682.0381
CHLD 6 662.746094 1567445682.0381
CHLD 7 678.941406 1567445682.0382
CHLD 8 732.675781 1567445682.0382
CHLD 9 669.644531 1567445682.0745
CHLD 10 656.152344 1567445682.0746
CHLD 11 655.671875 1567445682.0746
CHLD 12 10.812500 1567445682.0747
CHLD 13 10.921875 1567445682.0748
CHLD 14 10.933594 1567445682.0749
CHLD 15 10.882812 1567445682.0749
CHLD 16 10.859375 1567445682.0750
CHLD 17 10.812500 1567445682.0750
CHLD 18 10.812500 1567445682.0751
CHLD 19 10.902344 1567445682.0751
MEM 707.832031 1567445682.1758
CHLD 0 601.042969 1567445682.2389
CHLD 1 601.039062 1567445682.2390
CHLD 2 601.039062 1567445682.2390
CHLD 3 601.039062 1567445682.2391
CHLD 4 672.394531 1567445682.2391
CHLD 5 669.484375 1567445682.2392
CHLD 6 662.746094 1567445682.2392
CHLD 7 696.171875 1567445682.2393
CHLD 8 736.542969 1567445682.2393
CHLD 9 669.902344 1567445682.2394
CHLD 10 656.152344 1567445682.2395
CHLD 11 655.671875 1567445682.2395
CHLD 12 10.812500 1567445682.2396
CHLD 13 10.921875 1567445682.2396
CHLD 14 10.933594 1567445682.2397
CHLD 15 10.882812 1567445682.2397
CHLD 16 10.859375 1567445682.2398
CHLD 17 10.812500 1567445682.2398
CHLD 18 10.812500 1567445682.2399
CHLD 19 10.902344 1567445682.2399
MEM 707.832031 1567445682.3404
CHLD 0 601.042969 1567445682.3780
CHLD 1 601.039062 1567445682.3781
CHLD 2 601.039062 1567445682.3781
CHLD 3 601.039062 1567445682.3782
CHLD 4 672.910156 1567445682.3782
CHLD 5 669.484375 1567445682.4623
CHLD 6 663.585938 1567445682.4624
CHLD 7 701.132812 1567445682.4625
CHLD 8 728.445312 1567445682.4626
CHLD 9 669.902344 1567445682.4626
CHLD 10 664.078125 1567445682.4627
CHLD 11 655.671875 1567445682.4627
CHLD 12 10.812500 1567445682.4628
CHLD 13 10.921875 1567445682.4629
CHLD 14 10.933594 1567445682.4629
CHLD 15 10.882812 1567445682.4630
CHLD 16 10.859375 1567445682.4631
CHLD 17 10.812500 1567445682.4631
CHLD 18 10.812500 1567445682.4632
CHLD 19 10.902344 1567445682.4632
MEM 707.832031 1567445682.5637
CHLD 0 601.042969 1567445682.6368
CHLD 1 601.039062 1567445682.6369
CHLD 2 601.039062 1567445682.6369
CHLD 3 601.039062 1567445682.6370
CHLD 4 672.910156 1567445682.6370
CHLD 5 669.484375 1567445682.6371
CHLD 6 663.585938 1567445682.6371
CHLD 7 701.648438 1567445682.6372
CHLD 8 728.703125 1567445682.6372
CHLD 9 669.902344 1567445682.6373
CHLD 10 664.335938 1567445682.6373
CHLD 11 655.671875 1567445682.6374
CHLD 12 10.812500 1567445682.6374
CHLD 13 10.921875 1567445682.6375
CHLD 14 10.933594 1567445682.6375
CHLD 15 10.882812 1567445682.6376
CHLD 16 10.859375 1567445682.6376
CHLD 17 10.812500 1567445682.6377
CHLD 18 10.812500 1567445682.6377
CHLD 19 10.902344 1567445682.6378
MEM 707.832031 1567445682.7383
CHLD 0 601.042969 1567445682.8059
CHLD 1 601.039062 1567445682.8060
CHLD 2 601.039062 1567445682.8061
CHLD 3 601.039062 1567445682.8062
CHLD 4 672.910156 1567445682.8062
CHLD 5 669.484375 1567445682.8166
CHLD 6 672.937500 1567445682.8167
CHLD 7 703.195312 1567445682.8167
CHLD 8 733.085938 1567445682.8168
CHLD 9 669.902344 1567445682.8168
CHLD 10 664.593750 1567445682.8169
CHLD 11 655.671875 1567445682.8170
CHLD 12 10.812500 1567445682.8170
CHLD 13 10.921875 1567445682.8171
CHLD 14 10.933594 1567445682.8171
CHLD 15 10.882812 1567445682.8172
CHLD 16 10.859375 1567445682.8173
CHLD 17 10.812500 1567445682.8173
CHLD 18 10.812500 1567445682.8174
CHLD 19 10.902344 1567445682.8175
MEM 707.832031 1567445682.9181
CHLD 0 601.042969 1567445682.9370
CHLD 1 601.039062 1567445682.9371
CHLD 2 601.039062 1567445682.9371
CHLD 3 601.039062 1567445682.9372
CHLD 4 672.910156 1567445682.9373
CHLD 5 669.484375 1567445682.9373
CHLD 6 689.421875 1567445682.9374
CHLD 7 703.195312 1567445682.9374
CHLD 8 733.085938 1567445682.9375
CHLD 9 669.902344 1567445682.9376
CHLD 10 664.593750 1567445682.9376
CHLD 11 655.671875 1567445682.9377
CHLD 12 10.812500 1567445682.9377
CHLD 13 10.921875 1567445682.9378
CHLD 14 10.933594 1567445682.9378
CHLD 15 10.882812 1567445682.9379
CHLD 16 10.859375 1567445682.9379
CHLD 17 10.812500 1567445682.9380
CHLD 18 10.812500 1567445682.9380
CHLD 19 10.902344 1567445682.9381
MEM 707.832031 1567445683.0385
CHLD 0 601.042969 1567445683.0899
CHLD 1 601.039062 1567445683.0900
CHLD 2 601.039062 1567445683.0901
CHLD 3 601.039062 1567445683.0902
CHLD 4 672.910156 1567445683.0902
CHLD 5 669.484375 1567445683.1422
CHLD 6 704.917969 1567445683.1454
CHLD 7 705.257812 1567445683.1455
CHLD 8 740.820312 1567445683.1456
CHLD 9 669.902344 1567445683.1456
CHLD 10 665.109375 1567445683.1457
CHLD 11 655.671875 1567445683.1606
CHLD 12 10.812500 1567445683.1607
CHLD 13 10.921875 1567445683.1608
CHLD 14 10.933594 1567445683.1609
CHLD 15 10.882812 1567445683.1610
CHLD 16 10.859375 1567445683.1610
CHLD 17 10.812500 1567445683.1611
CHLD 18 10.812500 1567445683.1612
CHLD 19 10.902344 1567445683.1613
MEM 707.832031 1567445683.2637
CHLD 0 601.042969 1567445683.4005
CHLD 1 601.039062 1567445683.4005
CHLD 2 601.039062 1567445683.4006
CHLD 3 601.039062 1567445683.4006
CHLD 4 672.910156 1567445683.4007
CHLD 5 669.484375 1567445683.4007
CHLD 6 716.519531 1567445683.4008
CHLD 7 705.257812 1567445683.4009
CHLD 8 724.945312 1567445683.4010
CHLD 9 669.902344 1567445683.4010
CHLD 10 665.367188 1567445683.4011
CHLD 11 659.207031 1567445683.4011
CHLD 12 10.812500 1567445683.4012
CHLD 13 10.921875 1567445683.4012
CHLD 14 10.933594 1567445683.4013
CHLD 15 10.882812 1567445683.4013
CHLD 16 10.859375 1567445683.4014
CHLD 17 10.812500 1567445683.4015
CHLD 18 10.812500 1567445683.4015
CHLD 19 10.902344 1567445683.4016
MEM 707.832031 1567445683.5020
CHLD 0 601.042969 1567445683.5678
CHLD 1 601.039062 1567445683.5679
CHLD 2 601.039062 1567445683.5679
CHLD 3 601.039062 1567445683.5680
CHLD 4 672.910156 1567445683.5681
CHLD 5 669.484375 1567445683.5681
CHLD 6 719.355469 1567445683.5682
CHLD 7 706.546875 1567445683.5682
CHLD 8 724.945312 1567445683.5683
CHLD 9 669.902344 1567445683.5684
CHLD 10 665.367188 1567445683.5684
CHLD 11 664.410156 1567445683.5685
CHLD 12 10.812500 1567445683.5685
CHLD 13 10.921875 1567445683.5686
CHLD 14 10.933594 1567445683.5687
CHLD 15 10.882812 1567445683.5687
CHLD 16 10.859375 1567445683.5688
CHLD 17 10.812500 1567445683.5689
CHLD 18 10.812500 1567445683.5689
CHLD 19 10.902344 1567445683.5690
MEM 707.832031 1567445683.6706
CHLD 0 601.042969 1567445683.7253
CHLD 1 601.039062 1567445683.7253
CHLD 2 601.039062 1567445683.7254
CHLD 3 601.039062 1567445683.7255
CHLD 4 672.910156 1567445683.7256
CHLD 5 669.484375 1567445683.7256
CHLD 6 719.355469 1567445683.7257
CHLD 7 706.546875 1567445683.7257
CHLD 8 724.945312 1567445683.7258
CHLD 9 669.902344 1567445683.7258
CHLD 10 665.367188 1567445683.7259
CHLD 11 664.410156 1567445683.7259
CHLD 12 10.812500 1567445683.7260
CHLD 13 10.921875 1567445683.7261
CHLD 14 10.933594 1567445683.7261
CHLD 15 10.882812 1567445683.7262
CHLD 16 10.859375 1567445683.7262
CHLD 17 10.812500 1567445683.7615
CHLD 18 10.812500 1567445683.7616
CHLD 19 10.902344 1567445683.7617
MEM 707.832031 1567445683.8688
CHLD 0 601.042969 1567445683.9821
CHLD 1 601.039062 1567445683.9822
CHLD 2 601.039062 1567445683.9822
CHLD 3 601.039062 1567445684.0000
CHLD 4 672.910156 1567445684.0001
CHLD 5 669.484375 1567445684.0044
CHLD 6 719.355469 1567445684.0054
CHLD 7 708.093750 1567445684.0055
CHLD 8 728.550781 1567445684.0055
CHLD 9 669.902344 1567445684.0056
CHLD 10 665.625000 1567445684.0056
CHLD 11 664.925781 1567445684.0057
CHLD 12 10.812500 1567445684.0058
CHLD 13 10.921875 1567445684.0058
CHLD 14 10.933594 1567445684.0059
CHLD 15 10.882812 1567445684.0059
CHLD 16 10.859375 1567445684.0060
CHLD 17 10.812500 1567445684.0060
CHLD 18 10.812500 1567445684.0061
CHLD 19 10.902344 1567445684.0062
MEM 707.832031 1567445684.1067
CHLD 0 601.042969 1567445684.1480
CHLD 1 601.039062 1567445684.1481
CHLD 2 601.039062 1567445684.1481
CHLD 3 601.039062 1567445684.1482
CHLD 4 672.910156 1567445684.1482
CHLD 5 669.484375 1567445684.1483
CHLD 6 719.355469 1567445684.1483
CHLD 7 708.093750 1567445684.1484
CHLD 8 728.550781 1567445684.1485
CHLD 9 669.902344 1567445684.1485
CHLD 10 665.625000 1567445684.1486
CHLD 11 665.183594 1567445684.1486
CHLD 12 10.812500 1567445684.1487
CHLD 13 10.921875 1567445684.1487
CHLD 14 10.933594 1567445684.1488
CHLD 15 10.882812 1567445684.1488
CHLD 16 10.859375 1567445684.1489
CHLD 17 10.812500 1567445684.1489
CHLD 18 10.812500 1567445684.1490
CHLD 19 10.902344 1567445684.1490
MEM 707.832031 1567445684.2496
CHLD 0 601.042969 1567445684.3461
CHLD 1 601.039062 1567445684.3461
CHLD 2 601.039062 1567445684.3462
CHLD 3 601.039062 1567445684.3462
CHLD 4 672.910156 1567445684.4442
CHLD 5 669.484375 1567445684.4443
CHLD 6 723.996094 1567445684.4446
CHLD 7 710.156250 1567445684.4447
CHLD 8 735.253906 1567445684.4448
CHLD 9 669.902344 1567445684.4448
CHLD 10 665.625000 1567445684.4449
CHLD 11 665.699219 1567445684.4450
CHLD 12 10.812500 1567445684.4451
CHLD 13 10.921875 1567445684.4451
CHLD 14 10.933594 1567445684.4452
CHLD 15 10.882812 1567445684.4452
CHLD 16 10.859375 1567445684.4453
CHLD 17 10.812500 1567445684.4454
CHLD 18 10.812500 1567445684.4454
CHLD 19 10.902344 1567445684.4455
MEM 707.832031 1567445684.5515
CHLD 0 601.042969 1567445684.6881
CHLD 1 601.039062 1567445684.6881
CHLD 2 601.039062 1567445684.6882
CHLD 3 601.039062 1567445684.6882
CHLD 4 672.910156 1567445684.6883
CHLD 5 669.484375 1567445684.6883
CHLD 6 723.996094 1567445684.6884
CHLD 7 714.023438 1567445684.6885
CHLD 8 735.253906 1567445684.6886
CHLD 9 669.902344 1567445684.6886
CHLD 10 665.625000 1567445684.6887
CHLD 11 665.957031 1567445684.6888
CHLD 12 10.812500 1567445684.6889
CHLD 13 10.921875 1567445684.6889
CHLD 14 10.933594 1567445684.6890
CHLD 15 10.882812 1567445684.6890
CHLD 16 10.859375 1567445684.6891
CHLD 17 10.812500 1567445684.6892
CHLD 18 10.812500 1567445684.6892
CHLD 19 10.902344 1567445684.6893
MEM 707.832031 1567445684.7898
CHLD 0 601.042969 1567445684.9112
CHLD 1 601.039062 1567445684.9112
CHLD 2 601.039062 1567445684.9113
CHLD 3 601.039062 1567445684.9113
CHLD 4 672.910156 1567445684.9114
CHLD 5 669.484375 1567445684.9114
CHLD 6 725.542969 1567445684.9115
CHLD 7 714.796875 1567445684.9116
CHLD 8 740.667969 1567445684.9116
CHLD 9 669.902344 1567445684.9117
CHLD 10 665.625000 1567445684.9117
CHLD 11 665.957031 1567445684.9118
CHLD 12 10.812500 1567445684.9118
CHLD 13 10.921875 1567445684.9119
CHLD 14 10.933594 1567445684.9119
CHLD 15 10.882812 1567445684.9120
CHLD 16 10.859375 1567445684.9121
CHLD 17 10.812500 1567445684.9121
CHLD 18 10.812500 1567445684.9122
CHLD 19 10.902344 1567445684.9122
MEM 707.832031 1567445685.0134
CHLD 0 601.042969 1567445685.0991
CHLD 1 601.039062 1567445685.0992
CHLD 2 601.039062 1567445685.0993
CHLD 3 601.039062 1567445685.0993
CHLD 4 672.910156 1567445685.0994
CHLD 5 669.484375 1567445685.0995
CHLD 6 725.542969 1567445685.0995
CHLD 7 714.796875 1567445685.1510
CHLD 8 732.500000 1567445685.1511
CHLD 9 670.675781 1567445685.1512
CHLD 10 665.625000 1567445685.1513
CHLD 11 665.957031 1567445685.1513
CHLD 12 10.812500 1567445685.1514
CHLD 13 10.921875 1567445685.1514
CHLD 14 10.933594 1567445685.1515
CHLD 15 10.882812 1567445685.1516
CHLD 16 10.859375 1567445685.1516
CHLD 17 10.812500 1567445685.1517
CHLD 18 10.812500 1567445685.1517
CHLD 19 10.902344 1567445685.1518
MEM 707.832031 1567445685.2529
CHLD 0 601.042969 1567445685.3613
CHLD 1 601.039062 1567445685.3614
CHLD 2 601.039062 1567445685.3615
CHLD 3 601.039062 1567445685.3616
CHLD 4 672.910156 1567445685.3616
CHLD 5 669.484375 1567445685.3617
CHLD 6 729.410156 1567445685.3617
CHLD 7 715.054688 1567445685.3618
CHLD 8 732.500000 1567445685.3618
CHLD 9 670.675781 1567445685.3619
CHLD 10 665.625000 1567445685.3619
CHLD 11 665.957031 1567445685.3620
CHLD 12 10.812500 1567445685.3620
CHLD 13 10.921875 1567445685.3621
CHLD 14 10.933594 1567445685.3621
CHLD 15 10.882812 1567445685.3622
CHLD 16 10.859375 1567445685.3623
CHLD 17 10.812500 1567445685.3623
CHLD 18 10.812500 1567445685.3624
CHLD 19 10.902344 1567445685.3625
MEM 707.832031 1567445685.4645
CHLD 0 601.042969 1567445685.5734
CHLD 1 601.039062 1567445685.5734
CHLD 2 601.039062 1567445685.5735
CHLD 3 601.039062 1567445685.5735
CHLD 4 672.910156 1567445685.5736
CHLD 5 669.484375 1567445685.5737
CHLD 6 732.503906 1567445685.5737
CHLD 7 716.859375 1567445685.5738
CHLD 8 719.085938 1567445685.5738
CHLD 9 670.675781 1567445685.5739
CHLD 10 665.625000 1567445685.5740
CHLD 11 666.214844 1567445685.5740
CHLD 12 10.812500 1567445685.5741
CHLD 13 10.921875 1567445685.5741
CHLD 14 10.933594 1567445685.5742
CHLD 15 10.882812 1567445685.5743
CHLD 16 10.859375 1567445685.5743
CHLD 17 10.812500 1567445685.5744
CHLD 18 10.812500 1567445685.5745
CHLD 19 10.902344 1567445685.5745
MEM 707.832031 1567445685.6750
CHLD 0 601.042969 1567445685.7493
CHLD 1 601.039062 1567445685.7493
CHLD 2 601.039062 1567445685.7494
CHLD 3 601.039062 1567445685.7495
CHLD 4 672.910156 1567445685.7495
CHLD 5 669.484375 1567445685.7496
CHLD 6 732.503906 1567445685.7496
CHLD 7 716.859375 1567445685.7497
CHLD 8 723.984375 1567445685.7497
CHLD 9 670.675781 1567445685.7498
CHLD 10 665.625000 1567445685.7498
CHLD 11 666.214844 1567445685.7499
CHLD 12 10.812500 1567445685.7500
CHLD 13 10.921875 1567445685.7500
CHLD 14 10.933594 1567445685.7501
CHLD 15 10.882812 1567445685.7502
CHLD 16 10.859375 1567445685.7502
CHLD 17 10.812500 1567445685.7503
CHLD 18 10.812500 1567445685.7504
CHLD 19 10.902344 1567445685.7504
MEM 707.832031 1567445685.8509
CHLD 0 601.042969 1567445685.9025
CHLD 1 601.039062 1567445685.9026
CHLD 2 601.039062 1567445685.9027
CHLD 3 601.039062 1567445685.9027
CHLD 4 672.910156 1567445685.9028
CHLD 5 669.484375 1567445685.9029
CHLD 6 732.503906 1567445685.9029
CHLD 7 717.632812 1567445685.9030
CHLD 8 723.984375 1567445685.9031
CHLD 9 670.675781 1567445685.9031
CHLD 10 665.625000 1567445685.9032
CHLD 11 666.214844 1567445685.9032
CHLD 12 10.812500 1567445685.9033
CHLD 13 10.921875 1567445685.9238
CHLD 14 10.933594 1567445685.9239
CHLD 15 10.882812 1567445685.9240
CHLD 16 10.859375 1567445685.9240
CHLD 17 10.812500 1567445685.9241
CHLD 18 10.812500 1567445685.9242
CHLD 19 10.902344 1567445685.9242
MEM 707.832031 1567445686.0266
CHLD 0 601.042969 1567445686.1386
CHLD 1 601.039062 1567445686.1386
CHLD 2 601.039062 1567445686.1387
CHLD 3 601.039062 1567445686.1387
CHLD 4 672.910156 1567445686.1388
CHLD 5 669.484375 1567445686.1389
CHLD 6 732.503906 1567445686.1389
CHLD 7 717.632812 1567445686.1390
CHLD 8 723.984375 1567445686.1390
CHLD 9 670.675781 1567445686.1391
CHLD 10 665.625000 1567445686.1392
CHLD 11 666.730469 1567445686.1392
CHLD 12 10.812500 1567445686.1393
CHLD 13 10.921875 1567445686.1393
CHLD 14 10.933594 1567445686.1394
CHLD 15 10.882812 1567445686.1395
CHLD 16 10.859375 1567445686.1395
CHLD 17 10.812500 1567445686.1396
CHLD 18 10.812500 1567445686.1396
CHLD 19 10.902344 1567445686.1397
MEM 707.843750 1567445686.2658
CHLD 0 601.042969 1567445686.3639
CHLD 1 601.039062 1567445686.3640
CHLD 2 601.039062 1567445686.3641
CHLD 3 601.039062 1567445686.3641
CHLD 4 672.910156 1567445686.3642
CHLD 5 669.484375 1567445686.3642
CHLD 6 732.503906 1567445686.3643
CHLD 7 717.632812 1567445686.3643
CHLD 8 724.500000 1567445686.3644
CHLD 9 670.675781 1567445686.3644
CHLD 10 665.625000 1567445686.3645
CHLD 11 666.730469 1567445686.3645
CHLD 12 10.812500 1567445686.3646
CHLD 13 10.921875 1567445686.3647
CHLD 14 10.933594 1567445686.3647
CHLD 15 10.882812 1567445686.3648
CHLD 16 10.859375 1567445686.3648
CHLD 17 10.812500 1567445686.3649
CHLD 18 10.812500 1567445686.3649
CHLD 19 10.902344 1567445686.3650
MEM 707.843750 1567445686.4667
CHLD 0 601.042969 1567445686.5236
CHLD 1 601.039062 1567445686.5237
CHLD 2 601.039062 1567445686.5238
CHLD 3 601.039062 1567445686.5238
CHLD 4 672.910156 1567445686.5239
CHLD 5 669.484375 1567445686.5240
CHLD 6 732.503906 1567445686.5240
CHLD 7 717.632812 1567445686.5241
CHLD 8 728.882812 1567445686.5241
CHLD 9 670.675781 1567445686.5242
CHLD 10 665.625000 1567445686.5242
CHLD 11 666.730469 1567445686.5243
CHLD 12 10.812500 1567445686.5244
CHLD 13 10.921875 1567445686.5244
CHLD 14 10.933594 1567445686.5245
CHLD 15 10.882812 1567445686.5245
CHLD 16 10.859375 1567445686.5246
CHLD 17 10.812500 1567445686.5247
CHLD 18 10.812500 1567445686.5786
CHLD 19 10.902344 1567445686.5787
MEM 707.843750 1567445686.6827
CHLD 0 601.042969 1567445686.7407
CHLD 1 601.039062 1567445686.7408
CHLD 2 601.039062 1567445686.7408
CHLD 3 601.039062 1567445686.7409
CHLD 4 672.910156 1567445686.7409
CHLD 5 669.484375 1567445686.7410
CHLD 6 732.503906 1567445686.7411
CHLD 7 717.632812 1567445686.7411
CHLD 8 728.882812 1567445686.7412
CHLD 9 670.675781 1567445686.7412
CHLD 10 665.882812 1567445686.7413
CHLD 11 666.730469 1567445686.7413
CHLD 12 10.812500 1567445686.7414
CHLD 13 10.921875 1567445686.7414
CHLD 14 10.933594 1567445686.7415
CHLD 15 10.882812 1567445686.7415
CHLD 16 10.859375 1567445686.7416
CHLD 17 10.812500 1567445686.7416
CHLD 18 10.812500 1567445686.7417
CHLD 19 10.902344 1567445686.7417
MEM 707.843750 1567445686.8422
CHLD 0 601.042969 1567445686.9005
CHLD 1 601.039062 1567445686.9234
CHLD 2 601.039062 1567445686.9235
CHLD 3 601.039062 1567445686.9236
CHLD 4 672.910156 1567445686.9236
CHLD 5 669.484375 1567445686.9237
CHLD 6 732.503906 1567445686.9237
CHLD 7 717.632812 1567445686.9238
CHLD 8 728.882812 1567445686.9239
CHLD 9 670.675781 1567445686.9239
CHLD 10 665.882812 1567445686.9240
CHLD 11 666.730469 1567445686.9240
CHLD 12 10.812500 1567445686.9241
CHLD 13 10.921875 1567445686.9242
CHLD 14 10.933594 1567445686.9242
CHLD 15 10.882812 1567445686.9243
CHLD 16 10.859375 1567445686.9243
CHLD 17 10.812500 1567445686.9244
CHLD 18 10.812500 1567445686.9244
CHLD 19 10.902344 1567445686.9245
MEM 707.843750 1567445687.0249
CHLD 0 601.042969 1567445687.0821
CHLD 1 601.039062 1567445687.0822
CHLD 2 601.039062 1567445687.0823
CHLD 3 601.039062 1567445687.0824
CHLD 4 672.910156 1567445687.0824
CHLD 5 669.484375 1567445687.0825
CHLD 6 732.503906 1567445687.0825
CHLD 7 717.632812 1567445687.0826
CHLD 8 716.312500 1567445687.0826
CHLD 9 670.675781 1567445687.0827
CHLD 10 665.882812 1567445687.0828
CHLD 11 666.730469 1567445687.0828
CHLD 12 10.812500 1567445687.0829
CHLD 13 10.921875 1567445687.0829
CHLD 14 10.933594 1567445687.0830
CHLD 15 10.882812 1567445687.0830
CHLD 16 10.859375 1567445687.0831
CHLD 17 10.812500 1567445687.0831
CHLD 18 10.812500 1567445687.0832
CHLD 19 10.902344 1567445687.0832
MEM 707.843750 1567445687.1837
CHLD 0 601.042969 1567445687.2328
CHLD 1 601.039062 1567445687.2329
CHLD 2 601.039062 1567445687.2329
CHLD 3 601.039062 1567445687.2330
CHLD 4 672.910156 1567445687.2331
CHLD 5 669.484375 1567445687.2331
CHLD 6 732.503906 1567445687.2332
CHLD 7 717.632812 1567445687.2332
CHLD 8 724.042969 1567445687.2333
CHLD 9 670.675781 1567445687.2333
CHLD 10 665.882812 1567445687.2334
CHLD 11 666.730469 1567445687.2335
CHLD 12 10.812500 1567445687.2335
CHLD 13 10.921875 1567445687.2336
CHLD 14 10.933594 1567445687.2336
CHLD 15 10.882812 1567445687.2337
CHLD 16 10.859375 1567445687.2338
CHLD 17 10.812500 1567445687.2338
CHLD 18 10.812500 1567445687.2339
CHLD 19 10.902344 1567445687.2339
MEM 707.843750 1567445687.3369
CHLD 0 601.042969 1567445687.4402
CHLD 1 601.039062 1567445687.4403
CHLD 2 601.039062 1567445687.4403
CHLD 3 601.039062 1567445687.4404
CHLD 4 672.910156 1567445687.4404
CHLD 5 669.484375 1567445687.4405
CHLD 6 735.339844 1567445687.4405
CHLD 7 717.632812 1567445687.4406
CHLD 8 724.042969 1567445687.4407
CHLD 9 670.675781 1567445687.4407
CHLD 10 665.882812 1567445687.4408
CHLD 11 666.730469 1567445687.4408
CHLD 12 10.812500 1567445687.4409
CHLD 13 10.921875 1567445687.4409
CHLD 14 10.933594 1567445687.4410
CHLD 15 10.882812 1567445687.4411
CHLD 16 10.859375 1567445687.4411
CHLD 17 10.812500 1567445687.4412
CHLD 18 10.812500 1567445687.4412
CHLD 19 10.902344 1567445687.4413
MEM 707.843750 1567445687.5417
CHLD 0 601.042969 1567445687.6086
CHLD 1 601.039062 1567445687.6087
CHLD 2 601.039062 1567445687.6087
CHLD 3 601.039062 1567445687.6088
CHLD 4 672.910156 1567445687.6088
CHLD 5 670.000000 1567445687.6089
CHLD 6 735.339844 1567445687.6090
CHLD 7 717.632812 1567445687.6090
CHLD 8 728.167969 1567445687.6091
CHLD 9 670.675781 1567445687.6091
CHLD 10 665.882812 1567445687.6197
CHLD 11 666.988281 1567445687.6199
CHLD 12 10.812500 1567445687.6199
CHLD 13 10.921875 1567445687.6200
CHLD 14 10.933594 1567445687.6201
CHLD 15 10.882812 1567445687.6201
CHLD 16 10.859375 1567445687.6202
CHLD 17 10.812500 1567445687.6202
CHLD 18 10.812500 1567445687.6203
CHLD 19 10.902344 1567445687.6204
MEM 707.843750 1567445687.7210
CHLD 0 601.042969 1567445687.7971
CHLD 1 601.039062 1567445687.7972
CHLD 2 601.039062 1567445687.7973
CHLD 3 601.039062 1567445687.7973
CHLD 4 672.910156 1567445687.7974
CHLD 5 670.773438 1567445687.7974
CHLD 6 738.433594 1567445687.7975
CHLD 7 717.632812 1567445687.7976
CHLD 8 728.683594 1567445687.7976
CHLD 9 670.675781 1567445687.7977
CHLD 10 665.882812 1567445687.7977
CHLD 11 666.988281 1567445687.7978
CHLD 12 10.812500 1567445687.7978
CHLD 13 10.921875 1567445687.7979
CHLD 14 10.933594 1567445687.7980
CHLD 15 10.882812 1567445687.7980
CHLD 16 10.859375 1567445687.7981
CHLD 17 10.812500 1567445687.7981
CHLD 18 10.812500 1567445687.7982
CHLD 19 10.902344 1567445687.8021
MEM 707.843750 1567445687.9026
CHLD 0 601.042969 1567445687.9454
CHLD 1 601.039062 1567445687.9454
CHLD 2 601.039062 1567445687.9455
CHLD 3 601.039062 1567445687.9455
CHLD 4 672.910156 1567445687.9456
CHLD 5 670.773438 1567445687.9457
CHLD 6 738.433594 1567445687.9457
CHLD 7 717.632812 1567445687.9458
CHLD 8 728.941406 1567445687.9458
CHLD 9 670.675781 1567445687.9459
CHLD 10 665.882812 1567445687.9459
CHLD 11 666.988281 1567445687.9460
CHLD 12 10.812500 1567445687.9460
CHLD 13 10.921875 1567445687.9461
CHLD 14 10.933594 1567445687.9461
CHLD 15 10.882812 1567445687.9462
CHLD 16 10.859375 1567445687.9696
CHLD 17 10.812500 1567445687.9698
CHLD 18 10.812500 1567445687.9699
CHLD 19 10.902344 1567445687.9700
MEM 707.843750 1567445688.0710
CHLD 0 601.042969 1567445688.1071
CHLD 1 601.039062 1567445688.1072
CHLD 2 601.039062 1567445688.1072
CHLD 3 601.039062 1567445688.1073
CHLD 4 672.910156 1567445688.1073
CHLD 5 670.773438 1567445688.1074
CHLD 6 738.433594 1567445688.1074
CHLD 7 717.632812 1567445688.1075
CHLD 8 728.941406 1567445688.1075
CHLD 9 670.675781 1567445688.1076
CHLD 10 665.882812 1567445688.1077
CHLD 11 666.988281 1567445688.1077
CHLD 12 10.812500 1567445688.1078
CHLD 13 10.921875 1567445688.1078
CHLD 14 10.933594 1567445688.1079
CHLD 15 10.882812 1567445688.1079
CHLD 16 10.859375 1567445688.1080
CHLD 17 10.812500 1567445688.1081
CHLD 18 10.812500 1567445688.1081
CHLD 19 10.902344 1567445688.1082
MEM 707.843750 1567445688.2088
CHLD 0 601.042969 1567445688.2794
CHLD 1 601.039062 1567445688.2795
CHLD 2 601.039062 1567445688.2796
CHLD 3 601.039062 1567445688.2796
CHLD 4 672.910156 1567445688.2797
CHLD 5 670.773438 1567445688.2797
CHLD 6 738.433594 1567445688.2798
CHLD 7 717.632812 1567445688.2799
CHLD 8 732.550781 1567445688.2799
CHLD 9 670.675781 1567445688.2800
CHLD 10 665.882812 1567445688.2800
CHLD 11 666.988281 1567445688.2801
CHLD 12 10.812500 1567445688.2801
CHLD 13 10.921875 1567445688.2802
CHLD 14 10.933594 1567445688.2803
CHLD 15 10.882812 1567445688.2803
CHLD 16 10.859375 1567445688.2804
CHLD 17 10.812500 1567445688.2805
CHLD 18 10.812500 1567445688.2805
CHLD 19 10.902344 1567445688.2806
MEM 707.843750 1567445688.3811
CHLD 0 601.042969 1567445688.5294
CHLD 1 601.039062 1567445688.5295
CHLD 2 601.039062 1567445688.5296
CHLD 3 601.039062 1567445688.5296
CHLD 4 672.910156 1567445688.5297
CHLD 5 670.773438 1567445688.5297
CHLD 6 738.433594 1567445688.5298
CHLD 7 717.632812 1567445688.5298
CHLD 8 736.675781 1567445688.5299
CHLD 9 670.675781 1567445688.5300
CHLD 10 665.882812 1567445688.5300
CHLD 11 666.988281 1567445688.5301
CHLD 12 10.812500 1567445688.5301
CHLD 13 10.921875 1567445688.5302
CHLD 14 10.933594 1567445688.5302
CHLD 15 10.882812 1567445688.5551
CHLD 16 10.859375 1567445688.5552
CHLD 17 10.812500 1567445688.5553
CHLD 18 10.812500 1567445688.5554
CHLD 19 10.902344 1567445688.5555
MEM 707.843750 1567445688.6589
CHLD 0 601.042969 1567445688.7679
CHLD 1 601.039062 1567445688.7680
CHLD 2 601.039062 1567445688.7680
CHLD 3 601.039062 1567445688.7681
CHLD 4 672.910156 1567445688.7682
CHLD 5 670.773438 1567445688.7682
CHLD 6 741.527344 1567445688.7683
CHLD 7 717.632812 1567445688.7683
CHLD 8 736.675781 1567445688.7684
CHLD 9 670.675781 1567445688.7684
CHLD 10 665.882812 1567445688.7685
CHLD 11 666.988281 1567445688.7686
CHLD 12 10.812500 1567445688.7686
CHLD 13 10.921875 1567445688.7687
CHLD 14 10.933594 1567445688.7687
CHLD 15 10.882812 1567445688.7688
CHLD 16 10.859375 1567445688.7688
CHLD 17 10.812500 1567445688.7689
CHLD 18 10.812500 1567445688.7690
CHLD 19 10.902344 1567445688.7690
MEM 707.843750 1567445688.8704
CHLD 0 601.042969 1567445688.9969
CHLD 1 601.039062 1567445688.9969
CHLD 2 601.039062 1567445688.9970
CHLD 3 601.039062 1567445688.9970
CHLD 4 672.910156 1567445688.9971
CHLD 5 670.773438 1567445688.9971
CHLD 6 741.527344 1567445688.9972
CHLD 7 717.632812 1567445688.9973
CHLD 8 724.746094 1567445688.9973
CHLD 9 671.449219 1567445688.9974
CHLD 10 665.882812 1567445688.9974
CHLD 11 666.988281 1567445688.9975
CHLD 12 10.812500 1567445688.9975
CHLD 13 10.921875 1567445688.9976
CHLD 14 10.933594 1567445688.9976
CHLD 15 10.882812 1567445688.9977
CHLD 16 10.859375 1567445688.9977
CHLD 17 10.812500 1567445688.9978
CHLD 18 10.812500 1567445688.9978
CHLD 19 10.902344 1567445688.9979
MEM 707.843750 1567445689.0986
CHLD 0 601.042969 1567445689.1653
CHLD 1 601.039062 1567445689.1654
CHLD 2 601.039062 1567445689.1654
CHLD 3 601.039062 1567445689.1655
CHLD 4 672.910156 1567445689.1655
CHLD 5 670.773438 1567445689.1656
CHLD 6 741.527344 1567445689.1656
CHLD 7 717.632812 1567445689.1657
CHLD 8 724.746094 1567445689.1658
CHLD 9 671.449219 1567445689.1658
CHLD 10 665.882812 1567445689.1659
CHLD 11 666.988281 1567445689.1660
CHLD 12 10.812500 1567445689.1661
CHLD 13 10.921875 1567445689.1661
CHLD 14 10.933594 1567445689.1662
CHLD 15 10.882812 1567445689.1662
CHLD 16 10.859375 1567445689.1808
CHLD 17 10.812500 1567445689.1809
CHLD 18 10.812500 1567445689.1810
CHLD 19 10.902344 1567445689.1811
