CMDLINE /home/dn16382/anaconda3/bin/python mnist_example.py
MEM 1.925781 1567443618.1716
MEM 16.015625 1567443618.2856
MEM 32.636719 1567443618.4115
MEM 40.812500 1567443618.5204
MEM 60.238281 1567443618.6287
MEM 71.300781 1567443618.7418
MEM 78.324219 1567443618.8501
MEM 95.851562 1567443618.9585
MEM 158.128906 1567443619.0672
MEM 162.636719 1567443619.1765
MEM 166.554688 1567443619.2849
MEM 175.582031 1567443619.3935
MEM 180.757812 1567443619.5017
MEM 187.343750 1567443619.6109
MEM 200.324219 1567443619.7189
MEM 205.968750 1567443619.8270
MEM 213.101562 1567443619.9401
MEM 217.015625 1567443620.0483
MEM 227.667969 1567443620.1566
MEM 233.984375 1567443620.2708
MEM 251.437500 1567443620.3795
MEM 256.605469 1567443620.4877
MEM 263.890625 1567443620.5962
MEM 273.605469 1567443620.7043
MEM 290.105469 1567443620.8123
MEM 306.863281 1567443620.9205
MEM 348.187500 1567443621.0309
MEM 364.867188 1567443621.1391
MEM 483.976562 1567443621.2472
MEM 647.687500 1567443621.3556
MEM 678.953125 1567443621.4640
MEM 649.957031 1567443621.5733
MEM 713.613281 1567443621.6815
CHLD 0 601.214844 1567443621.6902
CHLD 1 601.222656 1567443621.6903
CHLD 2 601.222656 1567443621.6904
CHLD 3 601.222656 1567443621.6904
MEM 894.855469 1567443621.7909
CHLD 0 601.214844 1567443621.8056
CHLD 1 601.222656 1567443621.8056
CHLD 2 601.222656 1567443621.8057
CHLD 3 601.222656 1567443621.8058
MEM 1102.875000 1567443621.9063
CHLD 0 601.214844 1567443621.9210
CHLD 1 601.222656 1567443621.9211
CHLD 2 601.222656 1567443621.9212
CHLD 3 601.222656 1567443621.9212
MEM 1302.164062 1567443622.0218
CHLD 0 601.214844 1567443622.0366
CHLD 1 601.222656 1567443622.0367
CHLD 2 601.222656 1567443622.0367
CHLD 3 601.222656 1567443622.0368
MEM 1506.050781 1567443622.1372
CHLD 0 601.214844 1567443622.1519
CHLD 1 601.222656 1567443622.1519
CHLD 2 601.222656 1567443622.1520
CHLD 3 601.222656 1567443622.1521
MEM 1134.589844 1567443622.2526
CHLD 0 699.835938 1567443622.2697
CHLD 1 601.222656 1567443622.2698
CHLD 2 601.222656 1567443622.2699
CHLD 3 601.222656 1567443622.2699
MEM 1134.605469 1567443622.3705
CHLD 0 858.132812 1567443622.3881
CHLD 1 601.222656 1567443622.3882
CHLD 2 601.222656 1567443622.3882
CHLD 3 601.222656 1567443622.3883
MEM 1134.605469 1567443622.4887
CHLD 0 1024.164062 1567443622.5027
CHLD 1 601.222656 1567443622.5028
CHLD 2 601.222656 1567443622.5028
CHLD 3 601.222656 1567443622.5029
MEM 713.226562 1567443622.6033
CHLD 0 1222.421875 1567443622.6121
CHLD 1 601.222656 1567443622.6121
CHLD 2 601.222656 1567443622.6122
CHLD 3 601.222656 1567443622.6122
MEM 713.226562 1567443622.7126
CHLD 0 1423.515625 1567443622.7211
CHLD 1 601.222656 1567443622.7211
CHLD 2 601.222656 1567443622.7212
CHLD 3 601.222656 1567443622.7212
MEM 713.308594 1567443622.8216
MEM 713.386719 1567443622.9341
MEM 713.449219 1567443623.0463
