CMDLINE /home/dn16382/anaconda3/bin/python mnist_example.py
MEM 1.910156 1567448355.9768
MEM 15.054688 1567448356.0923
MEM 27.328125 1567448356.2145
MEM 37.152344 1567448356.3238
MEM 44.792969 1567448356.4330
MEM 66.679688 1567448356.5421
MEM 76.386719 1567448356.6514
MEM 84.304688 1567448356.7605
MEM 134.328125 1567448356.8699
MEM 162.296875 1567448356.9793
MEM 162.550781 1567448357.0886
MEM 172.773438 1567448357.1977
MEM 179.441406 1567448357.3069
MEM 185.558594 1567448357.4161
MEM 194.546875 1567448357.5255
MEM 203.984375 1567448357.6348
MEM 212.496094 1567448357.7440
MEM 218.832031 1567448357.8551
MEM 229.824219 1567448357.9651
MEM 238.429688 1567448358.0748
MEM 252.078125 1567448358.1862
MEM 260.007812 1567448358.2960
MEM 263.480469 1567448358.4119
MEM 270.332031 1567448358.5214
MEM 286.574219 1567448358.6309
MEM 303.589844 1567448358.7405
MEM 373.878906 1567448358.8499
MEM 362.882812 1567448358.9594
MEM 467.812500 1567448359.0688
MEM 628.171875 1567448359.1782
MEM 676.964844 1567448359.2888
MEM 640.566406 1567448359.3994
MEM 708.167969 1567448359.5087
CHLD 0 601.085938 1567448359.5179
MEM 708.242188 1567448359.6183
CHLD 0 601.085938 1567448359.6489
CHLD 1 601.093750 1567448359.6489
CHLD 2 601.093750 1567448359.6490
CHLD 3 601.093750 1567448359.6491
CHLD 4 607.886719 1567448359.6491
CHLD 5 607.062500 1567448359.6492
CHLD 6 606.125000 1567448359.6492
CHLD 7 605.511719 1567448359.6493
CHLD 8 601.253906 1567448359.6493
CHLD 9 0.007812 1567448359.6494
CHLD 10 0.007812 1567448359.6495
CHLD 11 6.820312 1567448359.6495
MEM 708.277344 1567448359.7499
CHLD 0 601.085938 1567448359.7782
CHLD 1 601.093750 1567448359.7783
CHLD 2 601.093750 1567448359.7784
CHLD 3 601.093750 1567448359.7784
CHLD 4 611.617188 1567448359.7785
CHLD 5 611.234375 1567448359.7785
CHLD 6 609.542969 1567448359.7786
CHLD 7 606.292969 1567448359.7786
CHLD 8 601.253906 1567448359.7787
CHLD 9 601.195312 1567448359.7787
CHLD 10 601.199219 1567448359.7788
CHLD 11 601.199219 1567448359.7788
CHLD 12 0.007812 1567448359.7789
CHLD 13 8.765625 1567448359.7790
CHLD 14 8.757812 1567448359.7790
CHLD 15 8.988281 1567448359.7791
MEM 708.277344 1567448359.8794
CHLD 0 601.085938 1567448359.9041
CHLD 1 601.093750 1567448359.9041
CHLD 2 601.093750 1567448359.9042
CHLD 3 601.093750 1567448359.9043
CHLD 4 616.664062 1567448359.9043
CHLD 5 614.855469 1567448359.9044
CHLD 6 614.570312 1567448359.9044
CHLD 7 609.511719 1567448359.9045
CHLD 8 601.253906 1567448359.9046
CHLD 9 601.195312 1567448359.9046
CHLD 10 601.199219 1567448359.9047
CHLD 11 601.199219 1567448359.9048
CHLD 12 9.046875 1567448359.9048
CHLD 13 10.945312 1567448359.9049
CHLD 14 10.871094 1567448359.9049
CHLD 15 10.890625 1567448359.9050
MEM 708.277344 1567448360.0054
CHLD 0 601.085938 1567448360.0583
CHLD 1 601.093750 1567448360.0584
CHLD 2 601.093750 1567448360.0585
CHLD 3 601.093750 1567448360.0585
CHLD 4 618.140625 1567448360.0586
CHLD 5 617.917969 1567448360.0587
CHLD 6 618.453125 1567448360.0587
CHLD 7 614.976562 1567448360.0588
CHLD 8 601.253906 1567448360.0588
CHLD 9 601.195312 1567448360.0589
CHLD 10 601.199219 1567448360.0590
CHLD 11 601.199219 1567448360.0590
CHLD 12 10.945312 1567448360.0591
CHLD 13 10.945312 1567448360.0591
CHLD 14 10.871094 1567448360.0592
CHLD 15 10.890625 1567448360.0592
MEM 708.277344 1567448360.1596
CHLD 0 601.085938 1567448360.1843
CHLD 1 601.093750 1567448360.1844
CHLD 2 601.093750 1567448360.1844
CHLD 3 601.093750 1567448360.1845
CHLD 4 618.375000 1567448360.1845
CHLD 5 618.203125 1567448360.1846
CHLD 6 619.351562 1567448360.1847
CHLD 7 618.269531 1567448360.1847
CHLD 8 601.253906 1567448360.1848
CHLD 9 601.195312 1567448360.1848
CHLD 10 601.199219 1567448360.1849
CHLD 11 601.199219 1567448360.1849
CHLD 12 10.945312 1567448360.1850
CHLD 13 10.945312 1567448360.1850
CHLD 14 10.871094 1567448360.1851
CHLD 15 10.890625 1567448360.1851
MEM 708.277344 1567448360.2876
CHLD 0 601.085938 1567448360.3184
CHLD 1 601.093750 1567448360.3185
CHLD 2 601.093750 1567448360.3185
CHLD 3 601.093750 1567448360.3186
CHLD 4 619.355469 1567448360.3186
CHLD 5 618.703125 1567448360.3187
CHLD 6 621.648438 1567448360.3188
CHLD 7 619.554688 1567448360.3188
CHLD 8 601.253906 1567448360.3189
CHLD 9 601.195312 1567448360.3189
CHLD 10 601.199219 1567448360.3190
CHLD 11 601.199219 1567448360.3190
CHLD 12 10.945312 1567448360.3191
CHLD 13 10.945312 1567448360.3192
CHLD 14 10.871094 1567448360.3192
CHLD 15 10.890625 1567448360.3193
MEM 708.277344 1567448360.4197
CHLD 0 601.085938 1567448360.4444
CHLD 1 601.093750 1567448360.4445
CHLD 2 601.093750 1567448360.4446
CHLD 3 601.093750 1567448360.4446
CHLD 4 622.332031 1567448360.4447
CHLD 5 622.753906 1567448360.4447
CHLD 6 622.964844 1567448360.4448
CHLD 7 621.597656 1567448360.4448
CHLD 8 601.253906 1567448360.4449
CHLD 9 601.195312 1567448360.4449
CHLD 10 601.199219 1567448360.4450
CHLD 11 601.199219 1567448360.4450
CHLD 12 10.945312 1567448360.4451
CHLD 13 10.945312 1567448360.4451
CHLD 14 10.871094 1567448360.4452
CHLD 15 10.890625 1567448360.4452
MEM 708.277344 1567448360.5456
CHLD 0 601.085938 1567448360.5834
CHLD 1 601.093750 1567448360.5835
CHLD 2 601.093750 1567448360.5836
CHLD 3 601.093750 1567448360.5836
CHLD 4 624.187500 1567448360.5837
CHLD 5 629.984375 1567448360.5838
CHLD 6 623.925781 1567448360.5838
CHLD 7 623.515625 1567448360.5839
CHLD 8 601.253906 1567448360.5839
CHLD 9 601.195312 1567448360.5840
CHLD 10 601.199219 1567448360.5841
CHLD 11 601.199219 1567448360.5841
CHLD 12 10.945312 1567448360.5842
CHLD 13 10.945312 1567448360.5842
CHLD 14 10.871094 1567448360.5843
CHLD 15 10.890625 1567448360.5844
MEM 708.277344 1567448360.6848
CHLD 0 601.085938 1567448360.7171
CHLD 1 601.093750 1567448360.7172
CHLD 2 601.093750 1567448360.7172
CHLD 3 601.093750 1567448360.7173
CHLD 4 633.492188 1567448360.7173
CHLD 5 633.421875 1567448360.7174
CHLD 6 629.550781 1567448360.7175
CHLD 7 625.160156 1567448360.7175
CHLD 8 601.253906 1567448360.7176
CHLD 9 601.195312 1567448360.7176
CHLD 10 601.199219 1567448360.7177
CHLD 11 601.199219 1567448360.7178
CHLD 12 10.945312 1567448360.7178
CHLD 13 10.945312 1567448360.7179
CHLD 14 10.871094 1567448360.7179
CHLD 15 10.890625 1567448360.7180
MEM 708.277344 1567448360.8184
CHLD 0 601.085938 1567448360.8508
CHLD 1 601.093750 1567448360.8509
CHLD 2 601.093750 1567448360.8509
CHLD 3 601.093750 1567448360.8510
CHLD 4 634.382812 1567448360.8510
CHLD 5 634.566406 1567448360.8511
CHLD 6 634.003906 1567448360.8512
CHLD 7 633.460938 1567448360.8512
CHLD 8 601.253906 1567448360.8513
CHLD 9 601.195312 1567448360.8513
CHLD 10 601.199219 1567448360.8514
CHLD 11 601.199219 1567448360.8514
CHLD 12 10.945312 1567448360.8515
CHLD 13 10.945312 1567448360.8516
CHLD 14 10.871094 1567448360.8516
CHLD 15 10.890625 1567448360.8517
MEM 708.277344 1567448360.9521
CHLD 0 601.085938 1567448360.9806
CHLD 1 601.093750 1567448360.9807
CHLD 2 601.093750 1567448360.9807
CHLD 3 601.093750 1567448360.9808
CHLD 4 634.625000 1567448360.9808
CHLD 5 634.789062 1567448360.9809
CHLD 6 634.796875 1567448360.9809
CHLD 7 634.644531 1567448360.9810
CHLD 8 601.253906 1567448360.9810
CHLD 9 601.195312 1567448360.9811
CHLD 10 601.199219 1567448360.9811
CHLD 11 601.199219 1567448360.9812
CHLD 12 10.945312 1567448360.9812
CHLD 13 10.945312 1567448360.9813
CHLD 14 10.871094 1567448360.9813
CHLD 15 10.890625 1567448360.9814
MEM 708.277344 1567448361.0818
CHLD 0 601.085938 1567448361.1104
CHLD 1 601.093750 1567448361.1105
CHLD 2 601.093750 1567448361.1105
CHLD 3 601.093750 1567448361.1106
CHLD 4 635.035156 1567448361.1107
CHLD 5 635.441406 1567448361.1107
CHLD 6 634.992188 1567448361.1108
CHLD 7 635.152344 1567448361.1108
CHLD 8 601.253906 1567448361.1109
CHLD 9 601.195312 1567448361.1109
CHLD 10 601.199219 1567448361.1110
CHLD 11 601.199219 1567448361.1110
CHLD 12 10.945312 1567448361.1111
CHLD 13 10.945312 1567448361.1111
CHLD 14 10.871094 1567448361.1112
CHLD 15 10.890625 1567448361.1113
MEM 708.277344 1567448361.2117
CHLD 0 601.085938 1567448361.2361
CHLD 1 601.093750 1567448361.2361
CHLD 2 601.093750 1567448361.2362
CHLD 3 601.093750 1567448361.2363
CHLD 4 636.996094 1567448361.2363
CHLD 5 637.546875 1567448361.2364
CHLD 6 635.238281 1567448361.2364
CHLD 7 637.144531 1567448361.2365
CHLD 8 601.253906 1567448361.2366
CHLD 9 601.195312 1567448361.2384
CHLD 10 601.199219 1567448361.2385
CHLD 11 601.199219 1567448361.2386
CHLD 12 10.945312 1567448361.2386
CHLD 13 10.945312 1567448361.2387
CHLD 14 10.871094 1567448361.2388
CHLD 15 10.890625 1567448361.2388
MEM 708.277344 1567448361.3392
CHLD 0 601.085938 1567448361.3768
CHLD 1 601.093750 1567448361.3768
CHLD 2 601.093750 1567448361.3769
CHLD 3 601.093750 1567448361.3770
CHLD 4 637.246094 1567448361.3770
CHLD 5 640.195312 1567448361.3771
CHLD 6 636.246094 1567448361.3771
CHLD 7 637.480469 1567448361.3772
CHLD 8 601.253906 1567448361.3773
CHLD 9 601.195312 1567448361.3773
CHLD 10 601.199219 1567448361.3774
CHLD 11 601.199219 1567448361.3804
CHLD 12 10.945312 1567448361.3804
CHLD 13 10.945312 1567448361.3805
CHLD 14 10.871094 1567448361.3806
CHLD 15 10.890625 1567448361.3806
MEM 708.277344 1567448361.4810
CHLD 0 601.085938 1567448361.5088
CHLD 1 601.093750 1567448361.5088
CHLD 2 601.093750 1567448361.5089
CHLD 3 601.093750 1567448361.5089
CHLD 4 637.246094 1567448361.5090
CHLD 5 640.894531 1567448361.5090
CHLD 6 637.433594 1567448361.5091
CHLD 7 637.480469 1567448361.5092
CHLD 8 601.253906 1567448361.5092
CHLD 9 601.195312 1567448361.5093
CHLD 10 601.199219 1567448361.5093
CHLD 11 601.199219 1567448361.5094
CHLD 12 10.945312 1567448361.5094
CHLD 13 10.945312 1567448361.5095
CHLD 14 10.871094 1567448361.5095
CHLD 15 10.890625 1567448361.5096
MEM 708.277344 1567448361.6100
CHLD 0 601.085938 1567448361.6257
CHLD 1 601.093750 1567448361.6257
CHLD 2 601.093750 1567448361.6258
CHLD 3 601.093750 1567448361.6259
CHLD 4 640.425781 1567448361.6259
CHLD 5 641.203125 1567448361.6260
CHLD 6 637.433594 1567448361.6260
CHLD 7 640.554688 1567448361.6261
CHLD 8 601.253906 1567448361.6262
CHLD 9 601.195312 1567448361.6262
CHLD 10 601.199219 1567448361.6612
CHLD 11 601.199219 1567448361.6613
CHLD 12 10.945312 1567448361.6614
CHLD 13 10.945312 1567448361.6615
CHLD 14 10.871094 1567448361.6615
CHLD 15 10.890625 1567448361.6616
MEM 708.277344 1567448361.7620
CHLD 0 601.085938 1567448361.8048
CHLD 1 601.093750 1567448361.8048
CHLD 2 601.093750 1567448361.8049
CHLD 3 601.093750 1567448361.8050
CHLD 4 641.199219 1567448361.8050
CHLD 5 641.761719 1567448361.8051
CHLD 6 640.726562 1567448361.8051
CHLD 7 641.210938 1567448361.8052
CHLD 8 601.253906 1567448361.8053
CHLD 9 601.195312 1567448361.8053
CHLD 10 601.199219 1567448361.8054
CHLD 11 601.199219 1567448361.8054
CHLD 12 10.945312 1567448361.8055
CHLD 13 10.945312 1567448361.8056
CHLD 14 10.871094 1567448361.8056
CHLD 15 10.890625 1567448361.8057
MEM 708.277344 1567448361.9061
CHLD 0 601.085938 1567448361.9502
CHLD 1 601.093750 1567448361.9502
CHLD 2 601.093750 1567448361.9503
CHLD 3 601.093750 1567448361.9504
CHLD 4 641.542969 1567448361.9504
CHLD 5 642.089844 1567448361.9505
CHLD 6 641.128906 1567448361.9506
CHLD 7 641.554688 1567448361.9506
CHLD 8 601.253906 1567448361.9507
CHLD 9 601.195312 1567448361.9508
CHLD 10 601.199219 1567448361.9508
CHLD 11 601.199219 1567448361.9509
CHLD 12 10.945312 1567448361.9509
CHLD 13 10.945312 1567448361.9510
CHLD 14 10.871094 1567448361.9511
CHLD 15 10.890625 1567448361.9511
MEM 708.277344 1567448362.0516
CHLD 0 601.085938 1567448362.0788
CHLD 1 601.093750 1567448362.0789
CHLD 2 601.093750 1567448362.0789
CHLD 3 601.093750 1567448362.0790
CHLD 4 642.015625 1567448362.0791
CHLD 5 642.453125 1567448362.0791
CHLD 6 641.394531 1567448362.0792
CHLD 7 641.996094 1567448362.0792
CHLD 8 601.253906 1567448362.0793
CHLD 9 601.195312 1567448362.0794
CHLD 10 601.199219 1567448362.0794
CHLD 11 601.199219 1567448362.0795
CHLD 12 10.945312 1567448362.0795
CHLD 13 10.945312 1567448362.0796
CHLD 14 10.871094 1567448362.0797
CHLD 15 10.890625 1567448362.0797
MEM 708.277344 1567448362.1807
CHLD 0 601.085938 1567448362.2086
CHLD 1 601.093750 1567448362.2087
CHLD 2 601.093750 1567448362.2088
CHLD 3 601.093750 1567448362.2088
CHLD 4 642.566406 1567448362.2089
CHLD 5 642.812500 1567448362.2090
CHLD 6 641.761719 1567448362.2090
CHLD 7 642.324219 1567448362.2091
CHLD 8 601.253906 1567448362.2091
CHLD 9 601.195312 1567448362.2092
CHLD 10 601.199219 1567448362.2092
CHLD 11 601.199219 1567448362.2093
CHLD 12 10.945312 1567448362.2094
CHLD 13 10.945312 1567448362.2094
CHLD 14 10.871094 1567448362.2095
CHLD 15 10.890625 1567448362.2095
MEM 708.277344 1567448362.3100
CHLD 0 601.085938 1567448362.3469
CHLD 1 601.093750 1567448362.3470
CHLD 2 601.093750 1567448362.3471
CHLD 3 601.093750 1567448362.3471
CHLD 4 650.476562 1567448362.3472
CHLD 5 650.199219 1567448362.3472
CHLD 6 642.109375 1567448362.3473
CHLD 7 650.542969 1567448362.3473
CHLD 8 601.253906 1567448362.3474
CHLD 9 601.195312 1567448362.3474
CHLD 10 601.199219 1567448362.3475
CHLD 11 601.199219 1567448362.3475
CHLD 12 10.945312 1567448362.3476
CHLD 13 10.945312 1567448362.3476
CHLD 14 10.871094 1567448362.3477
CHLD 15 10.890625 1567448362.3477
MEM 708.277344 1567448362.4482
CHLD 0 601.085938 1567448362.4764
CHLD 1 601.093750 1567448362.4764
CHLD 2 601.093750 1567448362.4765
CHLD 3 601.093750 1567448362.4766
CHLD 4 653.859375 1567448362.4766
CHLD 5 652.792969 1567448362.4767
CHLD 6 642.265625 1567448362.4767
CHLD 7 653.000000 1567448362.4768
CHLD 8 601.253906 1567448362.4768
CHLD 9 601.195312 1567448362.4769
CHLD 10 601.199219 1567448362.4769
CHLD 11 601.199219 1567448362.4770
CHLD 12 10.945312 1567448362.4770
CHLD 13 10.945312 1567448362.4771
CHLD 14 10.871094 1567448362.4771
CHLD 15 10.890625 1567448362.4772
MEM 708.277344 1567448362.5776
CHLD 0 601.085938 1567448362.6240
CHLD 1 601.093750 1567448362.6241
CHLD 2 601.093750 1567448362.6242
CHLD 3 601.093750 1567448362.6242
CHLD 4 654.167969 1567448362.6243
CHLD 5 654.937500 1567448362.6243
CHLD 6 642.781250 1567448362.6244
CHLD 7 654.289062 1567448362.6244
CHLD 8 601.253906 1567448362.6245
CHLD 9 601.195312 1567448362.6245
CHLD 10 601.199219 1567448362.6246
CHLD 11 601.199219 1567448362.6246
CHLD 12 10.945312 1567448362.6247
CHLD 13 10.945312 1567448362.6247
CHLD 14 10.871094 1567448362.6248
CHLD 15 10.890625 1567448362.6248
MEM 708.277344 1567448362.7253
CHLD 0 601.085938 1567448362.7521
CHLD 1 601.093750 1567448362.7521
CHLD 2 601.093750 1567448362.7522
CHLD 3 601.093750 1567448362.7522
CHLD 4 654.296875 1567448362.7523
CHLD 5 655.441406 1567448362.7523
CHLD 6 652.574219 1567448362.7524
CHLD 7 655.613281 1567448362.7524
CHLD 8 601.253906 1567448362.7525
CHLD 9 601.195312 1567448362.7525
CHLD 10 601.199219 1567448362.7526
CHLD 11 601.199219 1567448362.7527
CHLD 12 10.945312 1567448362.7527
CHLD 13 10.945312 1567448362.7528
CHLD 14 10.871094 1567448362.7528
CHLD 15 10.890625 1567448362.7529
MEM 708.277344 1567448362.8533
CHLD 0 601.085938 1567448362.8701
CHLD 1 601.093750 1567448362.8702
CHLD 2 601.093750 1567448362.8702
CHLD 3 601.093750 1567448362.8864
CHLD 4 654.492188 1567448362.8865
CHLD 5 655.441406 1567448362.8865
CHLD 6 654.140625 1567448362.8866
CHLD 7 655.613281 1567448362.8867
CHLD 8 601.253906 1567448362.8867
CHLD 9 601.195312 1567448362.8868
CHLD 10 601.199219 1567448362.8869
CHLD 11 601.199219 1567448362.8869
CHLD 12 10.945312 1567448362.8870
CHLD 13 10.945312 1567448362.8870
CHLD 14 10.871094 1567448362.8871
CHLD 15 10.890625 1567448362.8871
MEM 708.277344 1567448362.9876
CHLD 0 601.085938 1567448363.0432
CHLD 1 601.093750 1567448363.0433
CHLD 2 601.093750 1567448363.0434
CHLD 3 601.093750 1567448363.0435
CHLD 4 654.492188 1567448363.0435
CHLD 5 655.828125 1567448363.0436
CHLD 6 655.152344 1567448363.0437
CHLD 7 655.613281 1567448363.0438
CHLD 8 601.253906 1567448363.0438
CHLD 9 601.195312 1567448363.0439
CHLD 10 601.199219 1567448363.0440
CHLD 11 601.199219 1567448363.0440
CHLD 12 10.945312 1567448363.0441
CHLD 13 10.945312 1567448363.0441
CHLD 14 10.871094 1567448363.0442
CHLD 15 10.890625 1567448363.0443
MEM 708.277344 1567448363.1447
CHLD 0 601.085938 1567448363.1790
CHLD 1 601.093750 1567448363.1791
CHLD 2 601.093750 1567448363.1791
CHLD 3 601.093750 1567448363.1792
CHLD 4 662.371094 1567448363.1793
CHLD 5 655.828125 1567448363.1793
CHLD 6 655.152344 1567448363.1794
CHLD 7 655.613281 1567448363.1795
CHLD 8 601.253906 1567448363.1795
CHLD 9 601.195312 1567448363.1796
CHLD 10 601.199219 1567448363.1797
CHLD 11 601.199219 1567448363.1797
CHLD 12 10.945312 1567448363.1798
CHLD 13 10.945312 1567448363.1799
CHLD 14 10.871094 1567448363.1799
CHLD 15 10.890625 1567448363.1800
MEM 708.277344 1567448363.2806
CHLD 0 601.085938 1567448363.3025
CHLD 1 601.093750 1567448363.3026
CHLD 2 601.093750 1567448363.3027
CHLD 3 601.093750 1567448363.3027
CHLD 4 670.410156 1567448363.3028
CHLD 5 655.828125 1567448363.3028
CHLD 6 655.152344 1567448363.3029
CHLD 7 659.367188 1567448363.3029
CHLD 8 601.253906 1567448363.3030
CHLD 9 601.195312 1567448363.3031
CHLD 10 601.199219 1567448363.3031
CHLD 11 601.199219 1567448363.3032
CHLD 12 10.945312 1567448363.3032
CHLD 13 10.945312 1567448363.3033
CHLD 14 10.871094 1567448363.3034
CHLD 15 10.890625 1567448363.3034
MEM 708.277344 1567448363.4044
CHLD 0 601.085938 1567448363.4967
CHLD 1 601.093750 1567448363.4967
CHLD 2 601.093750 1567448363.4968
CHLD 3 601.093750 1567448363.4969
CHLD 4 672.472656 1567448363.4969
CHLD 5 655.828125 1567448363.4970
CHLD 6 655.453125 1567448363.4970
CHLD 7 677.332031 1567448363.4971
CHLD 8 601.253906 1567448363.4971
CHLD 9 601.195312 1567448363.4972
CHLD 10 601.199219 1567448363.4973
CHLD 11 601.199219 1567448363.4973
CHLD 12 10.945312 1567448363.4974
CHLD 13 10.945312 1567448363.4974
CHLD 14 10.871094 1567448363.4975
CHLD 15 10.890625 1567448363.4975
MEM 708.277344 1567448363.5980
CHLD 0 601.085938 1567448363.7190
CHLD 1 601.093750 1567448363.7191
CHLD 2 601.093750 1567448363.7192
CHLD 3 601.093750 1567448363.7192
CHLD 4 674.828125 1567448363.7193
CHLD 5 670.906250 1567448363.7193
CHLD 6 673.453125 1567448363.7194
CHLD 7 678.621094 1567448363.7194
CHLD 8 601.253906 1567448363.7195
CHLD 9 601.195312 1567448363.7196
CHLD 10 601.199219 1567448363.7196
CHLD 11 601.199219 1567448363.7197
CHLD 12 10.945312 1567448363.7197
CHLD 13 10.945312 1567448363.7198
CHLD 14 10.871094 1567448363.7198
CHLD 15 10.890625 1567448363.7199
MEM 708.277344 1567448363.8203
CHLD 0 601.085938 1567448363.9069
CHLD 1 601.093750 1567448363.9070
CHLD 2 601.093750 1567448363.9071
CHLD 3 601.093750 1567448363.9071
CHLD 4 675.085938 1567448363.9072
CHLD 5 675.546875 1567448363.9072
CHLD 6 677.320312 1567448363.9073
CHLD 7 679.136719 1567448363.9074
CHLD 8 601.253906 1567448363.9074
CHLD 9 601.195312 1567448363.9075
CHLD 10 601.199219 1567448363.9075
CHLD 11 601.199219 1567448363.9076
CHLD 12 10.945312 1567448363.9076
CHLD 13 10.945312 1567448363.9077
CHLD 14 10.871094 1567448363.9077
CHLD 15 10.890625 1567448363.9078
MEM 708.277344 1567448364.0084
CHLD 0 601.085938 1567448364.1245
CHLD 1 601.093750 1567448364.1245
CHLD 2 601.093750 1567448364.1246
CHLD 3 601.093750 1567448364.1247
CHLD 4 676.632812 1567448364.1247
CHLD 5 676.320312 1567448364.1248
CHLD 6 677.835938 1567448364.1249
CHLD 7 679.136719 1567448364.1249
CHLD 8 601.253906 1567448364.1250
CHLD 9 601.195312 1567448364.1250
CHLD 10 601.199219 1567448364.1251
CHLD 11 601.199219 1567448364.1252
CHLD 12 10.945312 1567448364.1252
CHLD 13 10.945312 1567448364.1253
CHLD 14 10.871094 1567448364.1253
CHLD 15 10.890625 1567448364.1254
MEM 708.277344 1567448364.2262
CHLD 0 601.085938 1567448364.3137
CHLD 1 601.093750 1567448364.3137
CHLD 2 601.093750 1567448364.3138
CHLD 3 601.093750 1567448364.3413
CHLD 4 676.890625 1567448364.3413
CHLD 5 677.867188 1567448364.3414
CHLD 6 680.156250 1567448364.3415
CHLD 7 679.136719 1567448364.3415
CHLD 8 601.253906 1567448364.3416
CHLD 9 601.195312 1567448364.3417
CHLD 10 601.199219 1567448364.3418
CHLD 11 601.199219 1567448364.3418
CHLD 12 10.945312 1567448364.3419
CHLD 13 10.945312 1567448364.3419
CHLD 14 10.871094 1567448364.3420
CHLD 15 10.890625 1567448364.3421
MEM 708.277344 1567448364.4427
CHLD 0 601.085938 1567448364.5458
CHLD 1 601.093750 1567448364.5459
CHLD 2 601.093750 1567448364.5460
CHLD 3 601.093750 1567448364.5460
CHLD 4 676.890625 1567448364.5461
CHLD 5 677.867188 1567448364.5462
CHLD 6 681.960938 1567448364.5462
CHLD 7 679.136719 1567448364.5463
CHLD 8 601.253906 1567448364.5463
CHLD 9 601.195312 1567448364.5464
CHLD 10 601.199219 1567448364.5464
CHLD 11 601.199219 1567448364.5465
CHLD 12 10.945312 1567448364.5465
CHLD 13 10.945312 1567448364.5466
CHLD 14 10.871094 1567448364.5466
CHLD 15 10.890625 1567448364.5665
MEM 708.277344 1567448364.6670
CHLD 0 601.085938 1567448364.7783
CHLD 1 601.093750 1567448364.7784
CHLD 2 601.093750 1567448364.7784
CHLD 3 601.093750 1567448364.7785
CHLD 4 676.890625 1567448364.7785
CHLD 5 677.867188 1567448364.7786
CHLD 6 682.734375 1567448364.7787
CHLD 7 680.683594 1567448364.7787
CHLD 8 601.253906 1567448364.7788
CHLD 9 601.195312 1567448364.7788
CHLD 10 601.199219 1567448364.7789
CHLD 11 601.199219 1567448364.7790
CHLD 12 10.945312 1567448364.7790
CHLD 13 10.945312 1567448364.7791
CHLD 14 10.871094 1567448364.7791
CHLD 15 10.890625 1567448364.7792
MEM 708.277344 1567448364.8806
CHLD 0 601.085938 1567448364.9799
CHLD 1 601.093750 1567448364.9800
CHLD 2 601.093750 1567448364.9801
CHLD 3 601.093750 1567448364.9801
CHLD 4 676.890625 1567448364.9802
CHLD 5 678.640625 1567448364.9802
CHLD 6 682.734375 1567448364.9803
CHLD 7 680.683594 1567448364.9803
CHLD 8 601.253906 1567448364.9804
CHLD 9 601.195312 1567448364.9804
CHLD 10 601.199219 1567448364.9805
CHLD 11 601.199219 1567448364.9806
CHLD 12 10.945312 1567448364.9806
CHLD 13 10.945312 1567448364.9807
CHLD 14 10.871094 1567448364.9807
CHLD 15 10.890625 1567448364.9808
MEM 708.277344 1567448365.0812
CHLD 0 601.085938 1567448365.1604
CHLD 1 601.093750 1567448365.1604
CHLD 2 601.093750 1567448365.1605
CHLD 3 601.093750 1567448365.1606
CHLD 4 677.406250 1567448365.1606
CHLD 5 680.187500 1567448365.1607
CHLD 6 682.734375 1567448365.1607
CHLD 7 680.683594 1567448365.1608
CHLD 8 601.253906 1567448365.1609
CHLD 9 601.195312 1567448365.1610
CHLD 10 601.199219 1567448365.1610
CHLD 11 601.199219 1567448365.1611
CHLD 12 10.945312 1567448365.1611
CHLD 13 10.945312 1567448365.1612
CHLD 14 10.871094 1567448365.1613
CHLD 15 10.890625 1567448365.1613
MEM 708.277344 1567448365.2618
CHLD 0 601.085938 1567448365.3040
CHLD 1 601.093750 1567448365.3041
CHLD 2 601.093750 1567448365.3042
CHLD 3 601.093750 1567448365.3043
CHLD 4 677.406250 1567448365.3043
CHLD 5 680.187500 1567448365.3044
CHLD 6 683.507812 1567448365.3044
CHLD 7 680.683594 1567448365.3045
CHLD 8 601.253906 1567448365.3046
CHLD 9 601.195312 1567448365.3046
CHLD 10 601.199219 1567448365.3047
CHLD 11 601.199219 1567448365.3048
CHLD 12 10.945312 1567448365.3049
CHLD 13 10.945312 1567448365.3049
CHLD 14 10.871094 1567448365.3050
CHLD 15 10.890625 1567448365.3051
MEM 708.277344 1567448365.4192
CHLD 0 601.085938 1567448365.4453
CHLD 1 601.093750 1567448365.4454
CHLD 2 601.093750 1567448365.4455
CHLD 3 601.093750 1567448365.4455
CHLD 4 677.406250 1567448365.4456
CHLD 5 680.187500 1567448365.4456
CHLD 6 683.507812 1567448365.4457
CHLD 7 680.683594 1567448365.4457
CHLD 8 601.253906 1567448365.4458
CHLD 9 601.195312 1567448365.4458
CHLD 10 601.199219 1567448365.4459
CHLD 11 601.199219 1567448365.4460
CHLD 12 10.945312 1567448365.4460
CHLD 13 10.945312 1567448365.4461
CHLD 14 10.871094 1567448365.4461
CHLD 15 10.890625 1567448365.4462
MEM 708.277344 1567448365.5470
CHLD 0 601.085938 1567448365.6933
CHLD 1 601.093750 1567448365.6934
CHLD 2 601.093750 1567448365.6934
CHLD 3 601.093750 1567448365.6935
CHLD 4 677.406250 1567448365.6935
CHLD 5 680.187500 1567448365.6936
CHLD 6 683.507812 1567448365.6936
CHLD 7 680.683594 1567448365.6937
CHLD 8 601.253906 1567448365.6938
CHLD 9 601.195312 1567448365.6938
CHLD 10 601.199219 1567448365.6939
CHLD 11 601.199219 1567448365.6939
CHLD 12 10.945312 1567448365.6940
CHLD 13 10.945312 1567448365.6940
CHLD 14 10.871094 1567448365.6941
CHLD 15 10.890625 1567448365.6942
MEM 708.277344 1567448365.7946
CHLD 0 601.085938 1567448365.8773
CHLD 1 601.093750 1567448365.8773
CHLD 2 601.093750 1567448365.8774
CHLD 3 601.093750 1567448365.8775
CHLD 4 677.406250 1567448365.8775
CHLD 5 680.960938 1567448365.8776
CHLD 6 684.023438 1567448365.8776
CHLD 7 680.683594 1567448365.8777
CHLD 8 601.253906 1567448365.9237
CHLD 9 601.195312 1567448365.9238
CHLD 10 601.199219 1567448365.9239
CHLD 11 601.199219 1567448365.9240
CHLD 12 10.945312 1567448365.9240
CHLD 13 10.945312 1567448365.9241
CHLD 14 10.871094 1567448365.9242
CHLD 15 10.890625 1567448365.9242
MEM 708.277344 1567448366.0247
CHLD 0 601.085938 1567448366.0940
CHLD 1 601.093750 1567448366.0941
CHLD 2 601.093750 1567448366.0941
CHLD 3 601.093750 1567448366.0942
CHLD 4 677.406250 1567448366.0943
CHLD 5 681.734375 1567448366.0944
CHLD 6 684.023438 1567448366.0944
CHLD 7 680.941406 1567448366.0945
CHLD 8 601.253906 1567448366.0945
CHLD 9 601.195312 1567448366.0946
CHLD 10 601.199219 1567448366.0946
CHLD 11 601.199219 1567448366.0947
CHLD 12 10.945312 1567448366.0947
CHLD 13 10.945312 1567448366.0948
CHLD 14 10.871094 1567448366.0949
CHLD 15 10.890625 1567448366.1050
MEM 708.277344 1567448366.2066
CHLD 0 601.085938 1567448366.2695
CHLD 1 601.093750 1567448366.2695
CHLD 2 601.093750 1567448366.2696
CHLD 3 601.093750 1567448366.2697
CHLD 4 677.406250 1567448366.2697
CHLD 5 681.734375 1567448366.2698
CHLD 6 684.023438 1567448366.2699
CHLD 7 680.941406 1567448366.2699
CHLD 8 601.253906 1567448366.2700
CHLD 9 601.195312 1567448366.2701
CHLD 10 601.199219 1567448366.2701
CHLD 11 601.199219 1567448366.2702
CHLD 12 10.945312 1567448366.2702
CHLD 13 10.945312 1567448366.2703
CHLD 14 10.871094 1567448366.2703
CHLD 15 10.890625 1567448366.2704
MEM 708.277344 1567448366.3745
CHLD 0 601.085938 1567448366.4161
CHLD 1 601.093750 1567448366.4161
CHLD 2 601.093750 1567448366.4162
CHLD 3 601.093750 1567448366.4162
CHLD 4 677.406250 1567448366.4163
CHLD 5 681.734375 1567448366.4163
CHLD 6 684.023438 1567448366.4164
CHLD 7 680.941406 1567448366.4165
CHLD 8 601.253906 1567448366.4165
CHLD 9 601.195312 1567448366.4166
CHLD 10 601.199219 1567448366.4166
CHLD 11 601.199219 1567448366.4167
CHLD 12 10.945312 1567448366.4168
CHLD 13 10.945312 1567448366.4168
CHLD 14 10.871094 1567448366.4169
CHLD 15 10.890625 1567448366.4169
MEM 708.277344 1567448366.5178
CHLD 0 601.085938 1567448366.5685
CHLD 1 601.093750 1567448366.5685
CHLD 2 601.093750 1567448366.5686
CHLD 3 601.093750 1567448366.5686
CHLD 4 677.406250 1567448366.5687
CHLD 5 681.734375 1567448366.5687
CHLD 6 684.023438 1567448366.5688
CHLD 7 680.941406 1567448366.5688
CHLD 8 601.253906 1567448366.5689
CHLD 9 601.195312 1567448366.5689
CHLD 10 601.199219 1567448366.5690
CHLD 11 601.199219 1567448366.5691
CHLD 12 10.945312 1567448366.5691
CHLD 13 10.945312 1567448366.5692
CHLD 14 10.871094 1567448366.5692
CHLD 15 10.890625 1567448366.5693
MEM 708.277344 1567448366.6697
CHLD 0 601.085938 1567448366.7045
CHLD 1 601.093750 1567448366.7916
CHLD 2 601.093750 1567448366.7917
CHLD 3 601.093750 1567448366.7918
CHLD 4 677.406250 1567448366.7918
CHLD 5 681.734375 1567448366.7919
CHLD 6 684.023438 1567448366.7920
CHLD 7 681.199219 1567448366.7920
CHLD 8 601.253906 1567448366.7921
CHLD 9 601.195312 1567448366.7922
CHLD 10 601.199219 1567448366.7922
CHLD 11 601.199219 1567448366.7923
CHLD 12 10.945312 1567448366.7923
CHLD 13 10.945312 1567448366.7924
CHLD 14 10.871094 1567448366.7925
CHLD 15 10.890625 1567448366.7925
MEM 708.277344 1567448366.8936
CHLD 0 601.085938 1567448366.9665
CHLD 1 601.093750 1567448366.9666
CHLD 2 601.093750 1567448366.9666
CHLD 3 601.093750 1567448366.9667
CHLD 4 677.406250 1567448366.9668
CHLD 5 681.734375 1567448366.9668
CHLD 6 684.023438 1567448366.9669
CHLD 7 681.457031 1567448366.9957
CHLD 8 601.253906 1567448366.9958
CHLD 9 601.195312 1567448366.9958
CHLD 10 601.199219 1567448366.9959
CHLD 11 601.199219 1567448366.9960
CHLD 12 10.945312 1567448366.9960
CHLD 13 10.945312 1567448366.9961
CHLD 14 10.871094 1567448366.9962
CHLD 15 10.890625 1567448366.9962
MEM 708.277344 1567448367.0966
CHLD 0 601.085938 1567448367.1641
CHLD 1 601.093750 1567448367.1642
CHLD 2 601.093750 1567448367.1643
CHLD 3 601.093750 1567448367.1643
CHLD 4 679.210938 1567448367.1644
CHLD 5 681.734375 1567448367.1644
CHLD 6 684.281250 1567448367.1645
CHLD 7 681.457031 1567448367.1646
CHLD 8 601.253906 1567448367.1646
CHLD 9 601.195312 1567448367.1647
CHLD 10 601.199219 1567448367.1647
CHLD 11 601.199219 1567448367.1648
CHLD 12 10.945312 1567448367.1648
CHLD 13 10.945312 1567448367.1649
CHLD 14 10.871094 1567448367.1650
CHLD 15 10.890625 1567448367.1650
MEM 708.277344 1567448367.2656
CHLD 0 601.085938 1567448367.2957
CHLD 1 601.093750 1567448367.2958
CHLD 2 601.093750 1567448367.2958
CHLD 3 601.093750 1567448367.2959
CHLD 4 679.210938 1567448367.2959
CHLD 5 681.734375 1567448367.2960
CHLD 6 684.281250 1567448367.2961
CHLD 7 681.457031 1567448367.2961
CHLD 8 601.253906 1567448367.2962
CHLD 9 601.195312 1567448367.2962
CHLD 10 601.199219 1567448367.2963
CHLD 11 601.199219 1567448367.2964
CHLD 12 10.945312 1567448367.2964
CHLD 13 10.945312 1567448367.2965
CHLD 14 10.871094 1567448367.2965
CHLD 15 10.890625 1567448367.2966
MEM 708.277344 1567448367.3973
CHLD 0 601.085938 1567448367.5049
CHLD 1 601.093750 1567448367.5050
CHLD 2 601.093750 1567448367.5051
CHLD 3 601.093750 1567448367.5051
CHLD 4 679.210938 1567448367.5052
CHLD 5 681.734375 1567448367.5053
CHLD 6 684.281250 1567448367.5053
CHLD 7 681.457031 1567448367.5054
CHLD 8 601.253906 1567448367.5054
CHLD 9 601.195312 1567448367.5055
CHLD 10 601.199219 1567448367.5055
CHLD 11 601.199219 1567448367.5056
CHLD 12 10.945312 1567448367.5057
CHLD 13 10.945312 1567448367.5057
CHLD 14 10.871094 1567448367.5058
CHLD 15 10.890625 1567448367.5058
MEM 708.277344 1567448367.6062
CHLD 0 601.085938 1567448367.8098
CHLD 1 601.093750 1567448367.8099
CHLD 2 601.093750 1567448367.8100
CHLD 3 601.093750 1567448367.8100
CHLD 4 679.210938 1567448367.8101
CHLD 5 682.507812 1567448367.8101
CHLD 6 684.281250 1567448367.8102
CHLD 7 681.457031 1567448367.8102
CHLD 8 601.253906 1567448367.8103
CHLD 9 601.195312 1567448367.8104
CHLD 10 601.199219 1567448367.8104
CHLD 11 601.199219 1567448367.8105
CHLD 12 10.945312 1567448367.8105
CHLD 13 10.945312 1567448367.8106
CHLD 14 10.871094 1567448367.8107
CHLD 15 10.890625 1567448367.8107
MEM 708.277344 1567448367.9116
CHLD 0 601.085938 1567448368.0544
CHLD 1 601.093750 1567448368.0545
CHLD 2 601.093750 1567448368.0546
CHLD 3 601.093750 1567448368.0547
CHLD 4 679.210938 1567448368.0547
CHLD 5 684.089844 1567448368.0548
CHLD 6 684.281250 1567448368.0548
CHLD 7 682.746094 1567448368.0549
CHLD 8 601.253906 1567448368.0550
CHLD 9 601.195312 1567448368.0550
CHLD 10 601.199219 1567448368.0551
CHLD 11 601.199219 1567448368.0551
CHLD 12 10.945312 1567448368.0552
CHLD 13 10.945312 1567448368.0553
CHLD 14 10.871094 1567448368.0553
CHLD 15 10.890625 1567448368.0554
MEM 708.277344 1567448368.1558
CHLD 0 601.085938 1567448368.1860
CHLD 1 601.093750 1567448368.1861
CHLD 2 601.093750 1567448368.1862
CHLD 3 601.093750 1567448368.1862
CHLD 4 679.210938 1567448368.2065
CHLD 5 684.089844 1567448368.2067
CHLD 6 684.281250 1567448368.2067
CHLD 7 682.746094 1567448368.2068
CHLD 8 601.253906 1567448368.2068
CHLD 9 601.195312 1567448368.2069
CHLD 10 601.199219 1567448368.2069
CHLD 11 601.199219 1567448368.2070
CHLD 12 10.945312 1567448368.2070
CHLD 13 10.945312 1567448368.2071
CHLD 14 10.871094 1567448368.2071
CHLD 15 10.890625 1567448368.2072
MEM 708.277344 1567448368.3076
CHLD 0 601.085938 1567448368.3537
CHLD 1 601.093750 1567448368.3538
CHLD 2 601.093750 1567448368.3538
CHLD 3 601.093750 1567448368.3539
CHLD 4 679.210938 1567448368.3540
CHLD 5 684.089844 1567448368.3540
CHLD 6 684.281250 1567448368.3541
CHLD 7 682.746094 1567448368.3541
CHLD 8 601.253906 1567448368.3542
CHLD 9 601.195312 1567448368.3583
CHLD 10 601.199219 1567448368.3585
CHLD 11 601.199219 1567448368.3586
CHLD 12 10.945312 1567448368.3586
CHLD 13 10.945312 1567448368.3587
CHLD 14 10.871094 1567448368.3588
CHLD 15 10.890625 1567448368.3588
MEM 708.277344 1567448368.4593
CHLD 0 601.085938 1567448368.4861
CHLD 1 601.093750 1567448368.4862
CHLD 2 601.093750 1567448368.5184
CHLD 3 601.093750 1567448368.5185
CHLD 4 679.210938 1567448368.5185
CHLD 5 684.089844 1567448368.5186
CHLD 6 684.281250 1567448368.5187
CHLD 7 682.746094 1567448368.5187
CHLD 8 601.253906 1567448368.5188
CHLD 9 601.195312 1567448368.5188
CHLD 10 601.199219 1567448368.5189
CHLD 11 601.199219 1567448368.5189
CHLD 12 10.945312 1567448368.5190
CHLD 13 10.945312 1567448368.5190
CHLD 14 10.871094 1567448368.5191
CHLD 15 10.890625 1567448368.5191
MEM 708.277344 1567448368.6196
CHLD 0 601.085938 1567448368.6774
CHLD 1 601.093750 1567448368.6775
CHLD 2 601.093750 1567448368.6775
CHLD 3 601.093750 1567448368.6776
CHLD 4 679.210938 1567448368.6776
CHLD 5 684.089844 1567448368.6777
CHLD 6 684.281250 1567448368.6778
CHLD 7 682.746094 1567448368.6778
CHLD 8 601.253906 1567448368.6779
CHLD 9 601.195312 1567448368.6779
CHLD 10 601.199219 1567448368.6780
CHLD 11 601.199219 1567448368.6781
CHLD 12 10.945312 1567448368.6781
CHLD 13 10.945312 1567448368.6782
CHLD 14 10.871094 1567448368.6782
CHLD 15 10.890625 1567448368.7064
MEM 708.277344 1567448368.8069
CHLD 0 601.085938 1567448368.8411
CHLD 1 601.093750 1567448368.8412
CHLD 2 601.093750 1567448368.8412
CHLD 3 601.093750 1567448368.8413
CHLD 4 679.210938 1567448368.8414
CHLD 5 684.089844 1567448368.8414
CHLD 6 684.281250 1567448368.8415
CHLD 7 682.746094 1567448368.8415
CHLD 8 601.253906 1567448368.8416
CHLD 9 601.195312 1567448368.8417
CHLD 10 601.199219 1567448368.8417
CHLD 11 601.199219 1567448368.8418
CHLD 12 10.945312 1567448368.8418
CHLD 13 10.945312 1567448368.8419
CHLD 14 10.871094 1567448368.8419
CHLD 15 10.890625 1567448368.8420
MEM 708.277344 1567448368.9424
CHLD 0 601.085938 1567448369.0032
CHLD 1 601.093750 1567448369.0032
CHLD 2 601.093750 1567448369.0033
CHLD 3 601.093750 1567448369.0034
CHLD 4 679.984375 1567448369.0034
CHLD 5 684.089844 1567448369.0035
CHLD 6 684.281250 1567448369.0035
CHLD 7 682.746094 1567448369.0036
CHLD 8 601.253906 1567448369.0037
CHLD 9 601.195312 1567448369.0037
CHLD 10 601.199219 1567448369.0038
CHLD 11 601.199219 1567448369.0038
CHLD 12 10.945312 1567448369.0039
CHLD 13 10.945312 1567448369.0039
CHLD 14 10.871094 1567448369.0040
CHLD 15 10.890625 1567448369.0041
MEM 708.277344 1567448369.1045
CHLD 0 601.085938 1567448369.1456
CHLD 1 601.093750 1567448369.1457
CHLD 2 601.093750 1567448369.1458
CHLD 3 601.093750 1567448369.1458
CHLD 4 679.984375 1567448369.1459
CHLD 5 684.089844 1567448369.1459
CHLD 6 684.281250 1567448369.1460
CHLD 7 682.746094 1567448369.1461
CHLD 8 601.253906 1567448369.1461
CHLD 9 601.195312 1567448369.1462
CHLD 10 601.199219 1567448369.1462
CHLD 11 601.199219 1567448369.1624
CHLD 12 10.945312 1567448369.1625
CHLD 13 10.945312 1567448369.1626
CHLD 14 10.871094 1567448369.1627
CHLD 15 10.890625 1567448369.1628
MEM 708.277344 1567448369.2632
CHLD 0 601.085938 1567448369.3540
CHLD 1 601.093750 1567448369.3542
CHLD 2 601.093750 1567448369.3624
CHLD 3 601.093750 1567448369.3625
CHLD 4 679.984375 1567448369.3626
CHLD 5 684.089844 1567448369.3626
CHLD 6 684.281250 1567448369.3627
CHLD 7 682.746094 1567448369.3627
CHLD 8 601.253906 1567448369.3628
CHLD 9 601.195312 1567448369.3628
CHLD 10 601.199219 1567448369.3629
CHLD 11 601.199219 1567448369.3629
CHLD 12 10.945312 1567448369.3630
CHLD 13 10.945312 1567448369.3630
CHLD 14 10.871094 1567448369.3631
CHLD 15 10.890625 1567448369.3632
MEM 708.277344 1567448369.4636
CHLD 0 601.085938 1567448369.5457
CHLD 1 601.093750 1567448369.5457
CHLD 2 601.093750 1567448369.5458
CHLD 3 601.093750 1567448369.5459
CHLD 4 679.984375 1567448369.5459
CHLD 5 684.089844 1567448369.5460
CHLD 6 684.281250 1567448369.5460
CHLD 7 682.746094 1567448369.5461
CHLD 8 601.253906 1567448369.5462
CHLD 9 601.195312 1567448369.5462
CHLD 10 601.199219 1567448369.5463
CHLD 11 601.199219 1567448369.5465
CHLD 12 10.945312 1567448369.5466
CHLD 13 10.945312 1567448369.5466
CHLD 14 10.871094 1567448369.5467
CHLD 15 10.890625 1567448369.5467
MEM 708.277344 1567448369.6471
CHLD 0 601.085938 1567448369.7327
CHLD 1 601.093750 1567448369.7327
CHLD 2 601.093750 1567448369.7328
CHLD 3 601.093750 1567448369.7328
CHLD 4 679.984375 1567448369.7329
CHLD 5 684.089844 1567448369.7330
CHLD 6 684.281250 1567448369.7330
CHLD 7 682.746094 1567448369.7331
CHLD 8 601.253906 1567448369.7331
CHLD 9 601.195312 1567448369.7332
CHLD 10 601.199219 1567448369.7332
CHLD 11 601.199219 1567448369.7333
CHLD 12 10.945312 1567448369.7333
CHLD 13 10.945312 1567448369.7334
CHLD 14 10.871094 1567448369.7334
CHLD 15 10.890625 1567448369.7335
MEM 708.277344 1567448369.8340
CHLD 0 601.085938 1567448369.9135
CHLD 1 601.093750 1567448369.9136
CHLD 2 601.093750 1567448369.9136
CHLD 3 601.093750 1567448369.9137
CHLD 4 679.984375 1567448369.9137
CHLD 5 684.089844 1567448369.9138
CHLD 6 684.281250 1567448369.9139
CHLD 7 682.746094 1567448369.9139
CHLD 8 601.253906 1567448369.9140
CHLD 9 601.195312 1567448369.9140
CHLD 10 601.199219 1567448369.9141
CHLD 11 601.199219 1567448369.9141
CHLD 12 10.945312 1567448369.9142
CHLD 13 10.945312 1567448369.9142
CHLD 14 10.871094 1567448369.9234
CHLD 15 10.890625 1567448369.9235
MEM 708.277344 1567448370.0239
CHLD 0 601.085938 1567448370.0806
CHLD 1 601.093750 1567448370.0807
CHLD 2 601.093750 1567448370.0807
CHLD 3 601.093750 1567448370.0808
CHLD 4 679.984375 1567448370.0808
CHLD 5 684.089844 1567448370.0809
CHLD 6 684.281250 1567448370.0810
CHLD 7 684.292969 1567448370.0810
CHLD 8 601.253906 1567448370.0811
CHLD 9 601.195312 1567448370.0812
CHLD 10 601.199219 1567448370.0812
CHLD 11 601.199219 1567448370.0813
CHLD 12 10.945312 1567448370.0813
CHLD 13 10.945312 1567448370.0814
CHLD 14 10.871094 1567448370.0815
CHLD 15 10.890625 1567448370.0815
MEM 708.277344 1567448370.1819
CHLD 0 601.085938 1567448370.2910
CHLD 1 601.093750 1567448370.2911
CHLD 2 601.093750 1567448370.2911
CHLD 3 601.093750 1567448370.2912
CHLD 4 679.984375 1567448370.2912
CHLD 5 685.636719 1567448370.2913
CHLD 6 684.281250 1567448370.2913
CHLD 7 684.292969 1567448370.2914
CHLD 8 601.253906 1567448370.2914
CHLD 9 601.195312 1567448370.2915
CHLD 10 601.199219 1567448370.2915
CHLD 11 601.199219 1567448370.2916
CHLD 12 10.945312 1567448370.2916
CHLD 13 10.945312 1567448370.2917
CHLD 14 10.871094 1567448370.2917
CHLD 15 10.890625 1567448370.2918
MEM 708.277344 1567448370.3924
CHLD 0 601.085938 1567448370.4775
CHLD 1 601.093750 1567448370.4776
CHLD 2 601.093750 1567448370.4805
CHLD 3 601.093750 1567448370.4864
CHLD 4 679.984375 1567448370.4865
CHLD 5 685.636719 1567448370.4885
CHLD 6 684.281250 1567448370.4886
CHLD 7 684.292969 1567448370.4887
CHLD 8 601.253906 1567448370.4888
CHLD 9 601.195312 1567448370.4888
CHLD 10 601.199219 1567448370.4889
CHLD 11 601.199219 1567448370.4890
CHLD 12 10.945312 1567448370.4890
CHLD 13 10.945312 1567448370.4891
CHLD 14 10.871094 1567448370.4892
CHLD 15 10.890625 1567448370.4892
MEM 708.277344 1567448370.5897
CHLD 0 601.085938 1567448370.7155
CHLD 1 601.093750 1567448370.7156
CHLD 2 601.093750 1567448370.7157
CHLD 3 601.093750 1567448370.7157
CHLD 4 679.984375 1567448370.7158
CHLD 5 685.636719 1567448370.7158
CHLD 6 684.281250 1567448370.7159
CHLD 7 684.292969 1567448370.7159
CHLD 8 601.253906 1567448370.7160
CHLD 9 601.195312 1567448370.7160
CHLD 10 601.199219 1567448370.7161
CHLD 11 601.199219 1567448370.7161
CHLD 12 10.945312 1567448370.7162
CHLD 13 10.945312 1567448370.7163
CHLD 14 10.871094 1567448370.7163
CHLD 15 10.890625 1567448370.7164
MEM 708.277344 1567448370.8168
CHLD 0 601.085938 1567448370.8688
CHLD 1 601.093750 1567448370.8689
CHLD 2 601.093750 1567448370.8690
CHLD 3 601.093750 1567448370.8690
CHLD 4 679.984375 1567448370.8691
CHLD 5 685.636719 1567448370.8692
CHLD 6 684.281250 1567448370.8692
CHLD 7 684.292969 1567448370.8693
CHLD 8 601.253906 1567448370.8693
CHLD 9 601.195312 1567448370.8694
CHLD 10 601.199219 1567448370.8695
CHLD 11 601.199219 1567448370.8695
CHLD 12 10.945312 1567448370.8696
CHLD 13 10.945312 1567448370.8696
CHLD 14 10.871094 1567448370.8697
CHLD 15 10.890625 1567448370.8697
MEM 708.277344 1567448370.9705
CHLD 0 601.085938 1567448371.0352
CHLD 1 601.093750 1567448371.0352
CHLD 2 601.093750 1567448371.0353
CHLD 3 601.093750 1567448371.0353
CHLD 4 679.984375 1567448371.0354
CHLD 5 685.636719 1567448371.0354
CHLD 6 684.281250 1567448371.0355
CHLD 7 684.292969 1567448371.0356
CHLD 8 601.253906 1567448371.0356
CHLD 9 601.195312 1567448371.0357
CHLD 10 601.199219 1567448371.0357
CHLD 11 601.199219 1567448371.0358
CHLD 12 10.945312 1567448371.0358
CHLD 13 10.945312 1567448371.0359
CHLD 14 10.871094 1567448371.0360
CHLD 15 10.890625 1567448371.0360
MEM 708.277344 1567448371.1372
CHLD 0 601.085938 1567448371.1841
CHLD 1 601.093750 1567448371.1842
CHLD 2 601.093750 1567448371.1843
CHLD 3 601.093750 1567448371.1843
CHLD 4 679.984375 1567448371.1844
CHLD 5 685.636719 1567448371.1844
CHLD 6 684.281250 1567448371.1845
CHLD 7 684.292969 1567448371.1845
CHLD 8 601.253906 1567448371.1846
CHLD 9 601.195312 1567448371.1846
CHLD 10 601.199219 1567448371.1847
CHLD 11 601.199219 1567448371.1847
CHLD 12 10.945312 1567448371.1848
CHLD 13 10.945312 1567448371.1849
CHLD 14 10.871094 1567448371.1849
CHLD 15 10.890625 1567448371.1850
MEM 708.277344 1567448371.2854
CHLD 0 601.085938 1567448371.3670
CHLD 1 601.093750 1567448371.3671
CHLD 2 601.093750 1567448371.3671
CHLD 3 601.093750 1567448371.3672
CHLD 4 679.984375 1567448371.3672
CHLD 5 685.636719 1567448371.3673
CHLD 6 684.281250 1567448371.3674
CHLD 7 684.292969 1567448371.3674
CHLD 8 601.253906 1567448371.3675
CHLD 9 601.195312 1567448371.3675
CHLD 10 601.199219 1567448371.4112
CHLD 11 601.199219 1567448371.4114
CHLD 12 10.945312 1567448371.4114
CHLD 13 10.945312 1567448371.4115
CHLD 14 10.871094 1567448371.4115
CHLD 15 10.890625 1567448371.4116
MEM 708.277344 1567448371.5153
CHLD 0 601.085938 1567448371.6067
CHLD 1 601.093750 1567448371.6068
CHLD 2 601.093750 1567448371.6069
CHLD 3 601.093750 1567448371.6069
CHLD 4 679.984375 1567448371.6070
CHLD 5 685.636719 1567448371.6070
CHLD 6 684.281250 1567448371.6071
CHLD 7 684.292969 1567448371.6072
CHLD 8 601.253906 1567448371.6072
CHLD 9 601.195312 1567448371.6073
CHLD 10 601.199219 1567448371.6073
CHLD 11 601.199219 1567448371.6074
CHLD 12 10.945312 1567448371.6074
CHLD 13 10.945312 1567448371.6075
CHLD 14 10.871094 1567448371.6075
CHLD 15 10.890625 1567448371.6076
MEM 708.277344 1567448371.7100
CHLD 0 601.085938 1567448371.8145
CHLD 1 601.093750 1567448371.8146
CHLD 2 601.093750 1567448371.8146
CHLD 3 601.093750 1567448371.8147
CHLD 4 679.984375 1567448371.8148
CHLD 5 685.636719 1567448371.8148
CHLD 6 684.281250 1567448371.8149
CHLD 7 684.292969 1567448371.8149
CHLD 8 601.253906 1567448371.8150
CHLD 9 601.195312 1567448371.8151
CHLD 10 601.199219 1567448371.8151
CHLD 11 601.199219 1567448371.8152
CHLD 12 10.945312 1567448371.8152
CHLD 13 10.945312 1567448371.8153
CHLD 14 10.871094 1567448371.8154
CHLD 15 10.890625 1567448371.8154
MEM 708.277344 1567448371.9158
CHLD 0 601.085938 1567448372.0180
CHLD 1 601.093750 1567448372.0181
CHLD 2 601.093750 1567448372.0182
CHLD 3 601.093750 1567448372.0182
CHLD 4 679.984375 1567448372.0183
CHLD 5 685.636719 1567448372.0184
CHLD 6 684.281250 1567448372.0184
CHLD 7 685.324219 1567448372.0185
CHLD 8 601.253906 1567448372.0186
CHLD 9 601.195312 1567448372.0186
CHLD 10 601.199219 1567448372.0187
CHLD 11 601.199219 1567448372.0187
CHLD 12 10.945312 1567448372.0188
CHLD 13 10.945312 1567448372.0189
CHLD 14 10.871094 1567448372.0189
CHLD 15 10.890625 1567448372.0190
MEM 708.277344 1567448372.1194
CHLD 0 601.085938 1567448372.2104
CHLD 1 601.093750 1567448372.2105
CHLD 2 601.093750 1567448372.2105
CHLD 3 601.093750 1567448372.2106
CHLD 4 679.984375 1567448372.2107
CHLD 5 685.636719 1567448372.2107
CHLD 6 684.281250 1567448372.2108
CHLD 7 686.613281 1567448372.2108
CHLD 8 601.253906 1567448372.2109
CHLD 9 601.195312 1567448372.2110
CHLD 10 601.199219 1567448372.2110
CHLD 11 601.199219 1567448372.2111
CHLD 12 10.945312 1567448372.2111
CHLD 13 10.945312 1567448372.2112
CHLD 14 10.871094 1567448372.2113
CHLD 15 10.890625 1567448372.2113
MEM 708.277344 1567448372.3117
CHLD 0 601.085938 1567448372.3450
CHLD 1 601.093750 1567448372.3450
CHLD 2 601.093750 1567448372.3451
CHLD 3 601.093750 1567448372.3451
CHLD 4 679.984375 1567448372.3452
CHLD 5 685.636719 1567448372.3453
CHLD 6 684.281250 1567448372.3453
CHLD 7 686.613281 1567448372.3454
CHLD 8 601.253906 1567448372.3454
CHLD 9 601.195312 1567448372.3455
CHLD 10 601.199219 1567448372.3455
CHLD 11 601.199219 1567448372.3456
CHLD 12 10.945312 1567448372.3456
CHLD 13 10.945312 1567448372.3457
CHLD 14 10.871094 1567448372.3457
CHLD 15 10.890625 1567448372.3458
MEM 708.277344 1567448372.4466
CHLD 0 601.085938 1567448372.5425
CHLD 1 601.093750 1567448372.5426
CHLD 2 601.093750 1567448372.5427
CHLD 3 601.093750 1567448372.5427
CHLD 4 679.984375 1567448372.5428
CHLD 5 685.636719 1567448372.5429
CHLD 6 684.281250 1567448372.5429
CHLD 7 686.613281 1567448372.5430
CHLD 8 601.253906 1567448372.5430
CHLD 9 601.195312 1567448372.5431
CHLD 10 601.199219 1567448372.5431
CHLD 11 601.199219 1567448372.5432
CHLD 12 10.945312 1567448372.5433
CHLD 13 10.945312 1567448372.5433
CHLD 14 10.871094 1567448372.5434
CHLD 15 10.890625 1567448372.5434
MEM 708.277344 1567448372.6439
CHLD 0 601.085938 1567448372.7426
CHLD 1 601.093750 1567448372.7427
CHLD 2 601.093750 1567448372.7428
CHLD 3 601.093750 1567448372.7428
CHLD 4 679.984375 1567448372.7429
CHLD 5 685.636719 1567448372.7429
CHLD 6 684.281250 1567448372.7430
CHLD 7 686.613281 1567448372.7430
CHLD 8 601.253906 1567448372.7431
CHLD 9 601.195312 1567448372.7431
CHLD 10 601.199219 1567448372.7432
CHLD 11 601.199219 1567448372.7432
CHLD 12 10.945312 1567448372.7433
CHLD 13 10.945312 1567448372.7433
CHLD 14 10.871094 1567448372.7434
CHLD 15 10.890625 1567448372.7435
MEM 708.277344 1567448372.8439
CHLD 0 601.085938 1567448372.8875
CHLD 1 601.093750 1567448372.8875
CHLD 2 601.093750 1567448372.8876
CHLD 3 601.093750 1567448372.8876
CHLD 4 679.984375 1567448372.8877
CHLD 5 685.636719 1567448372.8877
CHLD 6 684.281250 1567448372.8878
CHLD 7 686.613281 1567448372.8879
CHLD 8 601.253906 1567448372.8879
CHLD 9 601.195312 1567448372.8880
CHLD 10 601.199219 1567448372.8880
CHLD 11 601.199219 1567448372.8881
CHLD 12 10.945312 1567448372.8881
CHLD 13 10.945312 1567448372.8882
CHLD 14 10.871094 1567448372.8882
CHLD 15 10.890625 1567448372.8883
MEM 708.277344 1567448372.9887
CHLD 0 601.085938 1567448373.0253
CHLD 1 601.093750 1567448373.0254
CHLD 2 601.093750 1567448373.0254
CHLD 3 601.093750 1567448373.0255
CHLD 4 679.984375 1567448373.0256
CHLD 5 685.636719 1567448373.0256
CHLD 6 684.281250 1567448373.0257
CHLD 7 686.613281 1567448373.0257
CHLD 8 601.253906 1567448373.0258
CHLD 9 601.195312 1567448373.0258
CHLD 10 601.199219 1567448373.0259
CHLD 11 601.199219 1567448373.0260
CHLD 12 10.945312 1567448373.0260
CHLD 13 10.945312 1567448373.0261
CHLD 14 10.871094 1567448373.0261
CHLD 15 10.890625 1567448373.0262
MEM 708.277344 1567448373.1266
CHLD 0 601.085938 1567448373.1591
CHLD 1 601.093750 1567448373.1592
CHLD 2 601.093750 1567448373.1593
CHLD 3 601.093750 1567448373.1593
CHLD 4 679.984375 1567448373.1594
CHLD 5 685.636719 1567448373.1594
CHLD 6 684.281250 1567448373.1595
CHLD 7 686.613281 1567448373.1595
CHLD 8 601.253906 1567448373.1596
CHLD 9 601.195312 1567448373.1596
CHLD 10 601.199219 1567448373.1597
CHLD 11 601.199219 1567448373.1598
CHLD 12 10.945312 1567448373.1598
CHLD 13 10.945312 1567448373.1599
CHLD 14 10.871094 1567448373.1599
CHLD 15 10.890625 1567448373.1600
MEM 708.277344 1567448373.2604
CHLD 0 601.085938 1567448373.3203
CHLD 1 601.093750 1567448373.3204
CHLD 2 601.093750 1567448373.3205
CHLD 3 601.093750 1567448373.3205
CHLD 4 679.984375 1567448373.3206
CHLD 5 685.636719 1567448373.3206
CHLD 6 684.535156 1567448373.3207
CHLD 7 686.613281 1567448373.3207
CHLD 8 601.253906 1567448373.3208
CHLD 9 601.195312 1567448373.3208
CHLD 10 601.199219 1567448373.3209
CHLD 11 601.199219 1567448373.3210
CHLD 12 10.945312 1567448373.3210
CHLD 13 10.945312 1567448373.3211
CHLD 14 10.871094 1567448373.3211
CHLD 15 10.890625 1567448373.3212
MEM 708.277344 1567448373.4307
CHLD 0 601.085938 1567448373.5477
CHLD 1 601.093750 1567448373.5478
CHLD 2 601.093750 1567448373.5478
CHLD 3 601.093750 1567448373.5479
CHLD 4 679.984375 1567448373.5480
CHLD 5 685.636719 1567448373.5480
CHLD 6 684.535156 1567448373.5481
CHLD 7 686.613281 1567448373.5481
CHLD 8 601.253906 1567448373.5482
CHLD 9 601.195312 1567448373.5482
CHLD 10 601.199219 1567448373.5483
CHLD 11 601.199219 1567448373.5484
CHLD 12 10.945312 1567448373.5484
CHLD 13 10.945312 1567448373.5485
CHLD 14 10.871094 1567448373.5485
CHLD 15 10.890625 1567448373.5486
MEM 708.277344 1567448373.6490
CHLD 0 601.085938 1567448373.7086
CHLD 1 601.093750 1567448373.7087
CHLD 2 601.093750 1567448373.7088
CHLD 3 601.093750 1567448373.7121
CHLD 4 679.984375 1567448373.7122
CHLD 5 685.636719 1567448373.7122
CHLD 6 684.535156 1567448373.7123
CHLD 7 686.613281 1567448373.7124
CHLD 8 601.253906 1567448373.7124
CHLD 9 601.195312 1567448373.7125
CHLD 10 601.199219 1567448373.7125
CHLD 11 601.199219 1567448373.7126
CHLD 12 10.945312 1567448373.7127
CHLD 13 10.945312 1567448373.7127
CHLD 14 10.871094 1567448373.7128
CHLD 15 10.890625 1567448373.7128
MEM 708.277344 1567448373.8132
CHLD 0 601.085938 1567448373.8397
CHLD 1 601.093750 1567448373.8398
CHLD 2 601.093750 1567448373.8398
CHLD 3 601.093750 1567448373.8399
CHLD 4 0.000000 1567448373.8399
CHLD 5 685.636719 1567448373.8400
CHLD 6 684.535156 1567448373.8400
CHLD 7 686.613281 1567448373.8401
CHLD 8 605.816406 1567448373.8401
CHLD 9 0.000000 1567448373.8402
CHLD 10 0.000000 1567448373.8402
CHLD 11 0.000000 1567448373.8403
CHLD 12 10.945312 1567448373.8403
CHLD 13 10.945312 1567448373.8404
CHLD 14 10.871094 1567448373.8405
CHLD 15 10.890625 1567448373.8405
MEM 708.277344 1567448373.9409
CHLD 0 601.085938 1567448373.9962
CHLD 1 601.093750 1567448373.9963
CHLD 2 601.093750 1567448373.9963
CHLD 3 601.093750 1567448373.9964
CHLD 4 687.429688 1567448373.9965
CHLD 5 684.535156 1567448373.9965
CHLD 6 686.613281 1567448373.9966
CHLD 7 614.156250 1567448373.9966
CHLD 8 0.000000 1567448373.9967
CHLD 9 0.000000 1567448373.9968
CHLD 10 0.000000 1567448373.9968
CHLD 11 7.648438 1567448373.9969
CHLD 12 10.945312 1567448373.9969
CHLD 13 10.945312 1567448373.9970
CHLD 14 10.871094 1567448373.9971
MEM 708.277344 1567448374.0976
CHLD 0 601.085938 1567448374.1415
CHLD 1 601.093750 1567448374.1416
CHLD 2 601.093750 1567448374.1416
CHLD 3 601.093750 1567448374.1417
CHLD 4 687.675781 1567448374.1417
CHLD 5 684.535156 1567448374.1418
CHLD 6 686.871094 1567448374.1419
CHLD 7 618.203125 1567448374.1419
CHLD 8 0.000000 1567448374.1420
CHLD 9 0.000000 1567448374.1420
CHLD 10 0.000000 1567448374.1421
CHLD 11 10.976562 1567448374.1422
CHLD 12 10.945312 1567448374.1422
CHLD 13 10.945312 1567448374.1423
CHLD 14 10.871094 1567448374.1424
MEM 708.277344 1567448374.2428
CHLD 0 601.085938 1567448374.2623
CHLD 1 601.093750 1567448374.2624
CHLD 2 601.093750 1567448374.2625
CHLD 3 601.093750 1567448374.2625
CHLD 4 688.183594 1567448374.2626
CHLD 5 684.535156 1567448374.2627
CHLD 6 688.199219 1567448374.2627
CHLD 7 618.625000 1567448374.2628
CHLD 8 0.000000 1567448374.2628
CHLD 9 0.000000 1567448374.2629
CHLD 10 0.000000 1567448374.2630
CHLD 11 10.976562 1567448374.2635
CHLD 12 10.945312 1567448374.2635
CHLD 13 10.945312 1567448374.2639
CHLD 14 10.871094 1567448374.2640
MEM 708.277344 1567448374.3644
CHLD 0 601.085938 1567448374.3931
CHLD 1 601.093750 1567448374.3932
CHLD 2 601.093750 1567448374.3933
CHLD 3 601.093750 1567448374.3933
CHLD 4 688.695312 1567448374.3934
CHLD 5 685.769531 1567448374.3934
CHLD 6 688.949219 1567448374.3935
CHLD 7 620.695312 1567448374.3936
CHLD 8 0.000000 1567448374.3936
CHLD 9 0.000000 1567448374.3937
CHLD 10 0.000000 1567448374.3938
CHLD 11 10.976562 1567448374.3938
CHLD 12 10.945312 1567448374.3939
CHLD 13 10.945312 1567448374.3939
CHLD 14 10.871094 1567448374.3940
MEM 708.277344 1567448374.4944
CHLD 0 601.085938 1567448374.5240
CHLD 1 601.093750 1567448374.5241
CHLD 2 601.093750 1567448374.5241
CHLD 3 601.093750 1567448374.5242
CHLD 4 689.468750 1567448374.5242
CHLD 5 686.410156 1567448374.5243
CHLD 6 689.453125 1567448374.5244
CHLD 7 625.289062 1567448374.5244
CHLD 8 0.000000 1567448374.5245
CHLD 9 0.000000 1567448374.5245
CHLD 10 0.000000 1567448374.5246
CHLD 11 10.976562 1567448374.5247
CHLD 12 10.945312 1567448374.5247
CHLD 13 10.945312 1567448374.5248
CHLD 14 10.871094 1567448374.5248
MEM 708.277344 1567448374.6253
CHLD 0 601.085938 1567448374.6421
CHLD 1 601.093750 1567448374.6422
CHLD 2 601.093750 1567448374.6422
CHLD 3 601.093750 1567448374.6423
CHLD 4 690.195312 1567448374.6424
CHLD 5 686.921875 1567448374.6424
CHLD 6 690.199219 1567448374.6425
CHLD 7 634.691406 1567448374.6425
CHLD 8 0.000000 1567448374.6426
CHLD 9 0.000000 1567448374.6426
CHLD 10 0.000000 1567448374.6427
CHLD 11 10.976562 1567448374.6427
CHLD 12 10.945312 1567448374.6428
CHLD 13 10.945312 1567448374.6428
CHLD 14 10.871094 1567448374.6429
MEM 708.277344 1567448374.7586
CHLD 0 601.085938 1567448374.8112
CHLD 1 601.093750 1567448374.8113
CHLD 2 601.093750 1567448374.8114
CHLD 3 601.093750 1567448374.8114
CHLD 4 690.195312 1567448374.8115
CHLD 5 687.433594 1567448374.8115
CHLD 6 691.226562 1567448374.8116
CHLD 7 637.257812 1567448374.8116
CHLD 8 0.000000 1567448374.8117
CHLD 9 0.000000 1567448374.8117
CHLD 10 0.000000 1567448374.8118
CHLD 11 10.976562 1567448374.8118
CHLD 12 10.945312 1567448374.8119
CHLD 13 10.945312 1567448374.8120
CHLD 14 10.871094 1567448374.8120
MEM 708.277344 1567448374.9227
CHLD 0 601.085938 1567448374.9809
CHLD 1 601.093750 1567448374.9809
CHLD 2 601.093750 1567448374.9810
CHLD 3 601.093750 1567448374.9810
CHLD 4 690.195312 1567448374.9811
CHLD 5 687.691406 1567448374.9811
CHLD 6 691.609375 1567448374.9812
CHLD 7 638.902344 1567448374.9813
CHLD 8 0.000000 1567448374.9813
CHLD 9 0.000000 1567448374.9814
CHLD 10 0.000000 1567448374.9814
CHLD 11 10.976562 1567448374.9815
CHLD 12 10.945312 1567448374.9815
CHLD 13 10.945312 1567448374.9816
CHLD 14 10.871094 1567448374.9816
MEM 708.277344 1567448375.0906
CHLD 0 601.085938 1567448375.1085
CHLD 1 601.093750 1567448375.1086
CHLD 2 601.093750 1567448375.1087
CHLD 3 601.093750 1567448375.1087
CHLD 4 690.195312 1567448375.1088
CHLD 5 687.910156 1567448375.1089
CHLD 6 691.609375 1567448375.1089
CHLD 7 640.910156 1567448375.1090
CHLD 8 0.000000 1567448375.1091
CHLD 9 0.000000 1567448375.1091
CHLD 10 0.000000 1567448375.1092
CHLD 11 10.976562 1567448375.1092
CHLD 12 10.945312 1567448375.1093
CHLD 13 10.945312 1567448375.1094
CHLD 14 10.871094 1567448375.1094
MEM 708.277344 1567448375.2098
CHLD 0 601.085938 1567448375.2262
CHLD 1 601.093750 1567448375.2263
CHLD 2 601.093750 1567448375.2263
CHLD 3 601.093750 1567448375.2264
CHLD 4 690.195312 1567448375.2265
CHLD 5 688.421875 1567448375.2265
CHLD 6 692.597656 1567448375.2266
CHLD 7 641.371094 1567448375.2266
CHLD 8 0.000000 1567448375.2267
CHLD 9 0.000000 1567448375.2267
CHLD 10 0.000000 1567448375.2268
CHLD 11 10.976562 1567448375.2269
CHLD 12 10.945312 1567448375.2269
CHLD 13 10.945312 1567448375.2270
CHLD 14 10.871094 1567448375.2270
MEM 708.277344 1567448375.3274
CHLD 0 601.085938 1567448375.3528
CHLD 1 601.093750 1567448375.3529
CHLD 2 601.093750 1567448375.3530
CHLD 3 601.093750 1567448375.3530
CHLD 4 690.195312 1567448375.3531
CHLD 5 689.160156 1567448375.3531
CHLD 6 692.597656 1567448375.3532
CHLD 7 641.714844 1567448375.3532
CHLD 8 0.000000 1567448375.3533
CHLD 9 0.000000 1567448375.3534
CHLD 10 0.000000 1567448375.3534
CHLD 11 10.976562 1567448375.3535
CHLD 12 10.945312 1567448375.3535
CHLD 13 10.945312 1567448375.3536
CHLD 14 10.871094 1567448375.3537
MEM 708.277344 1567448375.4541
CHLD 0 601.085938 1567448375.4857
CHLD 1 601.093750 1567448375.4857
CHLD 2 601.093750 1567448375.4858
CHLD 3 601.093750 1567448375.4859
CHLD 4 690.195312 1567448375.4859
CHLD 5 689.671875 1567448375.4860
CHLD 6 692.597656 1567448375.4860
CHLD 7 642.035156 1567448375.4861
CHLD 8 0.000000 1567448375.4862
CHLD 9 0.000000 1567448375.4862
CHLD 10 0.000000 1567448375.4864
CHLD 11 10.976562 1567448375.4864
CHLD 12 10.945312 1567448375.4865
CHLD 13 10.945312 1567448375.4865
CHLD 14 10.871094 1567448375.4866
MEM 708.277344 1567448375.5870
CHLD 0 601.085938 1567448375.6165
CHLD 1 601.093750 1567448375.6165
CHLD 2 601.093750 1567448375.6166
CHLD 3 601.093750 1567448375.6167
CHLD 4 690.195312 1567448375.6167
CHLD 5 690.453125 1567448375.6168
CHLD 6 692.597656 1567448375.6168
CHLD 7 642.636719 1567448375.6169
CHLD 8 0.000000 1567448375.6169
CHLD 9 0.000000 1567448375.6170
CHLD 10 0.000000 1567448375.6171
CHLD 11 10.976562 1567448375.6171
CHLD 12 10.945312 1567448375.6172
CHLD 13 10.945312 1567448375.6172
CHLD 14 10.871094 1567448375.6173
MEM 708.277344 1567448375.7177
CHLD 0 601.085938 1567448375.7395
CHLD 1 601.093750 1567448375.7396
CHLD 2 601.093750 1567448375.7396
CHLD 3 601.093750 1567448375.7397
CHLD 4 690.195312 1567448375.7398
CHLD 5 690.453125 1567448375.7398
CHLD 6 692.597656 1567448375.7405
CHLD 7 649.824219 1567448375.7405
CHLD 8 0.000000 1567448375.7406
CHLD 9 0.000000 1567448375.7406
CHLD 10 0.000000 1567448375.7407
CHLD 11 10.976562 1567448375.7407
CHLD 12 10.945312 1567448375.7408
CHLD 13 10.945312 1567448375.7408
CHLD 14 10.871094 1567448375.7409
MEM 708.277344 1567448375.8413
CHLD 0 601.085938 1567448375.8840
CHLD 1 601.093750 1567448375.8840
CHLD 2 601.093750 1567448375.8840
CHLD 3 601.093750 1567448375.8841
CHLD 4 690.195312 1567448375.8841
CHLD 5 691.410156 1567448375.8841
CHLD 6 692.597656 1567448375.8842
CHLD 7 654.789062 1567448375.8842
CHLD 8 0.000000 1567448375.8842
CHLD 9 0.000000 1567448375.8843
CHLD 10 0.000000 1567448375.8843
CHLD 11 10.976562 1567448375.8844
CHLD 12 10.945312 1567448375.8844
CHLD 13 10.945312 1567448375.8844
CHLD 14 10.871094 1567448375.8845
MEM 708.277344 1567448375.9849
CHLD 0 601.085938 1567448376.0077
CHLD 1 601.093750 1567448376.0078
CHLD 2 601.093750 1567448376.0078
CHLD 3 601.093750 1567448376.0079
CHLD 4 690.195312 1567448376.0079
CHLD 5 692.699219 1567448376.0080
CHLD 6 692.597656 1567448376.0080
CHLD 7 655.175781 1567448376.0081
CHLD 8 0.000000 1567448376.0081
CHLD 9 0.000000 1567448376.0082
CHLD 10 0.000000 1567448376.0082
CHLD 11 10.976562 1567448376.0083
CHLD 12 10.945312 1567448376.0084
CHLD 13 10.945312 1567448376.0084
CHLD 14 10.871094 1567448376.0085
MEM 708.277344 1567448376.1089
CHLD 0 601.085938 1567448376.1376
CHLD 1 601.093750 1567448376.1376
CHLD 2 601.093750 1567448376.1377
CHLD 3 601.093750 1567448376.1377
CHLD 4 690.195312 1567448376.1378
CHLD 5 693.730469 1567448376.1378
CHLD 6 692.597656 1567448376.1379
CHLD 7 655.175781 1567448376.1379
CHLD 8 0.000000 1567448376.1380
CHLD 9 0.000000 1567448376.1381
CHLD 10 0.000000 1567448376.1381
CHLD 11 10.976562 1567448376.1382
CHLD 12 10.945312 1567448376.1382
CHLD 13 10.945312 1567448376.1437
CHLD 14 10.871094 1567448376.1438
MEM 708.277344 1567448376.2443
CHLD 0 601.085938 1567448376.2840
CHLD 1 601.093750 1567448376.2841
CHLD 2 601.093750 1567448376.2842
CHLD 3 601.093750 1567448376.2842
CHLD 4 690.195312 1567448376.2843
CHLD 5 693.730469 1567448376.2843
CHLD 6 692.597656 1567448376.2844
CHLD 7 655.175781 1567448376.2844
CHLD 8 0.000000 1567448376.2845
CHLD 9 0.000000 1567448376.2845
CHLD 10 0.000000 1567448376.2846
CHLD 11 10.976562 1567448376.2846
CHLD 12 10.945312 1567448376.2847
CHLD 13 10.945312 1567448376.2847
CHLD 14 10.871094 1567448376.2848
MEM 708.277344 1567448376.3852
CHLD 0 601.085938 1567448376.4165
CHLD 1 601.093750 1567448376.4166
CHLD 2 601.093750 1567448376.4167
CHLD 3 601.093750 1567448376.4167
CHLD 4 690.195312 1567448376.4168
CHLD 5 693.730469 1567448376.4168
CHLD 6 692.597656 1567448376.4169
CHLD 7 663.460938 1567448376.4170
CHLD 8 0.000000 1567448376.4170
CHLD 9 0.000000 1567448376.4171
CHLD 10 0.000000 1567448376.4172
CHLD 11 10.976562 1567448376.4172
CHLD 12 10.945312 1567448376.4173
CHLD 13 10.945312 1567448376.4173
CHLD 14 10.871094 1567448376.4174
MEM 708.277344 1567448376.5179
CHLD 0 601.085938 1567448376.5718
CHLD 1 601.093750 1567448376.5719
CHLD 2 601.093750 1567448376.5720
CHLD 3 601.093750 1567448376.5720
CHLD 4 690.195312 1567448376.5721
CHLD 5 693.730469 1567448376.5721
CHLD 6 692.597656 1567448376.5722
CHLD 7 665.007812 1567448376.5722
CHLD 8 0.000000 1567448376.5723
CHLD 9 0.000000 1567448376.5724
CHLD 10 0.000000 1567448376.5724
CHLD 11 10.976562 1567448376.5725
CHLD 12 10.945312 1567448376.5725
CHLD 13 10.945312 1567448376.5726
CHLD 14 10.871094 1567448376.5726
MEM 708.277344 1567448376.6730
CHLD 0 601.085938 1567448376.6943
CHLD 1 601.093750 1567448376.6944
CHLD 2 601.093750 1567448376.6944
CHLD 3 601.093750 1567448376.6945
CHLD 4 690.195312 1567448376.6945
CHLD 5 693.730469 1567448376.6946
CHLD 6 692.597656 1567448376.6947
CHLD 7 666.039062 1567448376.6947
CHLD 8 0.000000 1567448376.6948
CHLD 9 0.000000 1567448376.6948
CHLD 10 0.000000 1567448376.6949
CHLD 11 10.976562 1567448376.6949
CHLD 12 10.945312 1567448376.6950
CHLD 13 10.945312 1567448376.6951
CHLD 14 10.871094 1567448376.6951
MEM 708.277344 1567448376.7955
CHLD 0 601.085938 1567448376.8135
CHLD 1 601.093750 1567448376.8136
CHLD 2 601.093750 1567448376.8137
CHLD 3 601.093750 1567448376.8137
CHLD 4 690.195312 1567448376.8138
CHLD 5 693.730469 1567448376.8138
CHLD 6 692.597656 1567448376.8139
CHLD 7 666.039062 1567448376.8140
CHLD 8 0.000000 1567448376.8140
CHLD 9 0.000000 1567448376.8141
CHLD 10 0.000000 1567448376.8142
CHLD 11 10.976562 1567448376.8143
CHLD 12 10.945312 1567448376.8144
CHLD 13 10.945312 1567448376.8144
CHLD 14 10.871094 1567448376.8145
MEM 708.277344 1567448376.9150
CHLD 0 601.085938 1567448376.9542
CHLD 1 601.093750 1567448376.9558
CHLD 2 601.093750 1567448376.9559
CHLD 3 601.093750 1567448376.9560
CHLD 4 690.195312 1567448376.9560
CHLD 5 693.730469 1567448376.9561
CHLD 6 692.597656 1567448376.9561
CHLD 7 667.328125 1567448376.9563
CHLD 8 0.000000 1567448376.9587
CHLD 9 0.000000 1567448376.9607
CHLD 10 0.000000 1567448376.9608
CHLD 11 10.976562 1567448376.9609
CHLD 12 10.945312 1567448376.9610
CHLD 13 10.945312 1567448376.9610
CHLD 14 10.871094 1567448376.9611
MEM 708.277344 1567448377.0616
CHLD 0 601.085938 1567448377.0879
CHLD 1 601.093750 1567448377.0880
CHLD 2 601.093750 1567448377.0880
CHLD 3 601.093750 1567448377.0881
CHLD 4 690.195312 1567448377.0882
CHLD 5 693.730469 1567448377.0882
CHLD 6 692.597656 1567448377.0883
CHLD 7 667.328125 1567448377.0883
CHLD 8 0.000000 1567448377.0884
CHLD 9 0.000000 1567448377.0884
CHLD 10 0.000000 1567448377.0885
CHLD 11 10.976562 1567448377.0886
CHLD 12 10.945312 1567448377.0886
CHLD 13 10.945312 1567448377.0887
CHLD 14 10.871094 1567448377.0887
MEM 708.277344 1567448377.1891
CHLD 0 601.085938 1567448377.2095
CHLD 1 601.093750 1567448377.2096
CHLD 2 601.093750 1567448377.2096
CHLD 3 601.093750 1567448377.2097
CHLD 4 690.195312 1567448377.2098
CHLD 5 693.730469 1567448377.2098
CHLD 6 692.597656 1567448377.2099
CHLD 7 667.328125 1567448377.2099
CHLD 8 0.000000 1567448377.2100
CHLD 9 0.000000 1567448377.2100
CHLD 10 0.000000 1567448377.2101
CHLD 11 10.976562 1567448377.2102
CHLD 12 10.945312 1567448377.2102
CHLD 13 10.945312 1567448377.2253
CHLD 14 10.871094 1567448377.2254
MEM 708.277344 1567448377.3266
CHLD 0 601.085938 1567448377.4269
CHLD 1 601.093750 1567448377.4270
CHLD 2 601.093750 1567448377.4271
CHLD 3 601.093750 1567448377.4271
CHLD 4 690.195312 1567448377.4272
CHLD 5 693.730469 1567448377.4272
CHLD 6 692.597656 1567448377.4273
CHLD 7 667.328125 1567448377.4274
CHLD 8 0.000000 1567448377.4274
CHLD 9 0.000000 1567448377.4275
CHLD 10 0.000000 1567448377.4275
CHLD 11 10.976562 1567448377.4276
CHLD 12 10.945312 1567448377.4276
CHLD 13 10.945312 1567448377.4277
CHLD 14 10.871094 1567448377.4278
MEM 708.277344 1567448377.5347
CHLD 0 601.085938 1567448377.5579
CHLD 1 601.093750 1567448377.5580
CHLD 2 601.093750 1567448377.5580
CHLD 3 601.093750 1567448377.5581
CHLD 4 690.195312 1567448377.5582
CHLD 5 693.730469 1567448377.5582
CHLD 6 692.597656 1567448377.5583
CHLD 7 667.328125 1567448377.5583
CHLD 8 0.000000 1567448377.5584
CHLD 9 0.000000 1567448377.5585
CHLD 10 0.000000 1567448377.5585
CHLD 11 10.976562 1567448377.5586
CHLD 12 10.945312 1567448377.5586
CHLD 13 10.945312 1567448377.5587
CHLD 14 10.871094 1567448377.5587
MEM 708.277344 1567448377.6592
CHLD 0 601.085938 1567448377.6835
CHLD 1 601.093750 1567448377.6836
CHLD 2 601.093750 1567448377.6836
CHLD 3 601.093750 1567448377.6837
CHLD 4 690.195312 1567448377.6837
CHLD 5 693.730469 1567448377.6838
CHLD 6 692.597656 1567448377.6839
CHLD 7 667.328125 1567448377.6839
CHLD 8 0.000000 1567448377.6840
CHLD 9 0.000000 1567448377.6840
CHLD 10 0.000000 1567448377.6841
CHLD 11 10.976562 1567448377.6842
CHLD 12 10.945312 1567448377.6842
CHLD 13 10.945312 1567448377.6843
CHLD 14 10.871094 1567448377.6843
MEM 708.277344 1567448377.7847
CHLD 0 601.085938 1567448377.8278
CHLD 1 601.093750 1567448377.8279
CHLD 2 601.093750 1567448377.8280
CHLD 3 601.093750 1567448377.8281
CHLD 4 690.195312 1567448377.8281
CHLD 5 693.730469 1567448377.8282
CHLD 6 692.597656 1567448377.8282
CHLD 7 667.585938 1567448377.8283
CHLD 8 0.000000 1567448377.8283
CHLD 9 0.000000 1567448377.8284
CHLD 10 0.000000 1567448377.8285
CHLD 11 10.976562 1567448377.8286
CHLD 12 10.945312 1567448377.8287
CHLD 13 10.945312 1567448377.8287
CHLD 14 10.871094 1567448377.8288
MEM 708.277344 1567448377.9291
CHLD 0 601.085938 1567448377.9598
CHLD 1 601.093750 1567448377.9599
CHLD 2 601.093750 1567448377.9600
CHLD 3 601.093750 1567448377.9600
CHLD 4 690.195312 1567448377.9601
CHLD 5 693.730469 1567448377.9602
CHLD 6 692.597656 1567448377.9602
CHLD 7 667.585938 1567448377.9603
CHLD 8 0.000000 1567448377.9603
CHLD 9 0.000000 1567448377.9604
CHLD 10 0.000000 1567448377.9604
CHLD 11 10.976562 1567448377.9605
CHLD 12 10.945312 1567448377.9606
CHLD 13 10.945312 1567448377.9606
CHLD 14 10.871094 1567448377.9607
MEM 708.277344 1567448378.0616
CHLD 0 601.085938 1567448378.1002
CHLD 1 601.093750 1567448378.1013
CHLD 2 601.093750 1567448378.1014
CHLD 3 601.093750 1567448378.1014
CHLD 4 690.195312 1567448378.1015
CHLD 5 693.730469 1567448378.1015
CHLD 6 692.597656 1567448378.1016
CHLD 7 667.843750 1567448378.1016
CHLD 8 0.000000 1567448378.1017
CHLD 9 0.000000 1567448378.1018
CHLD 10 0.000000 1567448378.1018
CHLD 11 10.976562 1567448378.1019
CHLD 12 10.945312 1567448378.1019
CHLD 13 10.945312 1567448378.1020
CHLD 14 10.871094 1567448378.1021
MEM 708.277344 1567448378.2028
CHLD 0 601.085938 1567448378.2433
CHLD 1 601.093750 1567448378.2434
CHLD 2 601.093750 1567448378.2435
CHLD 3 601.093750 1567448378.2435
CHLD 4 690.195312 1567448378.2436
CHLD 5 693.730469 1567448378.2436
CHLD 6 692.597656 1567448378.2437
CHLD 7 667.843750 1567448378.2438
CHLD 8 0.000000 1567448378.2438
CHLD 9 0.000000 1567448378.2439
CHLD 10 0.000000 1567448378.2439
CHLD 11 10.976562 1567448378.2440
CHLD 12 10.945312 1567448378.2440
CHLD 13 10.945312 1567448378.2441
CHLD 14 10.871094 1567448378.2441
MEM 708.277344 1567448378.3446
CHLD 0 601.085938 1567448378.3825
CHLD 1 601.093750 1567448378.3825
CHLD 2 601.093750 1567448378.3826
CHLD 3 601.093750 1567448378.3826
CHLD 4 690.195312 1567448378.3827
CHLD 5 693.730469 1567448378.3827
CHLD 6 692.597656 1567448378.3828
CHLD 7 667.843750 1567448378.3829
CHLD 8 0.000000 1567448378.3829
CHLD 9 0.000000 1567448378.3830
CHLD 10 0.000000 1567448378.3831
CHLD 11 10.976562 1567448378.3831
CHLD 12 10.945312 1567448378.3832
CHLD 13 10.945312 1567448378.3832
CHLD 14 10.871094 1567448378.3833
MEM 708.277344 1567448378.4853
CHLD 0 601.085938 1567448378.5222
CHLD 1 601.093750 1567448378.5251
CHLD 2 601.093750 1567448378.5251
CHLD 3 601.093750 1567448378.5252
CHLD 4 690.195312 1567448378.5253
CHLD 5 693.730469 1567448378.5253
CHLD 6 692.597656 1567448378.5254
CHLD 7 667.843750 1567448378.5254
CHLD 8 0.000000 1567448378.5255
CHLD 9 0.000000 1567448378.5256
CHLD 10 0.000000 1567448378.5256
CHLD 11 10.976562 1567448378.5257
CHLD 12 10.945312 1567448378.5257
CHLD 13 10.945312 1567448378.5258
CHLD 14 10.871094 1567448378.5259
MEM 708.277344 1567448378.6263
CHLD 0 601.085938 1567448378.6622
CHLD 1 601.093750 1567448378.6624
CHLD 2 601.093750 1567448378.6624
CHLD 3 601.093750 1567448378.6625
CHLD 4 690.195312 1567448378.6625
CHLD 5 693.730469 1567448378.6626
CHLD 6 692.597656 1567448378.6627
CHLD 7 667.843750 1567448378.6627
CHLD 8 0.000000 1567448378.6628
CHLD 9 0.000000 1567448378.6628
CHLD 10 0.000000 1567448378.6629
CHLD 11 10.976562 1567448378.6630
CHLD 12 10.945312 1567448378.6630
CHLD 13 10.945312 1567448378.6631
CHLD 14 10.871094 1567448378.6631
MEM 708.277344 1567448378.7645
CHLD 0 601.085938 1567448378.7893
CHLD 1 601.093750 1567448378.7894
CHLD 2 601.093750 1567448378.7894
CHLD 3 601.093750 1567448378.7895
CHLD 4 690.195312 1567448378.7896
CHLD 5 693.730469 1567448378.7896
CHLD 6 692.597656 1567448378.7897
CHLD 7 667.843750 1567448378.7897
CHLD 8 0.000000 1567448378.7898
CHLD 9 0.000000 1567448378.7898
CHLD 10 0.000000 1567448378.7899
CHLD 11 10.976562 1567448378.7899
CHLD 12 10.945312 1567448378.7900
CHLD 13 10.945312 1567448378.7901
CHLD 14 10.871094 1567448378.7901
MEM 708.277344 1567448378.8905
CHLD 0 601.085938 1567448378.9627
CHLD 1 601.093750 1567448378.9628
CHLD 2 601.093750 1567448378.9628
CHLD 3 601.093750 1567448378.9629
CHLD 4 690.195312 1567448378.9629
CHLD 5 693.730469 1567448378.9630
CHLD 6 692.597656 1567448378.9631
CHLD 7 667.843750 1567448378.9774
CHLD 8 0.000000 1567448378.9775
CHLD 9 0.000000 1567448378.9775
CHLD 10 0.000000 1567448378.9776
CHLD 11 10.976562 1567448378.9777
CHLD 12 10.945312 1567448378.9777
CHLD 13 10.945312 1567448378.9778
CHLD 14 10.871094 1567448378.9778
MEM 708.277344 1567448379.0784
CHLD 0 601.085938 1567448379.1099
CHLD 1 601.093750 1567448379.1099
CHLD 2 601.093750 1567448379.1100
CHLD 3 601.093750 1567448379.1100
CHLD 4 690.195312 1567448379.1100
CHLD 5 693.730469 1567448379.1101
CHLD 6 692.597656 1567448379.1101
CHLD 7 667.843750 1567448379.1102
CHLD 8 0.000000 1567448379.1162
CHLD 9 0.000000 1567448379.1163
CHLD 10 0.000000 1567448379.1164
CHLD 11 10.976562 1567448379.1164
CHLD 12 10.945312 1567448379.1165
CHLD 13 10.945312 1567448379.1166
CHLD 14 10.871094 1567448379.1166
MEM 708.277344 1567448379.2173
CHLD 0 601.085938 1567448379.2651
CHLD 1 601.093750 1567448379.2651
CHLD 2 601.093750 1567448379.2652
CHLD 3 601.093750 1567448379.2652
CHLD 4 690.195312 1567448379.2653
CHLD 5 693.730469 1567448379.2653
CHLD 6 692.597656 1567448379.2653
CHLD 7 667.843750 1567448379.2654
CHLD 8 0.000000 1567448379.2654
CHLD 9 0.000000 1567448379.2654
CHLD 10 0.000000 1567448379.2655
CHLD 11 10.976562 1567448379.2655
CHLD 12 10.945312 1567448379.2655
CHLD 13 10.945312 1567448379.2656
CHLD 14 10.871094 1567448379.2656
MEM 708.277344 1567448379.3661
CHLD 0 601.085938 1567448379.3986
CHLD 1 601.093750 1567448379.3986
CHLD 2 601.093750 1567448379.3987
CHLD 3 601.093750 1567448379.3987
CHLD 4 690.195312 1567448379.3988
CHLD 5 693.730469 1567448379.3988
CHLD 6 692.597656 1567448379.3989
CHLD 7 667.843750 1567448379.3989
CHLD 8 0.000000 1567448379.3990
CHLD 9 0.000000 1567448379.3990
CHLD 10 0.000000 1567448379.3991
CHLD 11 10.976562 1567448379.3991
CHLD 12 10.945312 1567448379.3992
CHLD 13 10.945312 1567448379.3992
CHLD 14 10.871094 1567448379.3993
MEM 708.277344 1567448379.5027
CHLD 0 601.085938 1567448379.6336
CHLD 1 601.093750 1567448379.6336
CHLD 2 601.093750 1567448379.6337
CHLD 3 601.093750 1567448379.6337
CHLD 4 690.195312 1567448379.6338
CHLD 5 693.730469 1567448379.6339
CHLD 6 692.597656 1567448379.6339
CHLD 7 667.843750 1567448379.6340
CHLD 8 0.000000 1567448379.6340
CHLD 9 0.000000 1567448379.6341
CHLD 10 0.000000 1567448379.6341
CHLD 11 10.976562 1567448379.6342
CHLD 12 10.945312 1567448379.6542
CHLD 13 10.945312 1567448379.6543
CHLD 14 10.871094 1567448379.6544
MEM 708.277344 1567448379.7551
CHLD 0 601.085938 1567448379.7879
CHLD 1 601.093750 1567448379.7879
CHLD 2 601.093750 1567448379.7880
CHLD 3 601.093750 1567448379.7881
CHLD 4 690.195312 1567448379.7881
CHLD 5 693.730469 1567448379.7882
CHLD 6 692.597656 1567448379.7882
CHLD 7 667.843750 1567448379.7883
CHLD 8 0.000000 1567448379.7883
CHLD 9 0.000000 1567448379.7884
CHLD 10 0.000000 1567448379.7884
CHLD 11 10.976562 1567448379.7885
CHLD 12 10.945312 1567448379.7885
CHLD 13 10.945312 1567448379.7886
CHLD 14 10.871094 1567448379.7887
MEM 708.277344 1567448379.8892
CHLD 0 601.085938 1567448379.9185
CHLD 1 601.093750 1567448379.9195
CHLD 2 601.093750 1567448379.9196
CHLD 3 601.093750 1567448379.9197
CHLD 4 690.195312 1567448379.9197
CHLD 5 693.730469 1567448379.9198
CHLD 6 692.597656 1567448379.9199
CHLD 7 667.843750 1567448379.9199
CHLD 8 0.000000 1567448379.9200
CHLD 9 0.000000 1567448379.9200
CHLD 10 0.000000 1567448379.9201
CHLD 11 10.976562 1567448379.9202
CHLD 12 10.945312 1567448379.9204
CHLD 13 10.945312 1567448379.9204
CHLD 14 10.871094 1567448379.9205
MEM 708.277344 1567448380.0209
CHLD 0 601.085938 1567448380.0739
CHLD 1 601.093750 1567448380.0740
CHLD 2 601.093750 1567448380.0741
CHLD 3 601.093750 1567448380.0741
CHLD 4 690.195312 1567448380.0742
CHLD 5 693.730469 1567448380.0743
CHLD 6 692.597656 1567448380.0744
CHLD 7 667.843750 1567448380.0744
CHLD 8 0.000000 1567448380.0745
CHLD 9 0.000000 1567448380.0745
CHLD 10 0.000000 1567448380.0746
CHLD 11 10.976562 1567448380.0746
CHLD 12 10.945312 1567448380.0747
CHLD 13 10.945312 1567448380.0748
CHLD 14 10.871094 1567448380.0748
MEM 708.277344 1567448380.1753
CHLD 0 601.085938 1567448380.2045
CHLD 1 601.093750 1567448380.2045
CHLD 2 601.093750 1567448380.2046
CHLD 3 601.093750 1567448380.2047
CHLD 4 690.195312 1567448380.2047
CHLD 5 693.730469 1567448380.2048
CHLD 6 692.597656 1567448380.2048
CHLD 7 667.843750 1567448380.2049
CHLD 8 0.000000 1567448380.2050
CHLD 9 0.000000 1567448380.2050
CHLD 10 0.000000 1567448380.2051
CHLD 11 10.976562 1567448380.2052
CHLD 12 10.945312 1567448380.2052
CHLD 13 10.945312 1567448380.2053
CHLD 14 10.871094 1567448380.2053
MEM 708.277344 1567448380.3057
CHLD 0 601.085938 1567448380.3561
CHLD 1 601.093750 1567448380.3561
CHLD 2 601.093750 1567448380.3562
CHLD 3 601.093750 1567448380.3563
CHLD 4 690.195312 1567448380.3563
CHLD 5 693.730469 1567448380.3564
CHLD 6 692.597656 1567448380.3564
CHLD 7 668.101562 1567448380.3565
CHLD 8 0.000000 1567448380.3566
CHLD 9 0.000000 1567448380.3566
CHLD 10 0.000000 1567448380.3567
CHLD 11 10.976562 1567448380.3567
CHLD 12 10.945312 1567448380.3568
CHLD 13 10.945312 1567448380.3568
CHLD 14 10.871094 1567448380.3569
MEM 708.277344 1567448380.4573
CHLD 0 601.085938 1567448380.5032
CHLD 1 601.093750 1567448380.5033
CHLD 2 601.093750 1567448380.5033
CHLD 3 601.093750 1567448380.5034
CHLD 4 690.195312 1567448380.5034
CHLD 5 693.730469 1567448380.5035
CHLD 6 692.597656 1567448380.5036
CHLD 7 668.101562 1567448380.5036
CHLD 8 0.000000 1567448380.5037
CHLD 9 0.000000 1567448380.5037
CHLD 10 0.000000 1567448380.5038
CHLD 11 10.976562 1567448380.5039
CHLD 12 10.945312 1567448380.5039
CHLD 13 10.945312 1567448380.5040
CHLD 14 10.871094 1567448380.5040
MEM 708.277344 1567448380.6051
CHLD 0 601.085938 1567448380.6311
CHLD 1 601.093750 1567448380.6312
CHLD 2 601.093750 1567448380.6313
CHLD 3 601.093750 1567448380.6313
CHLD 4 690.195312 1567448380.6314
CHLD 5 693.730469 1567448380.6314
CHLD 6 692.597656 1567448380.6315
CHLD 7 668.101562 1567448380.6315
CHLD 8 0.000000 1567448380.6316
CHLD 9 0.000000 1567448380.6317
CHLD 10 0.000000 1567448380.6317
CHLD 11 10.976562 1567448380.6318
CHLD 12 10.945312 1567448380.6318
CHLD 13 10.945312 1567448380.6319
CHLD 14 10.871094 1567448380.6319
MEM 708.277344 1567448380.7330
CHLD 0 601.085938 1567448380.7700
CHLD 1 601.093750 1567448380.7701
CHLD 2 601.093750 1567448380.7701
CHLD 3 601.093750 1567448380.7702
CHLD 4 690.195312 1567448380.7702
CHLD 5 693.730469 1567448380.7703
CHLD 6 692.597656 1567448380.7703
CHLD 7 668.101562 1567448380.7704
CHLD 8 0.000000 1567448380.7705
CHLD 9 0.000000 1567448380.7705
CHLD 10 0.000000 1567448380.7706
CHLD 11 10.976562 1567448380.7706
CHLD 12 10.945312 1567448380.7707
CHLD 13 10.945312 1567448380.7707
CHLD 14 10.871094 1567448380.7708
MEM 708.277344 1567448380.8715
CHLD 0 601.085938 1567448380.8900
CHLD 1 601.093750 1567448380.8900
CHLD 2 601.093750 1567448380.8901
CHLD 3 601.093750 1567448380.8901
CHLD 4 690.195312 1567448380.8902
CHLD 5 693.730469 1567448380.8902
CHLD 6 692.597656 1567448380.8903
CHLD 7 668.101562 1567448380.8904
CHLD 8 0.000000 1567448380.8904
CHLD 9 0.000000 1567448380.8905
CHLD 10 0.000000 1567448380.8905
CHLD 11 10.976562 1567448380.8906
CHLD 12 10.945312 1567448380.8906
CHLD 13 10.945312 1567448380.8907
CHLD 14 10.871094 1567448380.8907
MEM 708.277344 1567448380.9912
CHLD 0 601.085938 1567448381.0140
CHLD 1 601.093750 1567448381.0141
CHLD 2 601.093750 1567448381.0141
CHLD 3 601.093750 1567448381.0142
CHLD 4 690.195312 1567448381.0163
CHLD 5 693.730469 1567448381.0240
CHLD 6 692.597656 1567448381.0241
CHLD 7 668.101562 1567448381.0264
CHLD 8 0.000000 1567448381.0265
CHLD 9 0.000000 1567448381.0266
CHLD 10 0.000000 1567448381.0266
CHLD 11 10.976562 1567448381.0267
CHLD 12 10.945312 1567448381.0268
CHLD 13 10.945312 1567448381.0268
CHLD 14 10.871094 1567448381.0269
MEM 708.277344 1567448381.1273
CHLD 0 601.085938 1567448381.1624
CHLD 1 601.093750 1567448381.1624
CHLD 2 601.093750 1567448381.1625
CHLD 3 601.093750 1567448381.1626
CHLD 4 690.195312 1567448381.1626
CHLD 5 693.730469 1567448381.1627
CHLD 6 692.597656 1567448381.1627
CHLD 7 668.101562 1567448381.1628
CHLD 8 0.000000 1567448381.1628
CHLD 9 0.000000 1567448381.1629
CHLD 10 0.000000 1567448381.1629
CHLD 11 10.976562 1567448381.1630
CHLD 12 10.945312 1567448381.1631
CHLD 13 10.945312 1567448381.1631
CHLD 14 10.871094 1567448381.1632
MEM 708.277344 1567448381.2636
CHLD 0 601.085938 1567448381.2803
CHLD 1 601.093750 1567448381.2803
CHLD 2 601.093750 1567448381.2804
CHLD 3 601.093750 1567448381.2804
CHLD 4 690.195312 1567448381.2805
CHLD 5 693.730469 1567448381.2806
CHLD 6 692.597656 1567448381.2806
CHLD 7 668.101562 1567448381.2807
CHLD 8 0.000000 1567448381.2808
CHLD 9 0.000000 1567448381.2808
CHLD 10 0.000000 1567448381.2809
CHLD 11 10.976562 1567448381.2809
CHLD 12 10.945312 1567448381.2810
CHLD 13 10.945312 1567448381.2811
CHLD 14 10.871094 1567448381.2811
MEM 708.277344 1567448381.3817
CHLD 0 601.085938 1567448381.4288
CHLD 1 601.093750 1567448381.4289
CHLD 2 601.093750 1567448381.4289
CHLD 3 601.093750 1567448381.4290
CHLD 4 690.195312 1567448381.4290
CHLD 5 693.730469 1567448381.4291
CHLD 6 692.597656 1567448381.4292
CHLD 7 668.101562 1567448381.4292
CHLD 8 0.000000 1567448381.4293
CHLD 9 0.000000 1567448381.4293
CHLD 10 0.000000 1567448381.4294
CHLD 11 10.976562 1567448381.4295
CHLD 12 10.945312 1567448381.4295
CHLD 13 10.945312 1567448381.4296
CHLD 14 10.871094 1567448381.4296
MEM 708.277344 1567448381.5301
CHLD 0 601.085938 1567448381.5778
CHLD 1 601.093750 1567448381.5782
CHLD 2 601.093750 1567448381.5783
CHLD 3 601.093750 1567448381.5784
CHLD 4 690.195312 1567448381.5784
CHLD 5 693.730469 1567448381.5785
CHLD 6 692.597656 1567448381.5785
CHLD 7 668.101562 1567448381.5786
CHLD 8 0.000000 1567448381.5786
CHLD 9 0.000000 1567448381.5787
CHLD 10 0.000000 1567448381.5787
CHLD 11 10.976562 1567448381.5788
CHLD 12 10.945312 1567448381.5789
CHLD 13 10.945312 1567448381.5790
CHLD 14 10.871094 1567448381.5790
MEM 708.277344 1567448381.6796
CHLD 0 601.085938 1567448381.7031
CHLD 1 601.093750 1567448381.7035
CHLD 2 601.093750 1567448381.7036
CHLD 3 601.093750 1567448381.7037
CHLD 4 690.195312 1567448381.7037
CHLD 5 693.730469 1567448381.7038
CHLD 6 692.597656 1567448381.7039
CHLD 7 668.101562 1567448381.7039
CHLD 8 0.000000 1567448381.7040
CHLD 9 0.000000 1567448381.7040
CHLD 10 0.000000 1567448381.7041
CHLD 11 10.976562 1567448381.7041
CHLD 12 10.945312 1567448381.7042
CHLD 13 10.945312 1567448381.7042
CHLD 14 10.871094 1567448381.7043
MEM 708.277344 1567448381.8047
CHLD 0 601.085938 1567448381.8334
CHLD 1 601.093750 1567448381.8335
CHLD 2 601.093750 1567448381.8336
CHLD 3 601.093750 1567448381.8336
CHLD 4 690.195312 1567448381.8337
CHLD 5 693.730469 1567448381.8337
CHLD 6 692.597656 1567448381.8338
CHLD 7 668.101562 1567448381.8339
CHLD 8 0.000000 1567448381.8339
CHLD 9 0.000000 1567448381.8340
CHLD 10 0.000000 1567448381.8340
CHLD 11 10.976562 1567448381.8341
CHLD 12 10.945312 1567448381.8341
CHLD 13 10.945312 1567448381.8342
CHLD 14 10.871094 1567448381.8344
MEM 708.277344 1567448381.9351
CHLD 0 601.085938 1567448382.0009
CHLD 1 601.093750 1567448382.0010
CHLD 2 601.093750 1567448382.0010
CHLD 3 601.093750 1567448382.0011
CHLD 4 690.195312 1567448382.0011
CHLD 5 693.730469 1567448382.0012
CHLD 6 692.597656 1567448382.0013
CHLD 7 668.101562 1567448382.0013
CHLD 8 0.000000 1567448382.0014
CHLD 9 0.000000 1567448382.0014
CHLD 10 0.000000 1567448382.0015
CHLD 11 10.976562 1567448382.0015
CHLD 12 10.945312 1567448382.0016
CHLD 13 10.945312 1567448382.0016
CHLD 14 10.871094 1567448382.0017
MEM 708.277344 1567448382.1026
CHLD 0 601.085938 1567448382.2564
CHLD 1 601.093750 1567448382.2564
CHLD 2 601.093750 1567448382.2565
CHLD 3 601.093750 1567448382.2566
CHLD 4 690.195312 1567448382.2566
CHLD 5 693.730469 1567448382.2567
CHLD 6 692.597656 1567448382.2567
CHLD 7 668.101562 1567448382.2568
CHLD 8 0.000000 1567448382.2568
CHLD 9 0.000000 1567448382.2569
CHLD 10 0.000000 1567448382.2570
CHLD 11 10.976562 1567448382.2570
CHLD 12 10.945312 1567448382.2571
CHLD 13 10.945312 1567448382.2571
CHLD 14 10.871094 1567448382.2572
MEM 708.277344 1567448382.3577
CHLD 0 601.085938 1567448382.3808
CHLD 1 601.093750 1567448382.3809
CHLD 2 601.093750 1567448382.3809
CHLD 3 601.093750 1567448382.3810
CHLD 4 690.195312 1567448382.3810
CHLD 5 693.730469 1567448382.3811
CHLD 6 692.597656 1567448382.3812
CHLD 7 668.359375 1567448382.3812
CHLD 8 0.000000 1567448382.3813
CHLD 9 0.000000 1567448382.3813
CHLD 10 0.000000 1567448382.3814
CHLD 11 10.976562 1567448382.3814
CHLD 12 10.945312 1567448382.3815
CHLD 13 10.945312 1567448382.3816
CHLD 14 10.871094 1567448382.3816
MEM 708.277344 1567448382.4820
CHLD 0 601.085938 1567448382.5162
CHLD 1 601.093750 1567448382.5162
CHLD 2 601.093750 1567448382.5163
CHLD 3 601.093750 1567448382.5163
CHLD 4 690.195312 1567448382.5164
CHLD 5 693.730469 1567448382.5165
CHLD 6 692.597656 1567448382.5165
CHLD 7 668.359375 1567448382.5166
CHLD 8 0.000000 1567448382.5167
CHLD 9 0.000000 1567448382.5167
CHLD 10 0.000000 1567448382.5168
CHLD 11 10.976562 1567448382.5168
CHLD 12 10.945312 1567448382.5169
CHLD 13 10.945312 1567448382.5170
CHLD 14 10.871094 1567448382.5170
MEM 708.277344 1567448382.6174
CHLD 0 601.085938 1567448382.6499
CHLD 1 601.093750 1567448382.6500
CHLD 2 601.093750 1567448382.6500
CHLD 3 601.093750 1567448382.6501
CHLD 4 690.195312 1567448382.6502
CHLD 5 693.730469 1567448382.6502
CHLD 6 692.597656 1567448382.6503
CHLD 7 668.359375 1567448382.6504
CHLD 8 0.000000 1567448382.6504
CHLD 9 0.000000 1567448382.6505
CHLD 10 0.000000 1567448382.6506
CHLD 11 10.976562 1567448382.6506
CHLD 12 10.945312 1567448382.6544
CHLD 13 10.945312 1567448382.6545
CHLD 14 10.871094 1567448382.6546
MEM 708.277344 1567448382.7593
CHLD 0 601.085938 1567448382.7919
CHLD 1 601.093750 1567448382.7920
CHLD 2 601.093750 1567448382.7920
CHLD 3 601.093750 1567448382.7921
CHLD 4 690.195312 1567448382.7921
CHLD 5 693.730469 1567448382.7922
CHLD 6 692.597656 1567448382.7923
CHLD 7 668.359375 1567448382.7923
CHLD 8 0.000000 1567448382.7924
CHLD 9 0.000000 1567448382.7924
CHLD 10 0.000000 1567448382.7925
CHLD 11 10.976562 1567448382.7926
CHLD 12 10.945312 1567448382.7926
CHLD 13 10.945312 1567448382.7927
CHLD 14 10.871094 1567448382.7927
MEM 708.277344 1567448382.8932
CHLD 0 601.085938 1567448382.9432
CHLD 1 601.093750 1567448382.9433
CHLD 2 601.093750 1567448382.9433
CHLD 3 601.093750 1567448382.9434
CHLD 4 690.195312 1567448382.9434
CHLD 5 693.730469 1567448382.9435
CHLD 6 692.597656 1567448382.9435
CHLD 7 668.359375 1567448382.9436
CHLD 8 0.000000 1567448382.9437
CHLD 9 0.000000 1567448382.9437
CHLD 10 0.000000 1567448382.9438
CHLD 11 10.976562 1567448382.9438
CHLD 12 10.945312 1567448382.9439
CHLD 13 10.945312 1567448382.9440
CHLD 14 10.871094 1567448382.9440
MEM 708.277344 1567448383.0444
CHLD 0 601.085938 1567448383.0849
CHLD 1 601.093750 1567448383.0850
CHLD 2 601.093750 1567448383.0851
CHLD 3 601.093750 1567448383.0851
CHLD 4 690.195312 1567448383.0852
CHLD 5 693.730469 1567448383.0852
CHLD 6 692.597656 1567448383.0853
CHLD 7 668.359375 1567448383.0853
CHLD 8 0.000000 1567448383.0854
CHLD 9 0.000000 1567448383.0854
CHLD 10 0.000000 1567448383.0855
CHLD 11 10.976562 1567448383.0855
CHLD 12 10.945312 1567448383.0856
CHLD 13 10.945312 1567448383.0857
CHLD 14 10.871094 1567448383.0857
MEM 708.277344 1567448383.1872
CHLD 0 601.085938 1567448383.2571
CHLD 1 601.093750 1567448383.2571
CHLD 2 601.093750 1567448383.2572
CHLD 3 601.093750 1567448383.2572
CHLD 4 690.195312 1567448383.2573
CHLD 5 693.730469 1567448383.2573
CHLD 6 692.597656 1567448383.2573
CHLD 7 668.359375 1567448383.2574
CHLD 8 0.000000 1567448383.2574
CHLD 9 0.000000 1567448383.2616
CHLD 10 0.000000 1567448383.2617
CHLD 11 10.976562 1567448383.2617
CHLD 12 10.945312 1567448383.2637
CHLD 13 10.945312 1567448383.2658
CHLD 14 10.871094 1567448383.2675
MEM 708.277344 1567448383.3680
CHLD 0 601.085938 1567448383.3954
CHLD 1 601.093750 1567448383.3962
CHLD 2 601.093750 1567448383.3963
CHLD 3 601.093750 1567448383.3979
CHLD 4 690.195312 1567448383.3980
CHLD 5 693.730469 1567448383.3981
CHLD 6 692.597656 1567448383.3982
CHLD 7 668.359375 1567448383.3982
CHLD 8 0.000000 1567448383.3984
CHLD 9 0.000000 1567448383.3984
CHLD 10 0.000000 1567448383.3985
CHLD 11 10.976562 1567448383.3985
CHLD 12 10.945312 1567448383.3986
CHLD 13 10.945312 1567448383.3986
CHLD 14 10.871094 1567448383.3987
MEM 708.277344 1567448383.4996
CHLD 0 601.085938 1567448383.5380
CHLD 1 601.093750 1567448383.5381
CHLD 2 601.093750 1567448383.5382
CHLD 3 601.093750 1567448383.5383
CHLD 4 690.195312 1567448383.5383
CHLD 5 693.730469 1567448383.5384
CHLD 6 692.597656 1567448383.5385
CHLD 7 668.359375 1567448383.5385
CHLD 8 0.000000 1567448383.5386
CHLD 9 0.000000 1567448383.5386
CHLD 10 0.000000 1567448383.5387
CHLD 11 10.976562 1567448383.5388
CHLD 12 10.945312 1567448383.5388
CHLD 13 10.945312 1567448383.5389
CHLD 14 10.871094 1567448383.5390
MEM 708.277344 1567448383.6398
CHLD 0 601.085938 1567448383.6749
CHLD 1 601.093750 1567448383.6750
CHLD 2 601.093750 1567448383.6750
CHLD 3 601.093750 1567448383.6751
CHLD 4 690.195312 1567448383.6752
CHLD 5 693.730469 1567448383.6752
CHLD 6 692.597656 1567448383.6753
CHLD 7 668.359375 1567448383.6790
CHLD 8 0.000000 1567448383.6791
CHLD 9 0.000000 1567448383.6792
CHLD 10 0.000000 1567448383.6792
CHLD 11 10.976562 1567448383.6793
CHLD 12 10.945312 1567448383.6794
CHLD 13 10.945312 1567448383.6794
CHLD 14 10.871094 1567448383.6795
MEM 708.277344 1567448383.7799
CHLD 0 601.085938 1567448383.8107
CHLD 1 601.093750 1567448383.8201
CHLD 2 601.093750 1567448383.8202
CHLD 3 601.093750 1567448383.8203
CHLD 4 690.195312 1567448383.8203
CHLD 5 693.730469 1567448383.8204
CHLD 6 692.597656 1567448383.8205
CHLD 7 668.359375 1567448383.8205
CHLD 8 0.000000 1567448383.8206
CHLD 9 0.000000 1567448383.8206
CHLD 10 0.000000 1567448383.8207
CHLD 11 10.976562 1567448383.8208
CHLD 12 10.945312 1567448383.8208
CHLD 13 10.945312 1567448383.8209
CHLD 14 10.871094 1567448383.8209
MEM 708.277344 1567448383.9224
CHLD 0 601.085938 1567448383.9392
CHLD 1 601.093750 1567448383.9392
CHLD 2 601.093750 1567448383.9393
CHLD 3 601.093750 1567448383.9393
CHLD 4 690.195312 1567448383.9394
CHLD 5 693.730469 1567448383.9394
CHLD 6 692.597656 1567448383.9395
CHLD 7 668.359375 1567448383.9396
CHLD 8 0.000000 1567448383.9396
CHLD 9 0.000000 1567448383.9397
CHLD 10 0.000000 1567448383.9397
CHLD 11 10.976562 1567448383.9398
CHLD 12 10.945312 1567448383.9398
CHLD 13 10.945312 1567448383.9399
CHLD 14 10.871094 1567448383.9399
MEM 708.277344 1567448384.0412
CHLD 0 601.085938 1567448384.0610
CHLD 1 601.093750 1567448384.0611
CHLD 2 601.093750 1567448384.0611
CHLD 3 601.093750 1567448384.0612
CHLD 4 690.195312 1567448384.0613
CHLD 5 693.730469 1567448384.0613
CHLD 6 692.597656 1567448384.0614
CHLD 7 668.359375 1567448384.0614
CHLD 8 0.000000 1567448384.0615
CHLD 9 0.000000 1567448384.0616
CHLD 10 0.000000 1567448384.0616
CHLD 11 10.976562 1567448384.0617
CHLD 12 10.945312 1567448384.0617
CHLD 13 10.945312 1567448384.0618
CHLD 14 10.871094 1567448384.0618
MEM 708.277344 1567448384.1712
CHLD 0 601.085938 1567448384.2038
CHLD 1 601.093750 1567448384.2039
CHLD 2 601.093750 1567448384.2040
CHLD 3 601.093750 1567448384.2040
CHLD 4 690.195312 1567448384.2041
CHLD 5 693.730469 1567448384.2041
CHLD 6 692.597656 1567448384.2042
CHLD 7 668.359375 1567448384.2043
CHLD 8 0.000000 1567448384.2043
CHLD 9 0.000000 1567448384.2044
CHLD 10 0.000000 1567448384.2044
CHLD 11 10.976562 1567448384.2045
CHLD 12 10.945312 1567448384.2045
CHLD 13 10.945312 1567448384.2046
CHLD 14 10.871094 1567448384.2047
MEM 708.277344 1567448384.3066
CHLD 0 601.085938 1567448384.3794
CHLD 1 601.093750 1567448384.3795
CHLD 2 601.093750 1567448384.3796
CHLD 3 601.093750 1567448384.3796
CHLD 4 690.195312 1567448384.3797
CHLD 5 693.730469 1567448384.3798
CHLD 6 692.597656 1567448384.3798
CHLD 7 668.359375 1567448384.3799
CHLD 8 0.000000 1567448384.3800
CHLD 9 0.000000 1567448384.3800
CHLD 10 0.000000 1567448384.3801
CHLD 11 10.976562 1567448384.3802
CHLD 12 10.945312 1567448384.3802
CHLD 13 10.945312 1567448384.3803
CHLD 14 10.871094 1567448384.3804
MEM 708.277344 1567448384.4808
CHLD 0 601.085938 1567448384.5245
CHLD 1 601.093750 1567448384.5246
CHLD 2 601.093750 1567448384.5247
CHLD 3 601.093750 1567448384.5247
CHLD 4 690.195312 1567448384.5248
CHLD 5 693.730469 1567448384.5249
CHLD 6 692.597656 1567448384.5249
CHLD 7 668.359375 1567448384.5250
CHLD 8 0.000000 1567448384.5250
CHLD 9 0.000000 1567448384.5251
CHLD 10 0.000000 1567448384.5251
CHLD 11 10.976562 1567448384.5252
CHLD 12 10.945312 1567448384.5252
CHLD 13 10.945312 1567448384.5253
CHLD 14 10.871094 1567448384.5253
MEM 708.277344 1567448384.6258
CHLD 0 601.085938 1567448384.6567
CHLD 1 601.093750 1567448384.6568
CHLD 2 601.093750 1567448384.6568
CHLD 3 601.093750 1567448384.6572
CHLD 4 690.195312 1567448384.6573
CHLD 5 693.730469 1567448384.6573
CHLD 6 692.597656 1567448384.6574
CHLD 7 668.359375 1567448384.6574
CHLD 8 0.000000 1567448384.6575
CHLD 9 0.000000 1567448384.6576
CHLD 10 0.000000 1567448384.6576
CHLD 11 10.976562 1567448384.6577
CHLD 12 10.945312 1567448384.6577
CHLD 13 10.945312 1567448384.6578
CHLD 14 10.871094 1567448384.6578
MEM 708.277344 1567448384.7583
CHLD 0 601.085938 1567448384.7782
CHLD 1 601.093750 1567448384.7782
CHLD 2 601.093750 1567448384.7783
CHLD 3 601.093750 1567448384.7784
CHLD 4 690.195312 1567448384.7784
CHLD 5 693.730469 1567448384.7785
CHLD 6 692.597656 1567448384.7786
CHLD 7 668.359375 1567448384.7786
CHLD 8 0.000000 1567448384.7787
CHLD 9 0.000000 1567448384.7787
CHLD 10 0.000000 1567448384.7788
CHLD 11 10.976562 1567448384.7789
CHLD 12 10.945312 1567448384.7789
CHLD 13 10.945312 1567448384.7790
CHLD 14 10.871094 1567448384.7790
MEM 708.277344 1567448384.8795
CHLD 0 601.085938 1567448384.9199
CHLD 1 601.093750 1567448384.9199
CHLD 2 601.093750 1567448384.9207
CHLD 3 601.093750 1567448384.9208
CHLD 4 690.195312 1567448384.9208
CHLD 5 693.730469 1567448384.9209
CHLD 6 692.597656 1567448384.9209
CHLD 7 668.359375 1567448384.9210
CHLD 8 0.000000 1567448384.9211
CHLD 9 0.000000 1567448384.9211
CHLD 10 0.000000 1567448384.9212
CHLD 11 10.976562 1567448384.9212
CHLD 12 10.945312 1567448384.9213
CHLD 13 10.945312 1567448384.9213
CHLD 14 10.871094 1567448384.9214
MEM 708.277344 1567448385.0221
CHLD 0 601.085938 1567448385.0505
CHLD 1 601.093750 1567448385.0506
CHLD 2 601.093750 1567448385.0506
CHLD 3 601.093750 1567448385.0507
CHLD 4 690.195312 1567448385.0508
CHLD 5 693.730469 1567448385.0508
CHLD 6 692.597656 1567448385.0509
CHLD 7 668.359375 1567448385.0510
CHLD 8 0.000000 1567448385.0510
CHLD 9 0.000000 1567448385.0511
CHLD 10 0.000000 1567448385.0511
CHLD 11 10.976562 1567448385.0512
CHLD 12 10.945312 1567448385.0513
CHLD 13 10.945312 1567448385.0513
CHLD 14 10.871094 1567448385.0514
MEM 708.277344 1567448385.1518
CHLD 0 601.085938 1567448385.1717
CHLD 1 601.093750 1567448385.1717
CHLD 2 601.093750 1567448385.1718
CHLD 3 601.093750 1567448385.1718
CHLD 4 690.195312 1567448385.1719
CHLD 5 693.730469 1567448385.1719
CHLD 6 692.597656 1567448385.1720
CHLD 7 668.359375 1567448385.1721
CHLD 8 0.000000 1567448385.1721
CHLD 9 0.000000 1567448385.1722
CHLD 10 0.000000 1567448385.1722
CHLD 11 10.976562 1567448385.1723
CHLD 12 10.945312 1567448385.1723
CHLD 13 10.945312 1567448385.1731
CHLD 14 10.871094 1567448385.1731
MEM 708.277344 1567448385.2736
CHLD 0 601.085938 1567448385.3251
CHLD 1 601.093750 1567448385.3259
CHLD 2 601.093750 1567448385.3260
CHLD 3 601.093750 1567448385.3260
CHLD 4 690.195312 1567448385.3261
CHLD 5 693.730469 1567448385.3261
CHLD 6 692.597656 1567448385.3262
CHLD 7 668.359375 1567448385.3262
CHLD 8 0.000000 1567448385.3313
CHLD 9 0.000000 1567448385.3314
CHLD 10 0.000000 1567448385.3315
CHLD 11 10.976562 1567448385.3315
CHLD 12 10.945312 1567448385.3375
CHLD 13 10.945312 1567448385.3376
CHLD 14 10.871094 1567448385.3380
MEM 708.277344 1567448385.4384
CHLD 0 601.085938 1567448385.4615
CHLD 1 601.093750 1567448385.4616
CHLD 2 601.093750 1567448385.4617
CHLD 3 601.093750 1567448385.4617
CHLD 4 693.730469 1567448385.4618
CHLD 5 692.597656 1567448385.4618
CHLD 6 668.359375 1567448385.4619
CHLD 7 0.000000 1567448385.4619
CHLD 8 0.000000 1567448385.4620
CHLD 9 0.000000 1567448385.4620
CHLD 10 10.976562 1567448385.4621
CHLD 11 10.945312 1567448385.4621
CHLD 12 10.945312 1567448385.4622
MEM 708.277344 1567448385.5626
CHLD 0 601.085938 1567448385.5904
CHLD 1 601.093750 1567448385.5905
CHLD 2 601.093750 1567448385.5906
CHLD 3 601.093750 1567448385.5906
CHLD 4 693.730469 1567448385.5907
CHLD 5 692.597656 1567448385.5907
CHLD 6 668.359375 1567448385.5908
CHLD 7 0.000000 1567448385.5908
CHLD 8 0.000000 1567448385.5909
CHLD 9 0.000000 1567448385.5909
CHLD 10 10.976562 1567448385.5910
CHLD 11 10.945312 1567448385.5911
CHLD 12 10.945312 1567448385.5911
MEM 708.277344 1567448385.6924
CHLD 0 601.085938 1567448385.7075
CHLD 1 601.093750 1567448385.7076
CHLD 2 601.093750 1567448385.7076
CHLD 3 601.093750 1567448385.7077
CHLD 4 693.730469 1567448385.7077
CHLD 5 0.000000 1567448385.7078
CHLD 6 668.359375 1567448385.7078
CHLD 7 0.000000 1567448385.7079
CHLD 8 0.000000 1567448385.7079
CHLD 9 0.000000 1567448385.7080
CHLD 10 10.976562 1567448385.7081
CHLD 11 10.945312 1567448385.7081
MEM 708.277344 1567448385.8085
CHLD 0 601.085938 1567448385.8218
CHLD 1 601.093750 1567448385.8219
CHLD 2 601.093750 1567448385.8219
CHLD 3 601.093750 1567448385.8220
CHLD 4 693.730469 1567448385.8221
CHLD 5 0.000000 1567448385.8221
CHLD 6 668.359375 1567448385.8222
CHLD 7 0.000000 1567448385.8222
CHLD 8 0.000000 1567448385.8223
CHLD 9 0.000000 1567448385.8223
CHLD 10 10.976562 1567448385.8224
CHLD 11 10.945312 1567448385.8224
MEM 708.277344 1567448385.9229
CHLD 0 601.085938 1567448385.9387
CHLD 1 601.093750 1567448385.9387
CHLD 2 601.093750 1567448385.9388
CHLD 3 601.093750 1567448385.9388
CHLD 4 668.359375 1567448385.9389
CHLD 5 0.000000 1567448385.9389
CHLD 6 0.000000 1567448385.9390
CHLD 7 0.000000 1567448385.9390
CHLD 8 10.976562 1567448385.9391
MEM 708.277344 1567448386.0398
CHLD 0 601.085938 1567448386.0594
CHLD 1 601.093750 1567448386.0595
CHLD 2 601.093750 1567448386.0595
CHLD 3 601.093750 1567448386.0598
CHLD 4 668.359375 1567448386.0598
CHLD 5 0.000000 1567448386.0599
CHLD 6 0.000000 1567448386.0600
CHLD 7 0.000000 1567448386.0600
CHLD 8 10.976562 1567448386.0601
MEM 708.277344 1567448386.1606
CHLD 0 601.085938 1567448386.1774
CHLD 1 601.093750 1567448386.1775
CHLD 2 601.093750 1567448386.1775
CHLD 3 601.093750 1567448386.1776
CHLD 4 668.359375 1567448386.1776
CHLD 5 0.000000 1567448386.1776
CHLD 6 0.000000 1567448386.1777
CHLD 7 0.000000 1567448386.1777
CHLD 8 10.976562 1567448386.1777
MEM 708.562500 1567448386.2782
CHLD 0 0.000000 1567448386.2898
CHLD 1 0.000000 1567448386.2899
CHLD 2 0.000000 1567448386.2899
CHLD 3 601.093750 1567448386.2900
MEM 708.718750 1567448386.3905
MEM 708.472656 1567448386.5052
MEM 572.898438 1567448386.6201
