CMDLINE /home/dn16382/anaconda3/bin/python mnist_example.py
MEM 1.851562 1567439967.9721
MEM 17.382812 1567439968.0804
MEM 33.472656 1567439968.2133
MEM 41.089844 1567439968.3211
MEM 62.757812 1567439968.4349
MEM 72.523438 1567439968.5474
MEM 80.054688 1567439968.6604
MEM 123.582031 1567439968.7733
MEM 162.730469 1567439968.8846
MEM 165.296875 1567439968.9972
MEM 170.332031 1567439969.1105
MEM 179.226562 1567439969.2235
MEM 184.691406 1567439969.3365
MEM 192.593750 1567439969.4496
MEM 204.718750 1567439969.5627
MEM 210.449219 1567439969.6758
MEM 216.261719 1567439969.7913
MEM 226.886719 1567439969.8990
MEM 235.609375 1567439970.0068
MEM 249.847656 1567439970.1160
MEM 257.035156 1567439970.2239
MEM 265.757812 1567439970.3317
MEM 271.656250 1567439970.4394
MEM 288.156250 1567439970.5473
MEM 305.429688 1567439970.6610
MEM 341.898438 1567439970.7750
MEM 367.281250 1567439970.8832
MEM 436.890625 1567439970.9913
MEM 576.367188 1567439971.0992
MEM 681.367188 1567439971.2132
MEM 636.503906 1567439971.3224
MEM 712.199219 1567439971.4304
MEM 789.125000 1567439971.5393
CHLD 0 601.140625 1567439971.5475
CHLD 1 601.148438 1567439971.5475
CHLD 2 601.148438 1567439971.5476
CHLD 3 601.152344 1567439971.5476
MEM 992.796875 1567439971.6480
CHLD 0 601.140625 1567439971.6559
CHLD 1 601.148438 1567439971.6560
CHLD 2 601.148438 1567439971.6560
CHLD 3 601.152344 1567439971.6560
MEM 1181.738281 1567439971.7564
CHLD 0 601.140625 1567439971.7645
CHLD 1 601.148438 1567439971.7646
CHLD 2 601.148438 1567439971.7646
CHLD 3 601.152344 1567439971.7646
MEM 1376.386719 1567439971.8650
CHLD 0 601.140625 1567439971.8730
CHLD 1 601.148438 1567439971.8730
CHLD 2 601.148438 1567439971.8731
CHLD 3 601.152344 1567439971.8731
MEM 1419.949219 1567439971.9736
CHLD 0 601.140625 1567439971.9858
CHLD 1 601.148438 1567439971.9859
CHLD 2 601.148438 1567439971.9859
CHLD 3 601.152344 1567439971.9859
MEM 1136.824219 1567439972.0865
CHLD 0 746.988281 1567439972.1006
CHLD 1 601.148438 1567439972.1007
CHLD 2 601.148438 1567439972.1007
CHLD 3 601.152344 1567439972.1008
MEM 1136.824219 1567439972.2012
CHLD 0 900.386719 1567439972.2102
CHLD 1 601.148438 1567439972.2102
CHLD 2 601.148438 1567439972.2103
CHLD 3 601.152344 1567439972.2103
MEM 871.644531 1567439972.3107
CHLD 0 1065.644531 1567439972.3229
CHLD 1 601.148438 1567439972.3230
CHLD 2 601.148438 1567439972.3231
CHLD 3 601.152344 1567439972.3231
MEM 901.046875 1567439972.4236
CHLD 0 1274.988281 1567439972.4379
CHLD 1 601.148438 1567439972.4380
CHLD 2 601.148438 1567439972.4381
CHLD 3 601.152344 1567439972.4381
MEM 1101.882812 1567439972.5386
CHLD 0 1025.953125 1567439972.5527
CHLD 1 601.148438 1567439972.5528
CHLD 2 601.148438 1567439972.5528
CHLD 3 601.152344 1567439972.5529
MEM 1296.789062 1567439972.6534
CHLD 0 1223.953125 1567439972.6676
CHLD 1 601.148438 1567439972.6677
CHLD 2 601.148438 1567439972.6677
CHLD 3 601.152344 1567439972.6678
MEM 1485.035156 1567439972.7684
CHLD 0 1393.074219 1567439972.7839
CHLD 1 601.148438 1567439972.7839
CHLD 2 601.148438 1567439972.7840
CHLD 3 601.152344 1567439972.7841
MEM 1136.835938 1567439972.8846
CHLD 0 1024.496094 1567439972.8988
CHLD 1 691.578125 1567439972.8988
CHLD 2 601.148438 1567439972.8989
CHLD 3 601.152344 1567439972.8990
MEM 1136.835938 1567439972.9994
CHLD 0 1033.320312 1567439973.0260
CHLD 1 842.656250 1567439973.0261
CHLD 2 601.148438 1567439973.0261
CHLD 3 601.152344 1567439973.0262
CHLD 4 9.195312 1567439973.0263
MEM 1136.835938 1567439973.1267
CHLD 0 1037.585938 1567439973.1411
CHLD 1 995.023438 1567439973.1411
CHLD 2 601.148438 1567439973.1412
CHLD 3 601.152344 1567439973.1413
CHLD 4 10.707031 1567439973.1413
MEM 798.718750 1567439973.2418
CHLD 0 1041.421875 1567439973.2574
CHLD 1 1157.187500 1567439973.2575
CHLD 2 601.148438 1567439973.2576
CHLD 3 601.152344 1567439973.2576
CHLD 4 10.707031 1567439973.2577
MEM 1000.070312 1567439973.3582
CHLD 0 1049.621094 1567439973.3729
CHLD 1 1328.375000 1567439973.3730
CHLD 2 601.148438 1567439973.3730
CHLD 3 601.152344 1567439973.3731
CHLD 4 10.707031 1567439973.3732
MEM 1199.617188 1567439973.4736
CHLD 0 1054.523438 1567439973.4881
CHLD 1 1037.816406 1567439973.4882
CHLD 2 601.148438 1567439973.4883
CHLD 3 601.152344 1567439973.4884
CHLD 4 10.707031 1567439973.4884
MEM 1383.953125 1567439973.5889
CHLD 0 1054.933594 1567439973.6044
CHLD 1 1202.042969 1567439973.6044
CHLD 2 601.148438 1567439973.6045
CHLD 3 601.152344 1567439973.6046
CHLD 4 10.707031 1567439973.6046
MEM 1268.437500 1567439973.7053
CHLD 0 1057.167969 1567439973.7180
CHLD 1 1359.050781 1567439973.7181
CHLD 2 604.179688 1567439973.7182
CHLD 3 601.152344 1567439973.7182
CHLD 4 10.707031 1567439973.7183
MEM 1136.843750 1567439973.8187
CHLD 0 1057.167969 1567439973.8329
CHLD 1 1024.265625 1567439973.8330
CHLD 2 756.804688 1567439973.8331
CHLD 3 601.152344 1567439973.8331
CHLD 4 10.707031 1567439973.8332
MEM 1136.843750 1567439973.9336
CHLD 0 1060.691406 1567439973.9527
CHLD 1 1031.082031 1567439973.9528
CHLD 2 890.093750 1567439973.9529
CHLD 3 601.152344 1567439973.9529
CHLD 4 8.671875 1567439973.9530
CHLD 5 10.707031 1567439973.9531
MEM 1136.843750 1567439974.0535
CHLD 0 1061.253906 1567439974.0662
CHLD 1 1037.218750 1567439974.0662
CHLD 2 1028.023438 1567439974.0663
CHLD 3 601.152344 1567439974.0664
CHLD 4 10.773438 1567439974.0665
CHLD 5 10.707031 1567439974.0665
MEM 771.140625 1567439974.1747
CHLD 0 1061.828125 1567439974.2050
CHLD 1 1039.421875 1567439974.2051
CHLD 2 1169.046875 1567439974.2051
CHLD 3 601.152344 1567439974.2052
CHLD 4 10.773438 1567439974.2052
CHLD 5 10.707031 1567439974.2053
MEM 916.546875 1567439974.3058
CHLD 0 1062.480469 1567439974.3276
CHLD 1 1043.683594 1567439974.3276
CHLD 2 1299.242188 1567439974.3277
CHLD 3 601.152344 1567439974.3278
CHLD 4 10.773438 1567439974.3278
CHLD 5 10.707031 1567439974.3279
MEM 1074.328125 1567439974.4283
CHLD 0 1063.203125 1567439974.4548
CHLD 1 1054.253906 1567439974.4549
CHLD 2 1434.593750 1567439974.4550
CHLD 3 601.152344 1567439974.4550
CHLD 4 10.773438 1567439974.4551
CHLD 5 10.707031 1567439974.4552
MEM 1235.460938 1567439974.5556
CHLD 0 1064.003906 1567439974.5821
CHLD 1 1054.996094 1567439974.5822
CHLD 2 1108.972656 1567439974.5823
CHLD 3 601.152344 1567439974.5824
CHLD 4 10.773438 1567439974.5824
CHLD 5 10.707031 1567439974.5825
MEM 1387.828125 1567439974.6829
CHLD 0 1064.660156 1567439974.7082
CHLD 1 1058.503906 1567439974.7083
CHLD 2 1243.035156 1567439974.7083
CHLD 3 601.152344 1567439974.7084
CHLD 4 10.773438 1567439974.7084
CHLD 5 10.707031 1567439974.7085
MEM 1540.484375 1567439974.8090
CHLD 0 1065.394531 1567439974.8346
CHLD 1 1060.660156 1567439974.8347
CHLD 2 1379.417969 1567439974.8347
CHLD 3 601.152344 1567439974.8348
CHLD 4 10.773438 1567439974.8348
CHLD 5 10.707031 1567439974.8349
MEM 1136.855469 1567439974.9353
CHLD 0 1074.601562 1567439974.9496
CHLD 1 1061.160156 1567439974.9497
CHLD 2 1024.171875 1567439974.9497
CHLD 3 711.949219 1567439974.9498
CHLD 4 10.773438 1567439974.9499
CHLD 5 10.707031 1567439974.9499
MEM 1136.855469 1567439975.0548
CHLD 0 1080.136719 1567439975.0941
CHLD 1 1061.796875 1567439975.0941
CHLD 2 1027.921875 1567439975.0942
CHLD 3 833.636719 1567439975.0943
CHLD 4 5.839844 1567439975.0944
CHLD 5 10.773438 1567439975.0944
CHLD 6 10.707031 1567439975.0945
MEM 1136.855469 1567439975.1949
CHLD 0 1081.734375 1567439975.2135
CHLD 1 1063.882812 1567439975.2136
CHLD 2 1030.546875 1567439975.2137
CHLD 3 918.199219 1567439975.2137
CHLD 4 8.390625 1567439975.2138
CHLD 5 10.773438 1567439975.2139
CHLD 6 10.707031 1567439975.2139
MEM 1136.855469 1567439975.3146
CHLD 0 1083.027344 1567439975.3730
CHLD 1 1075.109375 1567439975.3730
CHLD 2 1037.218750 1567439975.3731
CHLD 3 1014.878906 1567439975.3732
CHLD 4 10.738281 1567439975.3732
CHLD 5 10.773438 1567439975.3733
CHLD 6 10.707031 1567439975.3783
MEM 733.253906 1567439975.4787
CHLD 0 1083.027344 1567439975.5009
CHLD 1 1075.777344 1567439975.5010
CHLD 2 1037.468750 1567439975.5010
CHLD 3 1180.652344 1567439975.5011
CHLD 4 10.738281 1567439975.5012
CHLD 5 10.773438 1567439975.5012
CHLD 6 10.707031 1567439975.5013
MEM 908.308594 1567439975.6017
CHLD 0 1086.121094 1567439975.6235
CHLD 1 1075.960938 1567439975.6236
CHLD 2 1038.988281 1567439975.6237
CHLD 3 1293.058594 1567439975.6237
CHLD 4 10.738281 1567439975.6238
CHLD 5 10.773438 1567439975.6238
CHLD 6 10.707031 1567439975.6239
MEM 1086.457031 1567439975.7243
CHLD 0 1086.121094 1567439975.7459
CHLD 1 1075.960938 1567439975.7460
CHLD 2 1042.792969 1567439975.7460
CHLD 3 1371.175781 1567439975.7461
CHLD 4 10.738281 1567439975.7462
CHLD 5 10.773438 1567439975.7462
CHLD 6 10.707031 1567439975.7463
MEM 1262.542969 1567439975.8484
CHLD 0 1086.121094 1567439975.8730
CHLD 1 1082.242188 1567439975.8731
CHLD 2 1051.277344 1567439975.8732
CHLD 3 1328.574219 1567439975.8732
CHLD 4 10.738281 1567439975.8733
CHLD 5 10.773438 1567439975.8734
CHLD 6 10.707031 1567439975.8734
MEM 1433.214844 1567439975.9738
CHLD 0 1086.121094 1567439975.9929
CHLD 1 1082.933594 1567439975.9930
CHLD 2 1054.539062 1567439975.9931
CHLD 3 1066.175781 1567439975.9931
CHLD 4 10.738281 1567439975.9932
CHLD 5 10.773438 1567439975.9933
CHLD 6 10.707031 1567439975.9933
MEM 1528.121094 1567439976.0937
CHLD 0 1102.406250 1567439976.1339
CHLD 1 1083.449219 1567439976.1339
CHLD 2 1054.773438 1567439976.1340
CHLD 3 1201.527344 1567439976.1341
CHLD 4 10.738281 1567439976.1341
CHLD 5 10.773438 1567439976.1342
CHLD 6 10.707031 1567439976.1342
MEM 1312.855469 1567439976.2346
CHLD 0 1119.875000 1567439976.2607
CHLD 1 1083.449219 1567439976.2608
CHLD 2 1055.019531 1567439976.2608
CHLD 3 1329.660156 1567439976.2609
CHLD 4 10.738281 1567439976.2610
CHLD 5 10.773438 1567439976.2610
CHLD 6 10.707031 1567439976.2611
MEM 1136.855469 1567439976.3619
CHLD 0 1126.062500 1567439976.4090
CHLD 1 1083.449219 1567439976.4091
CHLD 2 1055.335938 1567439976.4092
CHLD 3 1021.343750 1567439976.4092
CHLD 4 10.738281 1567439976.4093
CHLD 5 10.773438 1567439976.4093
CHLD 6 10.707031 1567439976.4094
MEM 1136.855469 1567439976.5100
CHLD 0 1127.609375 1567439976.5422
CHLD 1 1083.449219 1567439976.5424
CHLD 2 1057.109375 1567439976.5424
CHLD 3 1024.937500 1567439976.5425
CHLD 4 0.007812 1567439976.5425
CHLD 5 10.738281 1567439976.5426
CHLD 6 10.773438 1567439976.5427
CHLD 7 10.707031 1567439976.5427
MEM 1136.855469 1567439976.6439
CHLD 0 1130.445312 1567439976.6657
CHLD 1 1083.449219 1567439976.6658
CHLD 2 1058.398438 1567439976.6659
CHLD 3 1028.218750 1567439976.6659
CHLD 4 10.746094 1567439976.6660
CHLD 5 10.738281 1567439976.6660
CHLD 6 10.773438 1567439976.6661
CHLD 7 10.707031 1567439976.6661
MEM 1136.855469 1567439976.7665
CHLD 0 1130.445312 1567439976.8008
CHLD 1 1083.449219 1567439976.8085
CHLD 2 1058.398438 1567439976.8086
CHLD 3 1033.316406 1567439976.8086
CHLD 4 10.746094 1567439976.8087
CHLD 5 10.738281 1567439976.8088
CHLD 6 10.773438 1567439976.8088
CHLD 7 10.707031 1567439976.8089
MEM 1136.855469 1567439976.9095
CHLD 0 1130.445312 1567439976.9339
CHLD 1 1083.449219 1567439976.9342
CHLD 2 1060.292969 1567439976.9349
CHLD 3 1037.218750 1567439976.9384
CHLD 4 10.746094 1567439976.9386
CHLD 5 10.738281 1567439976.9387
CHLD 6 10.773438 1567439976.9387
CHLD 7 10.707031 1567439976.9388
MEM 1136.855469 1567439977.0399
CHLD 0 1130.445312 1567439977.0585
CHLD 1 1083.449219 1567439977.0586
CHLD 2 1060.792969 1567439977.0586
CHLD 3 1037.578125 1567439977.0587
CHLD 4 10.746094 1567439977.0587
CHLD 5 10.738281 1567439977.0588
CHLD 6 10.773438 1567439977.0589
CHLD 7 10.707031 1567439977.0590
MEM 1136.855469 1567439977.1603
CHLD 0 1130.445312 1567439977.1785
CHLD 1 1083.449219 1567439977.1786
CHLD 2 1060.976562 1567439977.1787
CHLD 3 1041.078125 1567439977.1787
CHLD 4 10.746094 1567439977.1788
CHLD 5 10.738281 1567439977.1788
CHLD 6 10.773438 1567439977.1789
CHLD 7 10.707031 1567439977.1790
MEM 1136.855469 1567439977.2794
CHLD 0 1131.476562 1567439977.2937
CHLD 1 1083.765625 1567439977.2937
CHLD 2 1061.304688 1567439977.2938
CHLD 3 1044.269531 1567439977.2939
CHLD 4 10.746094 1567439977.2939
CHLD 5 10.738281 1567439977.2940
CHLD 6 10.773438 1567439977.2940
CHLD 7 10.707031 1567439977.2941
MEM 1136.855469 1567439977.3950
CHLD 0 1132.507812 1567439977.4281
CHLD 1 1083.765625 1567439977.4282
CHLD 2 1061.640625 1567439977.4282
CHLD 3 1054.257812 1567439977.4283
CHLD 4 10.746094 1567439977.4284
CHLD 5 10.738281 1567439977.4284
CHLD 6 10.773438 1567439977.4285
CHLD 7 10.707031 1567439977.4285
MEM 1136.855469 1567439977.5298
CHLD 0 1136.890625 1567439977.5597
CHLD 1 1083.765625 1567439977.5598
CHLD 2 1061.816406 1567439977.5599
CHLD 3 1054.628906 1567439977.5599
CHLD 4 10.746094 1567439977.5600
CHLD 5 10.738281 1567439977.5601
CHLD 6 10.773438 1567439977.5601
CHLD 7 10.707031 1567439977.5770
MEM 1136.855469 1567439977.6775
CHLD 0 1138.437500 1567439977.7130
CHLD 1 1083.765625 1567439977.7131
CHLD 2 1062.109375 1567439977.7132
CHLD 3 1054.878906 1567439977.7132
CHLD 4 10.746094 1567439977.7134
CHLD 5 10.738281 1567439977.7278
CHLD 6 10.773438 1567439977.7280
CHLD 7 10.707031 1567439977.7280
MEM 1136.855469 1567439977.8285
CHLD 0 1138.437500 1567439977.8428
CHLD 1 1083.765625 1567439977.8428
CHLD 2 1072.101562 1567439977.8429
CHLD 3 1056.917969 1567439977.8430
CHLD 4 10.746094 1567439977.8430
CHLD 5 10.738281 1567439977.8431
CHLD 6 10.773438 1567439977.8431
CHLD 7 10.707031 1567439977.8432
MEM 1136.855469 1567439977.9449
CHLD 0 1138.437500 1567439977.9577
CHLD 1 1083.765625 1567439977.9578
CHLD 2 1080.644531 1567439977.9578
CHLD 3 1057.304688 1567439977.9579
CHLD 4 10.746094 1567439977.9579
CHLD 5 10.738281 1567439977.9580
CHLD 6 10.773438 1567439977.9580
CHLD 7 10.707031 1567439977.9581
MEM 1136.855469 1567439978.0585
CHLD 0 1138.437500 1567439978.1010
CHLD 1 1083.765625 1567439978.1060
CHLD 2 1082.183594 1567439978.1062
CHLD 3 1060.148438 1567439978.1062
CHLD 4 10.746094 1567439978.1062
CHLD 5 10.738281 1567439978.1063
CHLD 6 10.773438 1567439978.1064
CHLD 7 10.707031 1567439978.1064
MEM 1136.855469 1567439978.2070
CHLD 0 1139.468750 1567439978.2284
CHLD 1 1083.765625 1567439978.2285
CHLD 2 1082.183594 1567439978.2286
CHLD 3 1060.148438 1567439978.2286
CHLD 4 10.746094 1567439978.2287
CHLD 5 10.738281 1567439978.2287
CHLD 6 10.773438 1567439978.2288
CHLD 7 10.707031 1567439978.2288
MEM 1136.855469 1567439978.3301
CHLD 0 1139.468750 1567439978.3460
CHLD 1 1083.765625 1567439978.3460
CHLD 2 1082.472656 1567439978.3461
CHLD 3 1060.691406 1567439978.3462
CHLD 4 10.746094 1567439978.3462
CHLD 5 10.738281 1567439978.3463
CHLD 6 10.773438 1567439978.3464
CHLD 7 10.707031 1567439978.3464
MEM 1136.855469 1567439978.4474
CHLD 0 1139.468750 1567439978.4721
CHLD 1 1083.765625 1567439978.4722
CHLD 2 1084.656250 1567439978.4723
CHLD 3 1060.898438 1567439978.4723
CHLD 4 10.746094 1567439978.4724
CHLD 5 10.738281 1567439978.4725
CHLD 6 10.773438 1567439978.4725
CHLD 7 10.707031 1567439978.4726
MEM 1136.855469 1567439978.5730
CHLD 0 1140.816406 1567439978.6028
CHLD 1 1083.765625 1567439978.6028
CHLD 2 1118.800781 1567439978.6029
CHLD 3 1061.253906 1567439978.6029
CHLD 4 10.746094 1567439978.6030
CHLD 5 10.738281 1567439978.6031
CHLD 6 10.773438 1567439978.6031
CHLD 7 10.707031 1567439978.6032
MEM 1136.855469 1567439978.7039
CHLD 0 1140.816406 1567439978.7220
CHLD 1 1083.765625 1567439978.7221
CHLD 2 1137.472656 1567439978.7221
CHLD 3 1061.410156 1567439978.7222
CHLD 4 10.746094 1567439978.7227
CHLD 5 10.738281 1567439978.7228
CHLD 6 10.773438 1567439978.7262
CHLD 7 10.707031 1567439978.7263
MEM 1136.855469 1567439978.8270
CHLD 0 1140.816406 1567439978.8647
CHLD 1 1083.765625 1567439978.8647
CHLD 2 1134.394531 1567439978.8647
CHLD 3 1061.570312 1567439978.8648
CHLD 4 10.746094 1567439978.8648
CHLD 5 10.738281 1567439978.8648
CHLD 6 10.773438 1567439978.8649
CHLD 7 10.707031 1567439978.8649
MEM 1136.855469 1567439978.9656
CHLD 0 1140.816406 1567439978.9914
CHLD 1 1083.765625 1567439978.9915
CHLD 2 1137.746094 1567439978.9915
CHLD 3 1061.734375 1567439978.9916
CHLD 4 10.746094 1567439978.9916
CHLD 5 10.738281 1567439978.9916
CHLD 6 10.773438 1567439978.9917
CHLD 7 10.707031 1567439978.9917
MEM 1136.855469 1567439979.0922
CHLD 0 1140.816406 1567439979.1054
CHLD 1 1083.765625 1567439979.1055
CHLD 2 1138.777344 1567439979.1055
CHLD 3 1061.886719 1567439979.1056
CHLD 4 10.746094 1567439979.1057
CHLD 5 10.738281 1567439979.1057
CHLD 6 10.773438 1567439979.1058
CHLD 7 10.707031 1567439979.1058
MEM 1136.855469 1567439979.2214
CHLD 0 1140.816406 1567439979.2610
CHLD 1 1083.765625 1567439979.2611
CHLD 2 1133.464844 1567439979.2612
CHLD 3 1062.250000 1567439979.2612
CHLD 4 10.746094 1567439979.2613
CHLD 5 10.738281 1567439979.2613
CHLD 6 10.773438 1567439979.2614
CHLD 7 10.707031 1567439979.2614
MEM 1136.855469 1567439979.3619
CHLD 0 1140.816406 1567439979.3966
CHLD 1 1083.765625 1567439979.3966
CHLD 2 1140.937500 1567439979.3967
CHLD 3 1062.660156 1567439979.3968
CHLD 4 10.746094 1567439979.3968
CHLD 5 10.738281 1567439979.3969
CHLD 6 10.773438 1567439979.3969
CHLD 7 10.707031 1567439979.3970
MEM 1136.855469 1567439979.4974
CHLD 0 1140.816406 1567439979.5116
CHLD 1 1083.765625 1567439979.5117
CHLD 2 1129.421875 1567439979.5117
CHLD 3 1063.007812 1567439979.5118
CHLD 4 10.746094 1567439979.5118
CHLD 5 10.738281 1567439979.5118
CHLD 6 10.773438 1567439979.5119
CHLD 7 10.707031 1567439979.5119
MEM 1136.855469 1567439979.6136
CHLD 0 1140.816406 1567439979.6363
CHLD 1 1083.765625 1567439979.6364
CHLD 2 1121.109375 1567439979.6365
CHLD 3 1063.464844 1567439979.6365
CHLD 4 10.746094 1567439979.6366
CHLD 5 10.738281 1567439979.6366
CHLD 6 10.773438 1567439979.6367
CHLD 7 10.707031 1567439979.6367
MEM 1136.855469 1567439979.7371
CHLD 0 1140.816406 1567439979.7659
CHLD 1 1083.765625 1567439979.7660
CHLD 2 1120.980469 1567439979.7661
CHLD 3 1070.847656 1567439979.7661
CHLD 4 10.746094 1567439979.7662
CHLD 5 10.738281 1567439979.7662
CHLD 6 10.773438 1567439979.7663
CHLD 7 10.707031 1567439979.7664
MEM 1136.855469 1567439979.8673
CHLD 0 1140.816406 1567439979.9171
CHLD 1 1084.023438 1567439979.9172
CHLD 2 1131.804688 1567439979.9173
CHLD 3 1075.375000 1567439979.9173
CHLD 4 10.746094 1567439979.9174
CHLD 5 10.738281 1567439979.9174
CHLD 6 10.773438 1567439979.9175
CHLD 7 10.707031 1567439979.9176
MEM 1136.855469 1567439980.0180
CHLD 0 1140.816406 1567439980.0586
CHLD 1 1084.023438 1567439980.0587
CHLD 2 1131.804688 1567439980.0587
CHLD 3 1075.593750 1567439980.0588
CHLD 4 10.746094 1567439980.0589
CHLD 5 10.738281 1567439980.0589
CHLD 6 10.773438 1567439980.0590
CHLD 7 10.707031 1567439980.0591
MEM 1136.855469 1567439980.1595
CHLD 0 1140.816406 1567439980.2203
CHLD 1 1084.023438 1567439980.2204
CHLD 2 1145.468750 1567439980.2205
CHLD 3 1075.777344 1567439980.2205
CHLD 4 10.746094 1567439980.2206
CHLD 5 10.738281 1567439980.2206
CHLD 6 10.773438 1567439980.2207
CHLD 7 10.707031 1567439980.2208
MEM 1136.855469 1567439980.3214
CHLD 0 1140.816406 1567439980.3622
CHLD 1 1084.023438 1567439980.3622
CHLD 2 1153.718750 1567439980.3623
CHLD 3 1075.839844 1567439980.3624
CHLD 4 10.746094 1567439980.3624
CHLD 5 10.738281 1567439980.3625
CHLD 6 10.773438 1567439980.3626
CHLD 7 10.707031 1567439980.3678
MEM 1136.855469 1567439980.4683
CHLD 0 1140.816406 1567439980.4915
CHLD 1 1084.023438 1567439980.4916
CHLD 2 1133.941406 1567439980.4917
CHLD 3 1076.089844 1567439980.4917
CHLD 4 10.746094 1567439980.4918
CHLD 5 10.738281 1567439980.4918
CHLD 6 10.773438 1567439980.4919
CHLD 7 10.707031 1567439980.4920
MEM 1136.855469 1567439980.5924
CHLD 0 1140.816406 1567439980.6284
CHLD 1 1084.023438 1567439980.6285
CHLD 2 1124.910156 1567439980.6286
CHLD 3 1076.089844 1567439980.6286
CHLD 4 10.746094 1567439980.6287
CHLD 5 10.738281 1567439980.6287
CHLD 6 10.773438 1567439980.6288
CHLD 7 10.707031 1567439980.6288
MEM 1136.855469 1567439980.7297
CHLD 0 1140.816406 1567439980.7585
CHLD 1 1084.023438 1567439980.7586
CHLD 2 1127.746094 1567439980.7586
CHLD 3 1076.320312 1567439980.7587
CHLD 4 10.746094 1567439980.7587
CHLD 5 10.738281 1567439980.7588
CHLD 6 10.773438 1567439980.7588
CHLD 7 10.707031 1567439980.7589
MEM 1136.855469 1567439980.8607
CHLD 0 1140.816406 1567439980.9028
CHLD 1 1084.023438 1567439980.9029
CHLD 2 1137.281250 1567439980.9029
CHLD 3 1076.320312 1567439980.9078
CHLD 4 10.746094 1567439980.9079
CHLD 5 10.738281 1567439980.9079
CHLD 6 10.773438 1567439980.9080
CHLD 7 10.707031 1567439980.9081
MEM 1136.855469 1567439981.0086
CHLD 0 1140.816406 1567439981.0450
CHLD 1 1084.023438 1567439981.0451
CHLD 2 1141.406250 1567439981.0452
CHLD 3 1076.320312 1567439981.0452
CHLD 4 10.746094 1567439981.0453
CHLD 5 10.738281 1567439981.0453
CHLD 6 10.773438 1567439981.0454
CHLD 7 10.707031 1567439981.0455
MEM 1136.855469 1567439981.1460
CHLD 0 1140.816406 1567439981.1823
CHLD 1 1084.023438 1567439981.1824
CHLD 2 1125.738281 1567439981.1825
CHLD 3 1087.777344 1567439981.1826
CHLD 4 10.746094 1567439981.1826
CHLD 5 10.738281 1567439981.1827
CHLD 6 10.773438 1567439981.1827
CHLD 7 10.707031 1567439981.1828
MEM 1136.855469 1567439981.2832
CHLD 0 1140.816406 1567439981.3042
CHLD 1 1084.023438 1567439981.3061
CHLD 2 1133.468750 1567439981.3062
CHLD 3 1090.867188 1567439981.3062
CHLD 4 10.746094 1567439981.3064
CHLD 5 10.738281 1567439981.3064
CHLD 6 10.773438 1567439981.3065
CHLD 7 10.707031 1567439981.3066
MEM 1136.855469 1567439981.4070
CHLD 0 1140.816406 1567439981.4487
CHLD 1 1084.023438 1567439981.4488
CHLD 2 1140.945312 1567439981.4488
CHLD 3 1091.898438 1567439981.4489
CHLD 4 10.746094 1567439981.4489
CHLD 5 10.738281 1567439981.4490
CHLD 6 10.773438 1567439981.4491
CHLD 7 10.707031 1567439981.4491
MEM 1136.855469 1567439981.5500
CHLD 0 1140.816406 1567439981.5834
CHLD 1 1084.023438 1567439981.5835
CHLD 2 1141.976562 1567439981.5835
CHLD 3 1091.898438 1567439981.5836
CHLD 4 10.746094 1567439981.5837
CHLD 5 10.738281 1567439981.5837
CHLD 6 10.773438 1567439981.5838
CHLD 7 10.707031 1567439981.5838
MEM 1136.855469 1567439981.6843
CHLD 0 1140.816406 1567439981.7027
CHLD 1 1084.023438 1567439981.7028
CHLD 2 1134.191406 1567439981.7029
CHLD 3 1092.156250 1567439981.7029
CHLD 4 10.746094 1567439981.7030
CHLD 5 10.738281 1567439981.7030
CHLD 6 10.773438 1567439981.7031
CHLD 7 10.707031 1567439981.7032
MEM 1136.855469 1567439981.8036
CHLD 0 1140.816406 1567439981.8250
CHLD 1 1084.023438 1567439981.8250
CHLD 2 1136.253906 1567439981.8251
CHLD 3 1092.414062 1567439981.8252
CHLD 4 10.746094 1567439981.8252
CHLD 5 10.738281 1567439981.8253
CHLD 6 10.773438 1567439981.8253
CHLD 7 10.707031 1567439981.8254
MEM 1136.855469 1567439981.9259
CHLD 0 1140.816406 1567439981.9531
CHLD 1 1084.023438 1567439981.9532
CHLD 2 1120.488281 1567439981.9532
CHLD 3 1092.929688 1567439981.9533
CHLD 4 10.746094 1567439981.9533
CHLD 5 10.738281 1567439981.9534
CHLD 6 10.773438 1567439981.9535
CHLD 7 10.707031 1567439981.9535
MEM 1136.855469 1567439982.0540
CHLD 0 1140.816406 1567439982.1212
CHLD 1 1084.023438 1567439982.1213
CHLD 2 1136.214844 1567439982.1213
CHLD 3 1092.929688 1567439982.1214
CHLD 4 10.746094 1567439982.1214
CHLD 5 10.738281 1567439982.1215
CHLD 6 10.773438 1567439982.1215
CHLD 7 10.707031 1567439982.1216
MEM 1136.855469 1567439982.2222
CHLD 0 1140.816406 1567439982.2712
CHLD 1 1084.023438 1567439982.2713
CHLD 2 1128.312500 1567439982.2713
CHLD 3 1092.929688 1567439982.2714
CHLD 4 10.746094 1567439982.2715
CHLD 5 10.738281 1567439982.2715
CHLD 6 10.773438 1567439982.2716
CHLD 7 10.707031 1567439982.2717
MEM 1136.855469 1567439982.3734
CHLD 0 1140.816406 1567439982.4319
CHLD 1 1084.023438 1567439982.4320
CHLD 2 1120.351562 1567439982.4320
CHLD 3 1093.445312 1567439982.4321
CHLD 4 10.746094 1567439982.4322
CHLD 5 10.738281 1567439982.4322
CHLD 6 10.773438 1567439982.4323
CHLD 7 10.707031 1567439982.4323
MEM 1136.855469 1567439982.5328
CHLD 0 1140.816406 1567439982.5691
CHLD 1 1084.023438 1567439982.5692
CHLD 2 1128.343750 1567439982.5693
CHLD 3 1093.445312 1567439982.5693
CHLD 4 10.746094 1567439982.5694
CHLD 5 10.738281 1567439982.5695
CHLD 6 10.773438 1567439982.5696
CHLD 7 10.707031 1567439982.5696
MEM 1136.855469 1567439982.6701
CHLD 0 1140.816406 1567439982.6842
CHLD 1 1084.023438 1567439982.6843
CHLD 2 1132.468750 1567439982.6843
CHLD 3 1093.445312 1567439982.6843
CHLD 4 10.746094 1567439982.6844
CHLD 5 10.738281 1567439982.6844
CHLD 6 10.773438 1567439982.6845
CHLD 7 10.707031 1567439982.6845
MEM 1136.855469 1567439982.7849
CHLD 0 1140.816406 1567439982.8091
CHLD 1 1084.023438 1567439982.8092
CHLD 2 1139.945312 1567439982.8092
CHLD 3 1093.703125 1567439982.8213
CHLD 4 10.746094 1567439982.8214
CHLD 5 10.738281 1567439982.8214
CHLD 6 10.773438 1567439982.8215
CHLD 7 10.707031 1567439982.8216
MEM 1136.855469 1567439982.9221
CHLD 0 1140.816406 1567439982.9509
CHLD 1 1084.023438 1567439982.9510
CHLD 2 1144.328125 1567439982.9511
CHLD 3 1093.703125 1567439982.9525
CHLD 4 10.746094 1567439982.9526
CHLD 5 10.738281 1567439982.9527
CHLD 6 10.773438 1567439982.9528
CHLD 7 10.707031 1567439982.9528
MEM 1136.855469 1567439983.0533
CHLD 0 1140.816406 1567439983.0840
CHLD 1 1084.023438 1567439983.0841
CHLD 2 1144.328125 1567439983.0841
CHLD 3 1093.703125 1567439983.0842
CHLD 4 10.746094 1567439983.0935
CHLD 5 10.738281 1567439983.0936
CHLD 6 10.773438 1567439983.0937
CHLD 7 10.707031 1567439983.0938
MEM 1136.855469 1567439983.1942
CHLD 0 1140.816406 1567439983.2378
CHLD 1 1084.023438 1567439983.2379
CHLD 2 1139.945312 1567439983.2379
CHLD 3 1093.703125 1567439983.2380
CHLD 4 10.746094 1567439983.2381
CHLD 5 10.738281 1567439983.2381
CHLD 6 10.773438 1567439983.2382
CHLD 7 10.707031 1567439983.2382
MEM 1136.855469 1567439983.3387
CHLD 0 1140.816406 1567439983.3692
CHLD 1 1084.023438 1567439983.3694
CHLD 2 1148.195312 1567439983.3695
CHLD 3 1093.703125 1567439983.3696
CHLD 4 10.746094 1567439983.3696
CHLD 5 10.738281 1567439983.3697
CHLD 6 10.773438 1567439983.3697
CHLD 7 10.707031 1567439983.3698
MEM 1136.855469 1567439983.4703
CHLD 0 1140.816406 1567439983.5029
CHLD 1 1084.023438 1567439983.5029
CHLD 2 1120.816406 1567439983.5030
CHLD 3 1093.703125 1567439983.5031
CHLD 4 10.746094 1567439983.5031
CHLD 5 10.738281 1567439983.5033
CHLD 6 10.773438 1567439983.5035
CHLD 7 10.707031 1567439983.5036
MEM 1136.855469 1567439983.6040
CHLD 0 1140.816406 1567439983.6262
CHLD 1 1084.023438 1567439983.6262
CHLD 2 1132.410156 1567439983.6263
CHLD 3 1093.960938 1567439983.6264
CHLD 4 10.746094 1567439983.6264
CHLD 5 10.738281 1567439983.6265
CHLD 6 10.773438 1567439983.6265
CHLD 7 10.707031 1567439983.6266
MEM 1136.855469 1567439983.7271
CHLD 0 1140.816406 1567439983.7551
CHLD 1 1084.023438 1567439983.7552
CHLD 2 1141.433594 1567439983.7553
CHLD 3 1093.960938 1567439983.7553
CHLD 4 10.746094 1567439983.7554
CHLD 5 10.738281 1567439983.7555
CHLD 6 10.773438 1567439983.7555
CHLD 7 10.707031 1567439983.7616
MEM 1136.855469 1567439983.8620
CHLD 0 1140.816406 1567439983.8816
CHLD 1 1084.023438 1567439983.8817
CHLD 2 1141.433594 1567439983.8817
CHLD 3 1093.960938 1567439983.8818
CHLD 4 10.746094 1567439983.8818
CHLD 5 10.738281 1567439983.8819
CHLD 6 10.773438 1567439983.8820
CHLD 7 10.707031 1567439983.8820
MEM 1136.855469 1567439983.9900
CHLD 0 1140.816406 1567439984.0083
CHLD 1 1084.023438 1567439984.0084
CHLD 2 1134.222656 1567439984.0084
CHLD 3 1094.218750 1567439984.0085
CHLD 4 10.746094 1567439984.0086
CHLD 5 10.738281 1567439984.0086
CHLD 6 10.773438 1567439984.0087
CHLD 7 10.707031 1567439984.0087
MEM 1136.855469 1567439984.1093
CHLD 0 1140.816406 1567439984.1294
CHLD 1 1084.023438 1567439984.1295
CHLD 2 1129.148438 1567439984.1295
CHLD 3 1094.218750 1567439984.1296
CHLD 4 10.746094 1567439984.1297
CHLD 5 10.738281 1567439984.1297
CHLD 6 10.773438 1567439984.1298
CHLD 7 10.707031 1567439984.1298
MEM 1136.855469 1567439984.2304
CHLD 0 1140.816406 1567439984.2566
CHLD 1 1084.023438 1567439984.2566
CHLD 2 1133.015625 1567439984.2567
CHLD 3 1094.218750 1567439984.2568
CHLD 4 10.746094 1567439984.2568
CHLD 5 10.738281 1567439984.2569
CHLD 6 10.773438 1567439984.2569
CHLD 7 10.707031 1567439984.2570
MEM 1136.855469 1567439984.3575
CHLD 0 1140.816406 1567439984.3993
CHLD 1 1084.023438 1567439984.3994
CHLD 2 1120.574219 1567439984.3995
CHLD 3 1094.218750 1567439984.3995
CHLD 4 10.746094 1567439984.3996
CHLD 5 10.738281 1567439984.3997
CHLD 6 10.773438 1567439984.3997
CHLD 7 10.707031 1567439984.3998
MEM 1136.855469 1567439984.5003
CHLD 0 1140.816406 1567439984.5351
CHLD 1 1084.023438 1567439984.5351
CHLD 2 1125.988281 1567439984.5352
CHLD 3 1094.218750 1567439984.5353
CHLD 4 10.746094 1567439984.5353
CHLD 5 10.738281 1567439984.5354
CHLD 6 10.773438 1567439984.5354
CHLD 7 10.707031 1567439984.5355
MEM 1136.855469 1567439984.6364
CHLD 0 1140.816406 1567439984.6647
CHLD 1 1084.023438 1567439984.6648
CHLD 2 1133.980469 1567439984.6648
CHLD 3 1094.218750 1567439984.6649
CHLD 4 10.746094 1567439984.6650
CHLD 5 10.738281 1567439984.6650
CHLD 6 10.773438 1567439984.6651
CHLD 7 10.707031 1567439984.6652
MEM 1136.855469 1567439984.7669
CHLD 0 1140.816406 1567439984.8100
CHLD 1 1084.023438 1567439984.8101
CHLD 2 1137.589844 1567439984.8101
CHLD 3 1094.218750 1567439984.8102
CHLD 4 10.746094 1567439984.8182
CHLD 5 10.738281 1567439984.8184
CHLD 6 10.773438 1567439984.8185
CHLD 7 10.707031 1567439984.8185
MEM 1136.855469 1567439984.9190
CHLD 0 1140.816406 1567439984.9684
CHLD 1 1084.023438 1567439984.9684
CHLD 2 1137.589844 1567439984.9685
CHLD 3 1094.218750 1567439984.9686
CHLD 4 10.746094 1567439984.9686
CHLD 5 10.738281 1567439984.9687
CHLD 6 10.773438 1567439984.9687
CHLD 7 10.707031 1567439984.9688
MEM 1136.855469 1567439985.0696
CHLD 0 1142.406250 1567439985.1059
CHLD 1 1084.023438 1567439985.1060
CHLD 2 1126.738281 1567439985.1060
CHLD 3 1094.218750 1567439985.1061
CHLD 4 10.746094 1567439985.1061
CHLD 5 10.738281 1567439985.1062
CHLD 6 10.773438 1567439985.1062
CHLD 7 10.707031 1567439985.1063
MEM 1136.855469 1567439985.2067
CHLD 0 1142.406250 1567439985.2273
CHLD 1 1084.023438 1567439985.2275
CHLD 2 1118.566406 1567439985.2275
CHLD 3 1094.734375 1567439985.2276
CHLD 4 10.746094 1567439985.2277
CHLD 5 10.738281 1567439985.2277
CHLD 6 10.773438 1567439985.2278
CHLD 7 10.707031 1567439985.2279
MEM 1136.855469 1567439985.3283
CHLD 0 1142.406250 1567439985.3704
CHLD 1 1084.023438 1567439985.3705
CHLD 2 1119.351562 1567439985.3706
CHLD 3 1094.734375 1567439985.3707
CHLD 4 10.746094 1567439985.3707
CHLD 5 10.738281 1567439985.3708
CHLD 6 10.773438 1567439985.3709
CHLD 7 10.707031 1567439985.3710
MEM 1136.855469 1567439985.4715
CHLD 0 1142.406250 1567439985.4945
CHLD 1 1084.023438 1567439985.4945
CHLD 2 1128.628906 1567439985.4946
CHLD 3 1094.734375 1567439985.4947
CHLD 4 10.746094 1567439985.4947
CHLD 5 10.738281 1567439985.4948
CHLD 6 10.773438 1567439985.4948
CHLD 7 10.707031 1567439985.4949
MEM 1136.855469 1567439985.5961
CHLD 0 1142.406250 1567439985.6494
CHLD 1 1084.023438 1567439985.6495
CHLD 2 1128.628906 1567439985.6496
CHLD 3 1094.734375 1567439985.6496
CHLD 4 10.746094 1567439985.6497
CHLD 5 10.738281 1567439985.6497
CHLD 6 10.773438 1567439985.6498
CHLD 7 10.707031 1567439985.6498
MEM 1136.855469 1567439985.7503
CHLD 0 1142.406250 1567439985.7818
CHLD 1 1084.023438 1567439985.7819
CHLD 2 1137.394531 1567439985.7820
CHLD 3 1094.734375 1567439985.7820
CHLD 4 10.746094 1567439985.7821
CHLD 5 10.738281 1567439985.7822
CHLD 6 10.773438 1567439985.7855
CHLD 7 10.707031 1567439985.7856
MEM 1136.855469 1567439985.8865
CHLD 0 1142.406250 1567439985.9207
CHLD 1 1084.023438 1567439985.9207
CHLD 2 1129.437500 1567439985.9208
CHLD 3 1094.734375 1567439985.9209
CHLD 4 10.746094 1567439985.9209
CHLD 5 10.738281 1567439985.9210
CHLD 6 10.773438 1567439985.9211
CHLD 7 10.707031 1567439985.9211
MEM 1136.855469 1567439986.0216
CHLD 0 1142.406250 1567439986.0561
CHLD 1 1084.023438 1567439986.0562
CHLD 2 1132.375000 1567439986.0562
CHLD 3 1094.734375 1567439986.0563
CHLD 4 10.746094 1567439986.0563
CHLD 5 10.738281 1567439986.0564
CHLD 6 10.773438 1567439986.0564
CHLD 7 10.707031 1567439986.0565
MEM 1136.855469 1567439986.1628
CHLD 0 1142.406250 1567439986.1889
CHLD 1 1084.023438 1567439986.1889
CHLD 2 1145.007812 1567439986.1890
CHLD 3 1094.734375 1567439986.1890
CHLD 4 10.746094 1567439986.1891
CHLD 5 10.738281 1567439986.1891
CHLD 6 10.773438 1567439986.1892
CHLD 7 10.707031 1567439986.1893
MEM 1136.855469 1567439986.2929
CHLD 0 1142.406250 1567439986.3131
CHLD 1 1084.023438 1567439986.3132
CHLD 2 1145.007812 1567439986.3133
CHLD 3 1095.250000 1567439986.3133
CHLD 4 10.746094 1567439986.3134
CHLD 5 10.738281 1567439986.3134
CHLD 6 10.773438 1567439986.3135
CHLD 7 10.707031 1567439986.3136
MEM 1136.855469 1567439986.4140
CHLD 0 1142.406250 1567439986.4461
CHLD 1 1113.378906 1567439986.4462
CHLD 2 1136.820312 1567439986.4463
CHLD 3 1095.250000 1567439986.4463
CHLD 4 10.746094 1567439986.4464
CHLD 5 10.738281 1567439986.4465
CHLD 6 10.773438 1567439986.4465
CHLD 7 10.707031 1567439986.4466
MEM 1136.855469 1567439986.5470
CHLD 0 1142.406250 1567439986.5642
CHLD 1 1144.574219 1567439986.5642
CHLD 2 1126.035156 1567439986.5643
CHLD 3 1095.250000 1567439986.5643
CHLD 4 10.746094 1567439986.5644
CHLD 5 10.738281 1567439986.5645
CHLD 6 10.773438 1567439986.5645
CHLD 7 10.707031 1567439986.5646
MEM 1137.089844 1567439986.6650
CHLD 0 1142.406250 1567439986.6879
CHLD 1 1179.894531 1567439986.6880
CHLD 2 1130.382812 1567439986.6880
CHLD 3 1095.250000 1567439986.6881
CHLD 4 10.746094 1567439986.6882
CHLD 5 10.738281 1567439986.6882
CHLD 6 10.773438 1567439986.6883
CHLD 7 10.707031 1567439986.6883
MEM 1137.089844 1567439986.7887
CHLD 0 1142.406250 1567439986.8083
CHLD 1 1218.824219 1567439986.8084
CHLD 2 1113.984375 1567439986.8084
CHLD 3 1095.250000 1567439986.8085
CHLD 4 10.746094 1567439986.8086
CHLD 5 10.738281 1567439986.8086
CHLD 6 10.773438 1567439986.8087
CHLD 7 10.707031 1567439986.8087
MEM 1137.089844 1567439986.9096
CHLD 0 1142.406250 1567439986.9212
CHLD 1 1256.207031 1567439986.9213
CHLD 2 1128.929688 1567439986.9213
CHLD 3 1095.250000 1567439986.9214
CHLD 4 10.746094 1567439986.9215
CHLD 5 10.738281 1567439986.9215
CHLD 6 10.773438 1567439986.9216
CHLD 7 10.707031 1567439986.9216
MEM 1137.089844 1567439987.0221
CHLD 0 1142.406250 1567439987.0666
CHLD 1 1299.261719 1567439987.0667
CHLD 2 1133.054688 1567439987.0672
CHLD 3 1095.250000 1567439987.0674
CHLD 4 10.746094 1567439987.0675
CHLD 5 10.738281 1567439987.0677
CHLD 6 10.773438 1567439987.0677
CHLD 7 10.707031 1567439987.0687
MEM 1137.089844 1567439987.1693
CHLD 0 1142.406250 1567439987.2821
CHLD 1 1326.074219 1567439987.2822
CHLD 2 1136.921875 1567439987.2822
CHLD 3 1095.250000 1567439987.2823
CHLD 4 10.746094 1567439987.2824
CHLD 5 10.738281 1567439987.2824
CHLD 6 10.773438 1567439987.2825
CHLD 7 10.707031 1567439987.2825
MEM 1137.089844 1567439987.3918
CHLD 0 1142.406250 1567439987.4316
CHLD 1 1351.339844 1567439987.4318
CHLD 2 1140.015625 1567439987.4321
CHLD 3 1095.250000 1567439987.4324
CHLD 4 10.746094 1567439987.4332
CHLD 5 10.738281 1567439987.4336
CHLD 6 10.773438 1567439987.4340
CHLD 7 10.707031 1567439987.4340
MEM 1137.089844 1567439987.5345
CHLD 0 1142.406250 1567439987.5643
CHLD 1 1386.660156 1567439987.5648
CHLD 2 1140.015625 1567439987.5652
CHLD 3 1095.250000 1567439987.5656
CHLD 4 10.746094 1567439987.5656
CHLD 5 10.738281 1567439987.5657
CHLD 6 10.773438 1567439987.5657
CHLD 7 10.707031 1567439987.5658
MEM 1137.089844 1567439987.6662
CHLD 0 1142.406250 1567439987.6963
CHLD 1 1411.667969 1567439987.6964
CHLD 2 1136.492188 1567439987.6965
CHLD 3 1095.250000 1567439987.6966
CHLD 4 10.746094 1567439987.6967
CHLD 5 10.738281 1567439987.6968
CHLD 6 10.773438 1567439987.6968
CHLD 7 10.707031 1567439987.6989
MEM 1137.089844 1567439987.8026
CHLD 0 1142.406250 1567439987.8248
CHLD 1 1421.980469 1567439987.8249
CHLD 2 1136.492188 1567439987.8250
CHLD 3 1095.250000 1567439987.8250
CHLD 4 10.746094 1567439987.8251
CHLD 5 10.738281 1567439987.8252
CHLD 6 10.773438 1567439987.8252
CHLD 7 10.707031 1567439987.8253
MEM 1137.089844 1567439987.9257
CHLD 0 1142.406250 1567439987.9637
CHLD 1 1436.675781 1567439987.9638
CHLD 2 1136.492188 1567439987.9638
CHLD 3 1095.250000 1567439987.9644
CHLD 4 10.746094 1567439987.9650
CHLD 5 10.738281 1567439987.9656
CHLD 6 10.773438 1567439987.9662
CHLD 7 10.707031 1567439987.9665
MEM 933.558594 1567439988.0670
CHLD 0 1142.406250 1567439988.1011
CHLD 1 1506.027344 1567439988.1012
CHLD 2 1136.492188 1567439988.1012
CHLD 3 1095.250000 1567439988.1013
CHLD 4 10.746094 1567439988.1013
CHLD 5 10.738281 1567439988.1014
CHLD 6 10.773438 1567439988.1014
CHLD 7 10.707031 1567439988.1015
MEM 719.558594 1567439988.2058
CHLD 0 1142.406250 1567439988.2228
CHLD 1 1531.035156 1567439988.2229
CHLD 2 1136.492188 1567439988.2230
CHLD 3 1095.250000 1567439988.2230
CHLD 4 10.746094 1567439988.2231
CHLD 5 10.738281 1567439988.2231
CHLD 6 10.773438 1567439988.2232
CHLD 7 10.707031 1567439988.2232
MEM 715.710938 1567439988.3237
CHLD 0 1142.406250 1567439988.3386
CHLD 1 1599.871094 1567439988.3387
CHLD 2 1136.492188 1567439988.3387
CHLD 3 1095.250000 1567439988.3388
CHLD 4 10.746094 1567439988.3389
CHLD 5 10.738281 1567439988.3389
CHLD 6 10.773438 1567439988.3390
CHLD 7 10.707031 1567439988.3391
MEM 715.710938 1567439988.4409
CHLD 0 1142.406250 1567439988.4788
CHLD 1 1772.347656 1567439988.4789
CHLD 2 1136.492188 1567439988.4789
CHLD 3 1095.507812 1567439988.4790
CHLD 4 10.746094 1567439988.4791
CHLD 5 10.738281 1567439988.4791
CHLD 6 10.773438 1567439988.4792
CHLD 7 10.707031 1567439988.4793
MEM 715.710938 1567439988.5797
CHLD 0 1142.406250 1567439988.6365
CHLD 1 1876.078125 1567439988.6502
CHLD 2 1136.492188 1567439988.6515
CHLD 3 1095.507812 1567439988.6515
CHLD 4 10.746094 1567439988.6516
CHLD 5 10.738281 1567439988.6517
CHLD 6 10.773438 1567439988.6517
CHLD 7 10.707031 1567439988.6518
MEM 715.726562 1567439988.7541
CHLD 0 0.000000 1567439988.7810
CHLD 1 0.000000 1567439988.7810
CHLD 2 0.000000 1567439988.7811
CHLD 3 0.000000 1567439988.7811
CHLD 4 10.746094 1567439988.7812
CHLD 5 10.738281 1567439988.7812
CHLD 6 10.773438 1567439988.7813
CHLD 7 10.707031 1567439988.7813
MEM 715.804688 1567439988.8818
MEM 715.886719 1567439988.9955
MEM 715.636719 1567439989.1086
MEM 715.636719 1567439989.2235
