CMDLINE /home/dn16382/anaconda3/bin/python mnist_example.py
MEM 1.863281 1567447888.7499
MEM 18.027344 1567447888.8586
MEM 34.464844 1567447888.9744
MEM 43.402344 1567447889.0880
MEM 65.039062 1567447889.1964
MEM 74.683594 1567447889.3097
MEM 82.621094 1567447889.4236
MEM 126.738281 1567447889.5374
MEM 163.921875 1567447889.6498
MEM 164.578125 1567447889.7633
MEM 170.906250 1567447889.8715
MEM 178.890625 1567447889.9799
MEM 184.074219 1567447890.0883
MEM 192.050781 1567447890.1967
MEM 201.714844 1567447890.3112
MEM 205.761719 1567447890.4197
MEM 214.941406 1567447890.5281
MEM 218.914062 1567447890.6395
MEM 231.531250 1567447890.7505
MEM 239.503906 1567447890.8589
MEM 255.003906 1567447890.9675
MEM 260.875000 1567447891.0760
MEM 266.527344 1567447891.1844
MEM 280.093750 1567447891.2931
MEM 296.851562 1567447891.4014
MEM 329.335938 1567447891.5097
MEM 320.968750 1567447891.6187
MEM 376.273438 1567447891.7271
MEM 533.539062 1567447891.8355
MEM 695.960938 1567447891.9439
MEM 642.160156 1567447892.0524
MEM 679.140625 1567447892.1609
MEM 711.324219 1567447892.2694
CHLD 0 601.222656 1567447892.2874
CHLD 1 601.222656 1567447892.2875
CHLD 2 601.222656 1567447892.2876
CHLD 3 601.222656 1567447892.2877
CHLD 4 605.472656 1567447892.2877
CHLD 5 605.234375 1567447892.2878
MEM 711.347656 1567447892.3882
CHLD 0 601.222656 1567447892.4395
CHLD 1 601.222656 1567447892.4395
CHLD 2 601.222656 1567447892.4396
CHLD 3 601.222656 1567447892.4396
CHLD 4 610.992188 1567447892.4397
CHLD 5 607.675781 1567447892.4397
CHLD 6 605.976562 1567447892.4398
CHLD 7 606.996094 1567447892.4398
CHLD 8 601.339844 1567447892.4399
CHLD 9 601.339844 1567447892.4400
CHLD 10 601.343750 1567447892.4400
CHLD 11 0.792969 1567447892.4401
CHLD 12 0.007812 1567447892.4401
CHLD 13 8.546875 1567447892.4402
CHLD 14 8.527344 1567447892.4402
MEM 711.359375 1567447892.5406
CHLD 0 601.222656 1567447892.5887
CHLD 1 601.222656 1567447892.5888
CHLD 2 601.222656 1567447892.5888
CHLD 3 601.222656 1567447892.5889
CHLD 4 614.949219 1567447892.5890
CHLD 5 611.753906 1567447892.5890
CHLD 6 609.367188 1567447892.5891
CHLD 7 609.355469 1567447892.5891
CHLD 8 601.339844 1567447892.5892
CHLD 9 601.339844 1567447892.5892
CHLD 10 601.343750 1567447892.5893
CHLD 11 601.343750 1567447892.5894
CHLD 12 8.449219 1567447892.5894
CHLD 13 7.550781 1567447892.5895
CHLD 14 10.214844 1567447892.5895
CHLD 15 10.894531 1567447892.5896
MEM 711.359375 1567447892.6900
CHLD 0 601.222656 1567447892.7217
CHLD 1 601.222656 1567447892.7217
CHLD 2 601.222656 1567447892.7218
CHLD 3 601.222656 1567447892.7219
CHLD 4 618.285156 1567447892.7219
CHLD 5 618.296875 1567447892.7220
CHLD 6 611.066406 1567447892.7220
CHLD 7 612.292969 1567447892.7221
CHLD 8 601.339844 1567447892.7222
CHLD 9 601.339844 1567447892.7222
CHLD 10 601.343750 1567447892.7504
CHLD 11 601.343750 1567447892.7505
CHLD 12 10.878906 1567447892.7505
CHLD 13 8.523438 1567447892.7506
CHLD 14 10.914062 1567447892.7507
CHLD 15 10.894531 1567447892.7507
MEM 711.359375 1567447892.8511
CHLD 0 601.222656 1567447892.8726
CHLD 1 601.222656 1567447892.8727
CHLD 2 601.222656 1567447892.8727
CHLD 3 601.222656 1567447892.8728
CHLD 4 618.609375 1567447892.8728
CHLD 5 621.621094 1567447892.8729
CHLD 6 613.738281 1567447892.8729
CHLD 7 618.140625 1567447892.8730
CHLD 8 601.339844 1567447892.8730
CHLD 9 601.339844 1567447892.8731
CHLD 10 601.343750 1567447892.8731
CHLD 11 601.343750 1567447892.8732
CHLD 12 10.878906 1567447892.8732
CHLD 13 9.308594 1567447892.8733
CHLD 14 10.914062 1567447892.8733
CHLD 15 10.894531 1567447892.8734
MEM 711.359375 1567447892.9738
CHLD 0 601.222656 1567447892.9967
CHLD 1 601.222656 1567447892.9967
CHLD 2 601.222656 1567447892.9968
CHLD 3 601.222656 1567447892.9968
CHLD 4 619.515625 1567447892.9969
CHLD 5 622.820312 1567447892.9969
CHLD 6 616.984375 1567447892.9970
CHLD 7 618.792969 1567447892.9970
CHLD 8 601.339844 1567447892.9971
CHLD 9 601.339844 1567447892.9971
CHLD 10 601.343750 1567447892.9972
CHLD 11 601.343750 1567447892.9972
CHLD 12 10.878906 1567447892.9973
CHLD 13 10.886719 1567447892.9974
CHLD 14 10.914062 1567447892.9974
CHLD 15 10.894531 1567447892.9991
MEM 711.359375 1567447893.0995
CHLD 0 601.222656 1567447893.1256
CHLD 1 601.222656 1567447893.1257
CHLD 2 601.222656 1567447893.1257
CHLD 3 601.222656 1567447893.1258
CHLD 4 622.074219 1567447893.1258
CHLD 5 624.468750 1567447893.1259
CHLD 6 618.046875 1567447893.1259
CHLD 7 623.007812 1567447893.1260
CHLD 8 601.339844 1567447893.1261
CHLD 9 601.339844 1567447893.1261
CHLD 10 601.343750 1567447893.1262
CHLD 11 601.343750 1567447893.1262
CHLD 12 10.878906 1567447893.1263
CHLD 13 10.886719 1567447893.1263
CHLD 14 10.914062 1567447893.1264
CHLD 15 10.894531 1567447893.1265
MEM 711.359375 1567447893.2268
CHLD 0 601.222656 1567447893.2715
CHLD 1 601.222656 1567447893.2716
CHLD 2 601.222656 1567447893.2716
CHLD 3 601.222656 1567447893.2717
CHLD 4 624.531250 1567447893.2717
CHLD 5 634.183594 1567447893.2718
CHLD 6 618.296875 1567447893.2718
CHLD 7 629.812500 1567447893.2719
CHLD 8 601.339844 1567447893.2719
CHLD 9 601.339844 1567447893.2720
CHLD 10 601.343750 1567447893.2720
CHLD 11 601.343750 1567447893.2721
CHLD 12 10.878906 1567447893.2721
CHLD 13 10.886719 1567447893.2722
CHLD 14 10.914062 1567447893.2722
CHLD 15 10.894531 1567447893.2723
MEM 711.359375 1567447893.3727
CHLD 0 601.222656 1567447893.3874
CHLD 1 601.222656 1567447893.3875
CHLD 2 601.222656 1567447893.3875
CHLD 3 601.222656 1567447893.3876
CHLD 4 634.183594 1567447893.3876
CHLD 5 635.089844 1567447893.3877
CHLD 6 618.660156 1567447893.3878
CHLD 7 633.707031 1567447893.3878
CHLD 8 601.339844 1567447893.3879
CHLD 9 601.339844 1567447893.3879
CHLD 10 601.343750 1567447893.3880
CHLD 11 601.343750 1567447893.3880
CHLD 12 10.878906 1567447893.3881
CHLD 13 10.886719 1567447893.3881
CHLD 14 10.914062 1567447893.3882
CHLD 15 10.894531 1567447893.3882
MEM 711.359375 1567447893.4886
CHLD 0 601.222656 1567447893.5116
CHLD 1 601.222656 1567447893.5117
CHLD 2 601.222656 1567447893.5117
CHLD 3 601.222656 1567447893.5118
CHLD 4 635.152344 1567447893.5118
CHLD 5 635.339844 1567447893.5119
CHLD 6 621.121094 1567447893.5119
CHLD 7 635.273438 1567447893.5120
CHLD 8 601.339844 1567447893.5121
CHLD 9 601.339844 1567447893.5121
CHLD 10 601.343750 1567447893.5122
CHLD 11 601.343750 1567447893.5122
CHLD 12 10.878906 1567447893.5123
CHLD 13 10.886719 1567447893.5123
CHLD 14 10.914062 1567447893.5124
CHLD 15 10.894531 1567447893.5124
MEM 711.359375 1567447893.6128
CHLD 0 601.222656 1567447893.6447
CHLD 1 601.222656 1567447893.6448
CHLD 2 601.222656 1567447893.6449
CHLD 3 601.222656 1567447893.6449
CHLD 4 635.585938 1567447893.6450
CHLD 5 637.902344 1567447893.6450
CHLD 6 622.925781 1567447893.6451
CHLD 7 635.523438 1567447893.6452
CHLD 8 601.339844 1567447893.6452
CHLD 9 601.339844 1567447893.6453
CHLD 10 601.343750 1567447893.6453
CHLD 11 601.343750 1567447893.6454
CHLD 12 10.878906 1567447893.6454
CHLD 13 10.886719 1567447893.6455
CHLD 14 10.914062 1567447893.6456
CHLD 15 10.894531 1567447893.6456
MEM 711.359375 1567447893.7460
CHLD 0 601.222656 1567447893.7689
CHLD 1 601.222656 1567447893.7689
CHLD 2 601.222656 1567447893.7690
CHLD 3 601.222656 1567447893.7691
CHLD 4 635.917969 1567447893.7691
CHLD 5 638.058594 1567447893.7692
CHLD 6 625.207031 1567447893.7692
CHLD 7 635.753906 1567447893.7693
CHLD 8 601.339844 1567447893.7693
CHLD 9 601.339844 1567447893.7694
CHLD 10 601.343750 1567447893.7695
CHLD 11 601.343750 1567447893.7695
CHLD 12 10.878906 1567447893.7696
CHLD 13 10.886719 1567447893.7696
CHLD 14 10.914062 1567447893.7697
CHLD 15 10.894531 1567447893.7697
MEM 711.359375 1567447893.8702
CHLD 0 601.222656 1567447893.8844
CHLD 1 601.222656 1567447893.8845
CHLD 2 601.222656 1567447893.8845
CHLD 3 601.222656 1567447893.8846
CHLD 4 637.976562 1567447893.8846
CHLD 5 638.058594 1567447893.8847
CHLD 6 633.742188 1567447893.8848
CHLD 7 636.042969 1567447893.8848
CHLD 8 601.339844 1567447893.8849
CHLD 9 601.339844 1567447893.8849
CHLD 10 601.343750 1567447893.8850
CHLD 11 601.343750 1567447893.8850
CHLD 12 10.878906 1567447893.8851
CHLD 13 10.886719 1567447893.8852
CHLD 14 10.914062 1567447893.8852
CHLD 15 10.894531 1567447893.8853
MEM 711.359375 1567447893.9857
CHLD 0 601.222656 1567447894.0172
CHLD 1 601.222656 1567447894.0173
CHLD 2 601.222656 1567447894.0174
CHLD 3 601.222656 1567447894.0175
CHLD 4 640.925781 1567447894.0175
CHLD 5 641.203125 1567447894.0176
CHLD 6 635.093750 1567447894.0176
CHLD 7 638.054688 1567447894.0177
CHLD 8 601.339844 1567447894.0177
CHLD 9 601.339844 1567447894.0178
CHLD 10 601.343750 1567447894.0178
CHLD 11 601.343750 1567447894.0179
CHLD 12 10.878906 1567447894.0179
CHLD 13 10.886719 1567447894.0180
CHLD 14 10.914062 1567447894.0180
CHLD 15 10.894531 1567447894.0181
MEM 711.359375 1567447894.1185
CHLD 0 601.222656 1567447894.1421
CHLD 1 601.222656 1567447894.1422
CHLD 2 601.222656 1567447894.1422
CHLD 3 601.222656 1567447894.1423
CHLD 4 641.273438 1567447894.1424
CHLD 5 641.644531 1567447894.1424
CHLD 6 635.261719 1567447894.1425
CHLD 7 638.585938 1567447894.1425
CHLD 8 601.339844 1567447894.1426
CHLD 9 601.339844 1567447894.1426
CHLD 10 601.343750 1567447894.1427
CHLD 11 601.343750 1567447894.1427
CHLD 12 10.878906 1567447894.1428
CHLD 13 10.886719 1567447894.1428
CHLD 14 10.914062 1567447894.1429
CHLD 15 10.894531 1567447894.1429
MEM 711.359375 1567447894.2433
CHLD 0 601.222656 1567447894.2661
CHLD 1 601.222656 1567447894.2662
CHLD 2 601.222656 1567447894.2662
CHLD 3 601.222656 1567447894.2663
CHLD 4 641.652344 1567447894.2664
CHLD 5 642.203125 1567447894.2665
CHLD 6 635.589844 1567447894.2665
CHLD 7 641.140625 1567447894.2666
CHLD 8 601.339844 1567447894.2666
CHLD 9 601.339844 1567447894.2667
CHLD 10 601.343750 1567447894.2668
CHLD 11 601.343750 1567447894.2668
CHLD 12 10.878906 1567447894.2669
CHLD 13 10.886719 1567447894.2669
CHLD 14 10.914062 1567447894.2670
CHLD 15 10.894531 1567447894.2671
MEM 711.359375 1567447894.3675
CHLD 0 601.222656 1567447894.3907
CHLD 1 601.222656 1567447894.3908
CHLD 2 601.222656 1567447894.3908
CHLD 3 601.222656 1567447894.3909
CHLD 4 641.984375 1567447894.3909
CHLD 5 642.453125 1567447894.3910
CHLD 6 636.054688 1567447894.3910
CHLD 7 641.609375 1567447894.3911
CHLD 8 601.339844 1567447894.3911
CHLD 9 601.339844 1567447894.3912
CHLD 10 601.343750 1567447894.3912
CHLD 11 601.343750 1567447894.3913
CHLD 12 10.878906 1567447894.3913
CHLD 13 10.886719 1567447894.3914
CHLD 14 10.914062 1567447894.3914
CHLD 15 10.894531 1567447894.3915
MEM 711.359375 1567447894.4919
CHLD 0 601.222656 1567447894.5141
CHLD 1 601.222656 1567447894.5142
CHLD 2 601.222656 1567447894.5142
CHLD 3 601.222656 1567447894.5143
CHLD 4 642.316406 1567447894.5143
CHLD 5 642.839844 1567447894.5144
CHLD 6 636.054688 1567447894.5145
CHLD 7 641.968750 1567447894.5145
CHLD 8 601.339844 1567447894.5146
CHLD 9 601.339844 1567447894.5146
CHLD 10 601.343750 1567447894.5147
CHLD 11 601.343750 1567447894.5147
CHLD 12 10.878906 1567447894.5148
CHLD 13 10.886719 1567447894.5148
CHLD 14 10.914062 1567447894.5149
CHLD 15 10.894531 1567447894.5149
MEM 711.359375 1567447894.6153
CHLD 0 601.222656 1567447894.6461
CHLD 1 601.222656 1567447894.6462
CHLD 2 601.222656 1567447894.6462
CHLD 3 601.222656 1567447894.6463
CHLD 4 642.726562 1567447894.6463
CHLD 5 643.203125 1567447894.6464
CHLD 6 636.054688 1567447894.6464
CHLD 7 642.269531 1567447894.6465
CHLD 8 601.339844 1567447894.6465
CHLD 9 601.339844 1567447894.6466
CHLD 10 601.343750 1567447894.6466
CHLD 11 601.343750 1567447894.6467
CHLD 12 10.878906 1567447894.6467
CHLD 13 10.886719 1567447894.6468
CHLD 14 10.914062 1567447894.6468
CHLD 15 10.894531 1567447894.6469
MEM 711.359375 1567447894.7473
CHLD 0 601.222656 1567447894.7657
CHLD 1 601.222656 1567447894.7657
CHLD 2 601.222656 1567447894.7658
CHLD 3 601.222656 1567447894.7659
CHLD 4 643.015625 1567447894.7659
CHLD 5 650.402344 1567447894.7659
CHLD 6 641.316406 1567447894.7660
CHLD 7 642.597656 1567447894.7661
CHLD 8 601.339844 1567447894.7661
CHLD 9 601.339844 1567447894.7662
CHLD 10 601.343750 1567447894.7662
CHLD 11 601.343750 1567447894.7824
CHLD 12 10.878906 1567447894.7825
CHLD 13 10.886719 1567447894.7826
CHLD 14 10.914062 1567447894.7826
CHLD 15 10.894531 1567447894.7827
MEM 711.359375 1567447894.8831
CHLD 0 601.222656 1567447894.9347
CHLD 1 601.222656 1567447894.9347
CHLD 2 601.222656 1567447894.9348
CHLD 3 601.222656 1567447894.9349
CHLD 4 643.312500 1567447894.9349
CHLD 5 654.558594 1567447894.9350
CHLD 6 641.812500 1567447894.9350
CHLD 7 642.828125 1567447894.9351
CHLD 8 601.339844 1567447894.9351
CHLD 9 601.339844 1567447894.9352
CHLD 10 601.343750 1567447894.9353
CHLD 11 601.343750 1567447894.9353
CHLD 12 10.878906 1567447894.9354
CHLD 13 10.886719 1567447894.9354
CHLD 14 10.914062 1567447894.9355
CHLD 15 10.894531 1567447894.9355
MEM 711.359375 1567447895.0360
CHLD 0 601.222656 1567447895.0720
CHLD 1 601.222656 1567447895.0721
CHLD 2 601.222656 1567447895.0721
CHLD 3 601.222656 1567447895.0722
CHLD 4 643.492188 1567447895.0722
CHLD 5 658.808594 1567447895.0723
CHLD 6 641.894531 1567447895.0723
CHLD 7 643.000000 1567447895.0724
CHLD 8 601.339844 1567447895.0724
CHLD 9 601.339844 1567447895.0725
CHLD 10 601.343750 1567447895.0725
CHLD 11 601.343750 1567447895.0726
CHLD 12 10.878906 1567447895.0726
CHLD 13 10.886719 1567447895.0727
CHLD 14 10.914062 1567447895.0727
CHLD 15 10.894531 1567447895.0728
MEM 711.359375 1567447895.1732
CHLD 0 601.222656 1567447895.1994
CHLD 1 601.222656 1567447895.1994
CHLD 2 601.222656 1567447895.1995
CHLD 3 601.222656 1567447895.1996
CHLD 4 643.652344 1567447895.1996
CHLD 5 659.011719 1567447895.1997
CHLD 6 642.074219 1567447895.1997
CHLD 7 643.335938 1567447895.1998
CHLD 8 601.339844 1567447895.1998
CHLD 9 601.339844 1567447895.1999
CHLD 10 601.343750 1567447895.1999
CHLD 11 601.343750 1567447895.2000
CHLD 12 10.878906 1567447895.2000
CHLD 13 10.886719 1567447895.2001
CHLD 14 10.914062 1567447895.2001
CHLD 15 10.894531 1567447895.2002
MEM 711.359375 1567447895.3006
CHLD 0 601.222656 1567447895.3317
CHLD 1 601.222656 1567447895.3318
CHLD 2 601.222656 1567447895.3318
CHLD 3 601.222656 1567447895.3319
CHLD 4 645.378906 1567447895.3320
CHLD 5 659.011719 1567447895.3320
CHLD 6 642.394531 1567447895.3321
CHLD 7 643.812500 1567447895.3321
CHLD 8 601.339844 1567447895.3322
CHLD 9 601.339844 1567447895.3322
CHLD 10 601.343750 1567447895.3323
CHLD 11 601.343750 1567447895.3323
CHLD 12 10.878906 1567447895.3324
CHLD 13 10.886719 1567447895.3324
CHLD 14 10.914062 1567447895.3325
CHLD 15 10.894531 1567447895.3325
MEM 711.359375 1567447895.4329
CHLD 0 601.222656 1567447895.4692
CHLD 1 601.222656 1567447895.4693
CHLD 2 601.222656 1567447895.4693
CHLD 3 601.222656 1567447895.4694
CHLD 4 651.500000 1567447895.4694
CHLD 5 679.183594 1567447895.4695
CHLD 6 642.875000 1567447895.4695
CHLD 7 644.390625 1567447895.4696
CHLD 8 601.339844 1567447895.4696
CHLD 9 601.339844 1567447895.4697
CHLD 10 601.343750 1567447895.4697
CHLD 11 601.343750 1567447895.4698
CHLD 12 10.878906 1567447895.4698
CHLD 13 10.886719 1567447895.4699
CHLD 14 10.914062 1567447895.4700
CHLD 15 10.894531 1567447895.4700
MEM 711.359375 1567447895.5704
CHLD 0 601.222656 1567447895.6224
CHLD 1 601.222656 1567447895.6224
CHLD 2 601.222656 1567447895.6225
CHLD 3 601.222656 1567447895.6225
CHLD 4 655.203125 1567447895.6226
CHLD 5 686.390625 1567447895.6226
CHLD 6 643.218750 1567447895.6227
CHLD 7 651.746094 1567447895.6228
CHLD 8 601.339844 1567447895.6228
CHLD 9 601.339844 1567447895.6229
CHLD 10 601.343750 1567447895.6229
CHLD 11 601.343750 1567447895.6230
CHLD 12 10.878906 1567447895.6230
CHLD 13 10.886719 1567447895.6231
CHLD 14 10.914062 1567447895.6231
CHLD 15 10.894531 1567447895.6232
MEM 711.359375 1567447895.7238
CHLD 0 601.222656 1567447895.7775
CHLD 1 601.222656 1567447895.7776
CHLD 2 601.222656 1567447895.7776
CHLD 3 601.222656 1567447895.7777
CHLD 4 656.785156 1567447895.7778
CHLD 5 688.246094 1567447895.7778
CHLD 6 643.511719 1567447895.7779
CHLD 7 655.027344 1567447895.7779
CHLD 8 601.339844 1567447895.7780
CHLD 9 601.339844 1567447895.7780
CHLD 10 601.343750 1567447895.7781
CHLD 11 601.343750 1567447895.7782
CHLD 12 10.878906 1567447895.7782
CHLD 13 10.886719 1567447895.7840
CHLD 14 10.914062 1567447895.7841
CHLD 15 10.894531 1567447895.7841
MEM 711.359375 1567447895.8846
CHLD 0 601.222656 1567447895.9036
CHLD 1 601.222656 1567447895.9037
CHLD 2 601.222656 1567447895.9037
CHLD 3 601.222656 1567447895.9038
CHLD 4 656.968750 1567447895.9038
CHLD 5 689.535156 1567447895.9039
CHLD 6 643.511719 1567447895.9039
CHLD 7 659.734375 1567447895.9040
CHLD 8 601.339844 1567447895.9040
CHLD 9 601.339844 1567447895.9041
CHLD 10 601.343750 1567447895.9041
CHLD 11 601.343750 1567447895.9042
CHLD 12 10.878906 1567447895.9042
CHLD 13 10.886719 1567447895.9043
CHLD 14 10.914062 1567447895.9043
CHLD 15 10.894531 1567447895.9044
MEM 711.359375 1567447896.0048
CHLD 0 601.222656 1567447896.0246
CHLD 1 601.222656 1567447896.0247
CHLD 2 601.222656 1567447896.0247
CHLD 3 601.222656 1567447896.0248
CHLD 4 657.031250 1567447896.0249
CHLD 5 691.597656 1567447896.0249
CHLD 6 643.859375 1567447896.0250
CHLD 7 660.148438 1567447896.0250
CHLD 8 601.339844 1567447896.0251
CHLD 9 601.339844 1567447896.0251
CHLD 10 601.343750 1567447896.0252
CHLD 11 601.343750 1567447896.0252
CHLD 12 10.878906 1567447896.0253
CHLD 13 10.886719 1567447896.0253
CHLD 14 10.914062 1567447896.0254
CHLD 15 10.894531 1567447896.0463
MEM 711.359375 1567447896.1468
CHLD 0 601.222656 1567447896.1861
CHLD 1 601.222656 1567447896.1861
CHLD 2 601.222656 1567447896.1862
CHLD 3 601.222656 1567447896.1862
CHLD 4 660.878906 1567447896.1864
CHLD 5 691.855469 1567447896.1865
CHLD 6 644.203125 1567447896.1865
CHLD 7 662.863281 1567447896.1866
CHLD 8 601.339844 1567447896.1867
CHLD 9 601.339844 1567447896.1867
CHLD 10 601.343750 1567447896.1868
CHLD 11 601.343750 1567447896.1868
CHLD 12 10.878906 1567447896.1869
CHLD 13 10.886719 1567447896.1869
CHLD 14 10.914062 1567447896.1870
CHLD 15 10.894531 1567447896.1871
MEM 711.359375 1567447896.2875
CHLD 0 601.222656 1567447896.3179
CHLD 1 601.222656 1567447896.3180
CHLD 2 601.222656 1567447896.3180
CHLD 3 601.222656 1567447896.3181
CHLD 4 661.246094 1567447896.3181
CHLD 5 691.855469 1567447896.3182
CHLD 6 651.636719 1567447896.3182
CHLD 7 662.863281 1567447896.3183
CHLD 8 601.339844 1567447896.3183
CHLD 9 601.339844 1567447896.3184
CHLD 10 601.343750 1567447896.3184
CHLD 11 601.343750 1567447896.3185
CHLD 12 10.878906 1567447896.3185
CHLD 13 10.886719 1567447896.3186
CHLD 14 10.914062 1567447896.3187
CHLD 15 10.894531 1567447896.3187
MEM 711.359375 1567447896.4191
CHLD 0 601.222656 1567447896.4415
CHLD 1 601.222656 1567447896.4415
CHLD 2 601.222656 1567447896.4416
CHLD 3 601.222656 1567447896.4416
CHLD 4 661.246094 1567447896.4417
CHLD 5 691.855469 1567447896.4417
CHLD 6 654.312500 1567447896.4418
CHLD 7 662.863281 1567447896.4418
CHLD 8 601.339844 1567447896.4419
CHLD 9 601.339844 1567447896.4419
CHLD 10 601.343750 1567447896.4420
CHLD 11 601.343750 1567447896.4421
CHLD 12 10.878906 1567447896.4421
CHLD 13 10.886719 1567447896.4422
CHLD 14 10.914062 1567447896.4422
CHLD 15 10.894531 1567447896.4423
MEM 711.359375 1567447896.5428
CHLD 0 601.222656 1567447896.5738
CHLD 1 601.222656 1567447896.5738
CHLD 2 601.222656 1567447896.5739
CHLD 3 601.222656 1567447896.5739
CHLD 4 661.246094 1567447896.5740
CHLD 5 691.855469 1567447896.5740
CHLD 6 654.312500 1567447896.5741
CHLD 7 662.863281 1567447896.5742
CHLD 8 601.339844 1567447896.5742
CHLD 9 601.339844 1567447896.5743
CHLD 10 601.343750 1567447896.5743
CHLD 11 601.343750 1567447896.5744
CHLD 12 10.878906 1567447896.5744
CHLD 13 10.886719 1567447896.5745
CHLD 14 10.914062 1567447896.5745
CHLD 15 10.894531 1567447896.5746
MEM 711.359375 1567447896.6750
CHLD 0 601.222656 1567447896.6982
CHLD 1 601.222656 1567447896.6983
CHLD 2 601.222656 1567447896.6984
CHLD 3 601.222656 1567447896.6985
CHLD 4 661.246094 1567447896.6986
CHLD 5 692.371094 1567447896.6986
CHLD 6 656.976562 1567447896.6987
CHLD 7 662.863281 1567447896.6988
CHLD 8 601.339844 1567447896.6988
CHLD 9 601.339844 1567447896.6989
CHLD 10 601.343750 1567447896.6989
CHLD 11 601.343750 1567447896.6990
CHLD 12 10.878906 1567447896.6990
CHLD 13 10.886719 1567447896.6991
CHLD 14 10.914062 1567447896.6992
CHLD 15 10.894531 1567447896.6992
MEM 711.359375 1567447896.7997
CHLD 0 601.222656 1567447896.8381
CHLD 1 601.222656 1567447896.8381
CHLD 2 601.222656 1567447896.8382
CHLD 3 601.222656 1567447896.8382
CHLD 4 661.246094 1567447896.8504
CHLD 5 692.371094 1567447896.8505
CHLD 6 657.039062 1567447896.8506
CHLD 7 672.257812 1567447896.8506
CHLD 8 601.339844 1567447896.8507
CHLD 9 601.339844 1567447896.8507
CHLD 10 601.343750 1567447896.8508
CHLD 11 601.343750 1567447896.8508
CHLD 12 10.878906 1567447896.8509
CHLD 13 10.886719 1567447896.8510
CHLD 14 10.914062 1567447896.8510
CHLD 15 10.894531 1567447896.8511
MEM 711.359375 1567447896.9516
CHLD 0 601.222656 1567447897.0018
CHLD 1 601.222656 1567447897.0018
CHLD 2 601.222656 1567447897.0019
CHLD 3 601.222656 1567447897.0019
CHLD 4 663.386719 1567447897.0020
CHLD 5 692.371094 1567447897.0020
CHLD 6 657.542969 1567447897.0021
CHLD 7 692.675781 1567447897.0021
CHLD 8 601.339844 1567447897.0022
CHLD 9 601.339844 1567447897.0022
CHLD 10 601.343750 1567447897.0023
CHLD 11 601.343750 1567447897.0024
CHLD 12 10.878906 1567447897.0025
CHLD 13 10.886719 1567447897.0025
CHLD 14 10.914062 1567447897.0026
CHLD 15 10.894531 1567447897.0026
MEM 711.359375 1567447897.1030
CHLD 0 601.222656 1567447897.1258
CHLD 1 601.222656 1567447897.1258
CHLD 2 601.222656 1567447897.1259
CHLD 3 601.222656 1567447897.1259
CHLD 4 689.351562 1567447897.1260
CHLD 5 692.886719 1567447897.1260
CHLD 6 657.542969 1567447897.1261
CHLD 7 695.769531 1567447897.1262
CHLD 8 601.339844 1567447897.1262
CHLD 9 601.339844 1567447897.1263
CHLD 10 601.343750 1567447897.1263
CHLD 11 601.343750 1567447897.1264
CHLD 12 10.878906 1567447897.1264
CHLD 13 10.886719 1567447897.1265
CHLD 14 10.914062 1567447897.1265
CHLD 15 10.894531 1567447897.1266
MEM 711.359375 1567447897.2273
CHLD 0 601.222656 1567447897.2937
CHLD 1 601.222656 1567447897.2938
CHLD 2 601.222656 1567447897.2938
CHLD 3 601.222656 1567447897.2939
CHLD 4 695.023438 1567447897.2939
CHLD 5 692.886719 1567447897.2940
CHLD 6 657.542969 1567447897.2941
CHLD 7 695.769531 1567447897.2941
CHLD 8 601.339844 1567447897.2942
CHLD 9 601.339844 1567447897.2942
CHLD 10 601.343750 1567447897.3266
CHLD 11 601.343750 1567447897.3267
CHLD 12 10.878906 1567447897.3268
CHLD 13 10.886719 1567447897.3268
CHLD 14 10.914062 1567447897.3269
CHLD 15 10.894531 1567447897.3270
MEM 711.359375 1567447897.4277
CHLD 0 601.222656 1567447897.4961
CHLD 1 601.222656 1567447897.4962
CHLD 2 601.222656 1567447897.4962
CHLD 3 601.222656 1567447897.4963
CHLD 4 696.570312 1567447897.4964
CHLD 5 692.886719 1567447897.4964
CHLD 6 657.542969 1567447897.4965
CHLD 7 696.023438 1567447897.4966
CHLD 8 601.339844 1567447897.4966
CHLD 9 601.339844 1567447897.4967
CHLD 10 601.343750 1567447897.4967
CHLD 11 601.343750 1567447897.4968
CHLD 12 10.878906 1567447897.4969
CHLD 13 10.886719 1567447897.4969
CHLD 14 10.914062 1567447897.4970
CHLD 15 10.894531 1567447897.4971
MEM 711.359375 1567447897.5975
CHLD 0 601.222656 1567447897.6169
CHLD 1 601.222656 1567447897.6170
CHLD 2 601.222656 1567447897.6170
CHLD 3 601.222656 1567447897.6171
CHLD 4 696.570312 1567447897.6171
CHLD 5 694.949219 1567447897.6172
CHLD 6 657.542969 1567447897.6172
CHLD 7 702.210938 1567447897.6173
CHLD 8 601.339844 1567447897.6173
CHLD 9 601.339844 1567447897.6174
CHLD 10 601.343750 1567447897.6174
CHLD 11 601.343750 1567447897.6175
CHLD 12 10.878906 1567447897.6175
CHLD 13 10.886719 1567447897.6176
CHLD 14 10.914062 1567447897.6176
CHLD 15 10.894531 1567447897.6177
MEM 711.359375 1567447897.7182
CHLD 0 601.222656 1567447897.7874
CHLD 1 601.222656 1567447897.7874
CHLD 2 601.222656 1567447897.7875
CHLD 3 601.222656 1567447897.7876
CHLD 4 698.117188 1567447897.7876
CHLD 5 694.949219 1567447897.7877
CHLD 6 657.894531 1567447897.7877
CHLD 7 702.210938 1567447897.7878
CHLD 8 601.339844 1567447897.7878
CHLD 9 601.339844 1567447897.7879
CHLD 10 601.343750 1567447897.7880
CHLD 11 601.343750 1567447897.7880
CHLD 12 10.878906 1567447897.7881
CHLD 13 10.886719 1567447897.7881
CHLD 14 10.914062 1567447897.7882
CHLD 15 10.894531 1567447897.7882
MEM 711.359375 1567447897.8887
CHLD 0 601.222656 1567447897.9334
CHLD 1 601.222656 1567447897.9335
CHLD 2 601.222656 1567447897.9335
CHLD 3 601.222656 1567447897.9336
CHLD 4 700.437500 1567447897.9336
CHLD 5 694.949219 1567447897.9337
CHLD 6 657.894531 1567447897.9338
CHLD 7 705.304688 1567447897.9338
CHLD 8 601.339844 1567447897.9339
CHLD 9 601.339844 1567447897.9339
CHLD 10 601.343750 1567447897.9340
CHLD 11 601.343750 1567447897.9341
CHLD 12 10.878906 1567447897.9341
CHLD 13 10.886719 1567447897.9342
CHLD 14 10.914062 1567447897.9342
CHLD 15 10.894531 1567447897.9505
MEM 711.359375 1567447898.0510
CHLD 0 601.222656 1567447898.1349
CHLD 1 601.222656 1567447898.1349
CHLD 2 601.222656 1567447898.1364
CHLD 3 601.222656 1567447898.1365
CHLD 4 700.437500 1567447898.1366
CHLD 5 694.949219 1567447898.1366
CHLD 6 657.894531 1567447898.1367
CHLD 7 708.914062 1567447898.1368
CHLD 8 601.339844 1567447898.1368
CHLD 9 601.339844 1567447898.1369
CHLD 10 601.343750 1567447898.1370
CHLD 11 601.343750 1567447898.1370
CHLD 12 10.878906 1567447898.1371
CHLD 13 10.886719 1567447898.1372
CHLD 14 10.914062 1567447898.1372
CHLD 15 10.894531 1567447898.1373
MEM 711.359375 1567447898.2377
CHLD 0 601.222656 1567447898.2946
CHLD 1 601.222656 1567447898.2947
CHLD 2 601.222656 1567447898.2947
CHLD 3 601.222656 1567447898.2948
CHLD 4 700.437500 1567447898.2948
CHLD 5 694.949219 1567447898.2949
CHLD 6 657.894531 1567447898.2950
CHLD 7 708.914062 1567447898.2950
CHLD 8 601.339844 1567447898.2951
CHLD 9 601.339844 1567447898.2952
CHLD 10 601.343750 1567447898.2952
CHLD 11 601.343750 1567447898.2953
CHLD 12 10.878906 1567447898.2953
CHLD 13 10.886719 1567447898.2954
CHLD 14 10.914062 1567447898.2954
CHLD 15 10.894531 1567447898.2955
MEM 711.359375 1567447898.3960
CHLD 0 601.222656 1567447898.4669
CHLD 1 601.222656 1567447898.4670
CHLD 2 601.222656 1567447898.4671
CHLD 3 601.222656 1567447898.4671
CHLD 4 700.953125 1567447898.4672
CHLD 5 694.949219 1567447898.4673
CHLD 6 657.894531 1567447898.4673
CHLD 7 708.914062 1567447898.4674
CHLD 8 601.339844 1567447898.4674
CHLD 9 601.339844 1567447898.4675
CHLD 10 601.343750 1567447898.4675
CHLD 11 601.343750 1567447898.4676
CHLD 12 10.878906 1567447898.4677
CHLD 13 10.886719 1567447898.4677
CHLD 14 10.914062 1567447898.4678
CHLD 15 10.894531 1567447898.4678
MEM 711.359375 1567447898.5687
CHLD 0 601.222656 1567447898.5895
CHLD 1 601.222656 1567447898.5896
CHLD 2 601.222656 1567447898.5896
CHLD 3 601.222656 1567447898.5897
CHLD 4 700.953125 1567447898.5897
CHLD 5 694.949219 1567447898.5898
CHLD 6 658.132812 1567447898.5899
CHLD 7 708.914062 1567447898.5899
CHLD 8 601.339844 1567447898.5900
CHLD 9 601.339844 1567447898.5900
CHLD 10 601.343750 1567447898.5901
CHLD 11 601.343750 1567447898.5901
CHLD 12 10.878906 1567447898.5902
CHLD 13 10.886719 1567447898.5902
CHLD 14 10.914062 1567447898.5903
CHLD 15 10.894531 1567447898.5904
MEM 711.359375 1567447898.6916
CHLD 0 601.222656 1567447898.8412
CHLD 1 601.222656 1567447898.8413
CHLD 2 601.222656 1567447898.8413
CHLD 3 601.222656 1567447898.8414
CHLD 4 700.953125 1567447898.8414
CHLD 5 695.464844 1567447898.8415
CHLD 6 671.871094 1567447898.8415
CHLD 7 708.914062 1567447898.8416
CHLD 8 601.339844 1567447898.8416
CHLD 9 601.339844 1567447898.8417
CHLD 10 601.343750 1567447898.8417
CHLD 11 601.343750 1567447898.8418
CHLD 12 10.878906 1567447898.8419
CHLD 13 10.886719 1567447898.8419
CHLD 14 10.914062 1567447898.8420
CHLD 15 10.894531 1567447898.8420
MEM 711.359375 1567447898.9428
CHLD 0 601.222656 1567447899.0673
CHLD 1 601.222656 1567447899.0674
CHLD 2 601.222656 1567447899.0674
CHLD 3 601.222656 1567447899.0675
CHLD 4 702.500000 1567447899.0675
CHLD 5 695.464844 1567447899.0676
CHLD 6 674.191406 1567447899.0676
CHLD 7 708.914062 1567447899.0678
CHLD 8 601.339844 1567447899.0678
CHLD 9 601.339844 1567447899.0679
CHLD 10 601.343750 1567447899.0679
CHLD 11 601.343750 1567447899.0680
CHLD 12 10.878906 1567447899.0681
CHLD 13 10.886719 1567447899.0681
CHLD 14 10.914062 1567447899.0682
CHLD 15 10.894531 1567447899.0682
MEM 711.359375 1567447899.1687
CHLD 0 601.222656 1567447899.2521
CHLD 1 601.222656 1567447899.2522
CHLD 2 601.222656 1567447899.2523
CHLD 3 601.222656 1567447899.2523
CHLD 4 702.500000 1567447899.2524
CHLD 5 695.464844 1567447899.2524
CHLD 6 674.191406 1567447899.2525
CHLD 7 709.425781 1567447899.2525
CHLD 8 601.339844 1567447899.2526
CHLD 9 601.339844 1567447899.2526
CHLD 10 601.343750 1567447899.2527
CHLD 11 601.343750 1567447899.2527
CHLD 12 10.878906 1567447899.2528
CHLD 13 10.886719 1567447899.2528
CHLD 14 10.914062 1567447899.2529
CHLD 15 10.894531 1567447899.2529
MEM 711.359375 1567447899.3539
CHLD 0 601.222656 1567447899.3931
CHLD 1 601.222656 1567447899.3932
CHLD 2 601.222656 1567447899.3933
CHLD 3 601.222656 1567447899.3933
CHLD 4 702.500000 1567447899.3934
CHLD 5 695.464844 1567447899.3934
CHLD 6 674.191406 1567447899.3935
CHLD 7 709.425781 1567447899.3936
CHLD 8 601.339844 1567447899.3936
CHLD 9 601.339844 1567447899.3937
CHLD 10 601.343750 1567447899.3937
CHLD 11 601.343750 1567447899.3938
CHLD 12 10.878906 1567447899.3938
CHLD 13 10.886719 1567447899.3939
CHLD 14 10.914062 1567447899.3939
CHLD 15 10.894531 1567447899.3940
MEM 711.359375 1567447899.4945
CHLD 0 601.222656 1567447899.5337
CHLD 1 601.222656 1567447899.5338
CHLD 2 601.222656 1567447899.5339
CHLD 3 601.222656 1567447899.5339
CHLD 4 703.531250 1567447899.5340
CHLD 5 695.464844 1567447899.5340
CHLD 6 674.191406 1567447899.5341
CHLD 7 709.425781 1567447899.5341
CHLD 8 601.339844 1567447899.5342
CHLD 9 601.339844 1567447899.5343
CHLD 10 601.343750 1567447899.5344
CHLD 11 601.343750 1567447899.5344
CHLD 12 10.878906 1567447899.5345
CHLD 13 10.886719 1567447899.5345
CHLD 14 10.914062 1567447899.5346
CHLD 15 10.894531 1567447899.5346
MEM 711.359375 1567447899.6386
CHLD 0 601.222656 1567447899.8523
CHLD 1 601.222656 1567447899.8524
CHLD 2 601.222656 1567447899.8525
CHLD 3 601.222656 1567447899.8525
CHLD 4 703.531250 1567447899.8526
CHLD 5 695.464844 1567447899.8526
CHLD 6 674.449219 1567447899.8527
CHLD 7 709.425781 1567447899.8527
CHLD 8 601.339844 1567447899.8528
CHLD 9 601.339844 1567447899.8528
CHLD 10 601.343750 1567447899.8529
CHLD 11 601.343750 1567447899.8529
CHLD 12 10.878906 1567447899.8530
CHLD 13 10.886719 1567447899.8531
CHLD 14 10.914062 1567447899.8531
CHLD 15 10.894531 1567447899.8532
MEM 711.359375 1567447899.9536
CHLD 0 601.222656 1567447900.0297
CHLD 1 601.222656 1567447900.0297
CHLD 2 601.222656 1567447900.0298
CHLD 3 601.222656 1567447900.0299
CHLD 4 704.562500 1567447900.0299
CHLD 5 695.464844 1567447900.0300
CHLD 6 674.449219 1567447900.0301
CHLD 7 709.425781 1567447900.0301
CHLD 8 601.339844 1567447900.0302
CHLD 9 601.339844 1567447900.0302
CHLD 10 601.343750 1567447900.0319
CHLD 11 601.343750 1567447900.0320
CHLD 12 10.878906 1567447900.0320
CHLD 13 10.886719 1567447900.0321
CHLD 14 10.914062 1567447900.0322
CHLD 15 10.894531 1567447900.0322
MEM 711.359375 1567447900.1327
CHLD 0 601.222656 1567447900.1521
CHLD 1 601.222656 1567447900.1522
CHLD 2 601.222656 1567447900.1523
CHLD 3 601.222656 1567447900.1523
CHLD 4 706.367188 1567447900.1524
CHLD 5 695.464844 1567447900.1525
CHLD 6 674.449219 1567447900.1525
CHLD 7 709.425781 1567447900.1526
CHLD 8 601.339844 1567447900.1526
CHLD 9 601.339844 1567447900.1799
CHLD 10 601.343750 1567447900.1800
CHLD 11 601.343750 1567447900.1801
CHLD 12 10.878906 1567447900.1801
CHLD 13 10.886719 1567447900.1802
CHLD 14 10.914062 1567447900.1802
CHLD 15 10.894531 1567447900.1803
MEM 711.359375 1567447900.2808
CHLD 0 601.222656 1567447900.3197
CHLD 1 601.222656 1567447900.3197
CHLD 2 601.222656 1567447900.3198
CHLD 3 601.222656 1567447900.3198
CHLD 4 706.367188 1567447900.3199
CHLD 5 695.464844 1567447900.3199
CHLD 6 674.449219 1567447900.3200
CHLD 7 709.425781 1567447900.3200
CHLD 8 601.339844 1567447900.3201
CHLD 9 601.339844 1567447900.3202
CHLD 10 601.343750 1567447900.3202
CHLD 11 601.343750 1567447900.3203
CHLD 12 10.878906 1567447900.3203
CHLD 13 10.886719 1567447900.3204
CHLD 14 10.914062 1567447900.3204
CHLD 15 10.894531 1567447900.3205
MEM 711.359375 1567447900.4211
CHLD 0 601.222656 1567447900.4458
CHLD 1 601.222656 1567447900.4458
CHLD 2 601.222656 1567447900.4459
CHLD 3 601.222656 1567447900.4459
CHLD 4 706.367188 1567447900.4460
CHLD 5 695.464844 1567447900.4460
CHLD 6 674.449219 1567447900.4461
CHLD 7 709.425781 1567447900.4462
CHLD 8 601.339844 1567447900.4462
CHLD 9 601.339844 1567447900.4463
CHLD 10 601.343750 1567447900.4463
CHLD 11 601.343750 1567447900.4464
CHLD 12 10.878906 1567447900.4464
CHLD 13 10.886719 1567447900.4465
CHLD 14 10.914062 1567447900.4465
CHLD 15 10.894531 1567447900.4466
MEM 711.359375 1567447900.5475
CHLD 0 601.222656 1567447900.6110
CHLD 1 601.222656 1567447900.6111
CHLD 2 601.222656 1567447900.6111
CHLD 3 601.222656 1567447900.6112
CHLD 4 706.367188 1567447900.6113
CHLD 5 695.722656 1567447900.6113
CHLD 6 674.449219 1567447900.6114
CHLD 7 712.519531 1567447900.6114
CHLD 8 601.339844 1567447900.6115
CHLD 9 601.339844 1567447900.6115
CHLD 10 601.343750 1567447900.6116
CHLD 11 601.343750 1567447900.6116
CHLD 12 10.878906 1567447900.6117
CHLD 13 10.886719 1567447900.6117
CHLD 14 10.914062 1567447900.6295
CHLD 15 10.894531 1567447900.6297
MEM 711.359375 1567447900.7302
CHLD 0 601.222656 1567447900.7731
CHLD 1 601.222656 1567447900.7731
CHLD 2 601.222656 1567447900.7732
CHLD 3 601.222656 1567447900.7733
CHLD 4 706.367188 1567447900.7733
CHLD 5 695.722656 1567447900.7734
CHLD 6 674.449219 1567447900.7734
CHLD 7 712.519531 1567447900.7735
CHLD 8 601.339844 1567447900.7736
CHLD 9 601.339844 1567447900.7736
CHLD 10 601.343750 1567447900.7737
CHLD 11 601.343750 1567447900.7738
CHLD 12 10.878906 1567447900.7738
CHLD 13 10.886719 1567447900.7739
CHLD 14 10.914062 1567447900.7739
CHLD 15 10.894531 1567447900.7740
MEM 711.359375 1567447900.8744
CHLD 0 601.222656 1567447900.9530
CHLD 1 601.222656 1567447900.9531
CHLD 2 601.222656 1567447900.9531
CHLD 3 601.222656 1567447900.9532
CHLD 4 706.367188 1567447900.9532
CHLD 5 695.722656 1567447900.9533
CHLD 6 676.253906 1567447900.9534
CHLD 7 712.519531 1567447900.9534
CHLD 8 601.339844 1567447900.9535
CHLD 9 601.339844 1567447900.9535
CHLD 10 601.343750 1567447900.9536
CHLD 11 601.343750 1567447900.9536
CHLD 12 10.878906 1567447900.9537
CHLD 13 10.886719 1567447900.9537
CHLD 14 10.914062 1567447900.9538
CHLD 15 10.894531 1567447900.9538
MEM 711.359375 1567447901.0545
CHLD 0 601.222656 1567447901.1189
CHLD 1 601.222656 1567447901.1190
CHLD 2 601.222656 1567447901.1190
CHLD 3 601.222656 1567447901.1191
CHLD 4 706.367188 1567447901.1192
CHLD 5 695.722656 1567447901.1192
CHLD 6 677.027344 1567447901.1193
CHLD 7 712.519531 1567447901.1193
CHLD 8 601.339844 1567447901.1194
CHLD 9 601.339844 1567447901.1194
CHLD 10 601.343750 1567447901.1195
CHLD 11 601.343750 1567447901.1196
CHLD 12 10.878906 1567447901.1196
CHLD 13 10.886719 1567447901.1197
CHLD 14 10.914062 1567447901.1197
CHLD 15 10.894531 1567447901.1198
MEM 711.359375 1567447901.2204
CHLD 0 601.222656 1567447901.2695
CHLD 1 601.222656 1567447901.2696
CHLD 2 601.222656 1567447901.2697
CHLD 3 601.222656 1567447901.2697
CHLD 4 706.367188 1567447901.2698
CHLD 5 695.722656 1567447901.2698
CHLD 6 677.027344 1567447901.2699
CHLD 7 712.519531 1567447901.2699
CHLD 8 601.339844 1567447901.2700
CHLD 9 601.339844 1567447901.2700
CHLD 10 601.343750 1567447901.2701
CHLD 11 601.343750 1567447901.2701
CHLD 12 10.878906 1567447901.2702
CHLD 13 10.886719 1567447901.2702
CHLD 14 10.914062 1567447901.3334
CHLD 15 10.894531 1567447901.3334
MEM 711.359375 1567447901.4342
CHLD 0 601.222656 1567447901.5013
CHLD 1 601.222656 1567447901.5014
CHLD 2 601.222656 1567447901.5015
CHLD 3 601.222656 1567447901.5015
CHLD 4 706.367188 1567447901.5016
CHLD 5 695.722656 1567447901.5017
CHLD 6 677.027344 1567447901.5018
CHLD 7 712.519531 1567447901.5018
CHLD 8 601.339844 1567447901.5019
CHLD 9 601.339844 1567447901.5020
CHLD 10 601.343750 1567447901.5021
CHLD 11 601.343750 1567447901.5439
CHLD 12 10.878906 1567447901.5440
CHLD 13 10.886719 1567447901.5440
CHLD 14 10.914062 1567447901.5441
CHLD 15 10.894531 1567447901.5441
MEM 711.359375 1567447901.6446
CHLD 0 601.222656 1567447901.6763
CHLD 1 601.222656 1567447901.6764
CHLD 2 601.222656 1567447901.6765
CHLD 3 601.222656 1567447901.6766
CHLD 4 706.367188 1567447901.6766
CHLD 5 695.722656 1567447901.6767
CHLD 6 677.027344 1567447901.6767
CHLD 7 712.519531 1567447901.6768
CHLD 8 601.339844 1567447901.6769
CHLD 9 601.339844 1567447901.6769
CHLD 10 601.343750 1567447901.6770
CHLD 11 601.343750 1567447901.6770
CHLD 12 10.878906 1567447901.6771
CHLD 13 10.886719 1567447901.6771
CHLD 14 10.914062 1567447901.6772
CHLD 15 10.894531 1567447901.6773
MEM 711.359375 1567447901.7778
CHLD 0 601.222656 1567447901.8450
CHLD 1 601.222656 1567447901.8451
CHLD 2 601.222656 1567447901.8452
CHLD 3 601.222656 1567447901.8452
CHLD 4 706.367188 1567447901.8453
CHLD 5 695.722656 1567447901.8454
CHLD 6 677.027344 1567447901.8454
CHLD 7 712.519531 1567447901.8455
CHLD 8 601.339844 1567447901.8455
CHLD 9 601.339844 1567447901.8456
CHLD 10 601.343750 1567447901.8456
CHLD 11 601.343750 1567447901.8457
CHLD 12 10.878906 1567447901.8457
CHLD 13 10.886719 1567447901.8458
CHLD 14 10.914062 1567447901.8458
CHLD 15 10.894531 1567447901.8459
MEM 711.359375 1567447901.9465
CHLD 0 601.222656 1567447902.0188
CHLD 1 601.222656 1567447902.0189
CHLD 2 601.222656 1567447902.0190
CHLD 3 601.222656 1567447902.0190
CHLD 4 706.367188 1567447902.0191
CHLD 5 695.722656 1567447902.0192
CHLD 6 677.027344 1567447902.0193
CHLD 7 712.519531 1567447902.0193
CHLD 8 601.339844 1567447902.0194
CHLD 9 601.339844 1567447902.0194
CHLD 10 601.343750 1567447902.0195
CHLD 11 601.343750 1567447902.0195
CHLD 12 10.878906 1567447902.0196
CHLD 13 10.886719 1567447902.0197
CHLD 14 10.914062 1567447902.0198
CHLD 15 10.894531 1567447902.0198
MEM 711.359375 1567447902.1339
CHLD 0 601.222656 1567447902.2626
CHLD 1 601.222656 1567447902.2626
CHLD 2 601.222656 1567447902.2627
CHLD 3 601.222656 1567447902.2627
CHLD 4 706.367188 1567447902.2628
CHLD 5 695.722656 1567447902.2628
CHLD 6 677.027344 1567447902.2629
CHLD 7 712.519531 1567447902.2629
CHLD 8 601.339844 1567447902.2630
CHLD 9 601.339844 1567447902.2631
CHLD 10 601.343750 1567447902.2631
CHLD 11 601.343750 1567447902.2632
CHLD 12 10.878906 1567447902.2632
CHLD 13 10.886719 1567447902.2633
CHLD 14 10.914062 1567447902.2633
CHLD 15 10.894531 1567447902.2634
MEM 711.359375 1567447902.3638
CHLD 0 601.222656 1567447902.4154
CHLD 1 601.222656 1567447902.4155
CHLD 2 601.222656 1567447902.4155
CHLD 3 601.222656 1567447902.4156
CHLD 4 706.367188 1567447902.4156
CHLD 5 695.722656 1567447902.4157
CHLD 6 677.027344 1567447902.4158
CHLD 7 712.519531 1567447902.4158
CHLD 8 601.339844 1567447902.4159
CHLD 9 601.339844 1567447902.4159
CHLD 10 601.343750 1567447902.4160
CHLD 11 601.343750 1567447902.4160
CHLD 12 10.878906 1567447902.4161
CHLD 13 10.886719 1567447902.4162
CHLD 14 10.914062 1567447902.4162
CHLD 15 10.894531 1567447902.4163
MEM 711.359375 1567447902.5168
CHLD 0 601.222656 1567447902.5541
CHLD 1 601.222656 1567447902.5542
CHLD 2 601.222656 1567447902.5542
CHLD 3 601.222656 1567447902.5544
CHLD 4 706.367188 1567447902.5545
CHLD 5 695.722656 1567447902.5545
CHLD 6 677.027344 1567447902.5546
CHLD 7 712.519531 1567447902.5547
CHLD 8 601.339844 1567447902.5547
CHLD 9 601.339844 1567447902.5548
CHLD 10 601.343750 1567447902.5548
CHLD 11 601.343750 1567447902.5549
CHLD 12 10.878906 1567447902.5550
CHLD 13 10.886719 1567447902.5550
CHLD 14 10.914062 1567447902.5551
CHLD 15 10.894531 1567447902.5551
MEM 711.359375 1567447902.6556
CHLD 0 601.222656 1567447902.6977
CHLD 1 601.222656 1567447902.6978
CHLD 2 601.222656 1567447902.6979
CHLD 3 601.222656 1567447902.6979
CHLD 4 706.367188 1567447902.6980
CHLD 5 695.722656 1567447902.6981
CHLD 6 677.027344 1567447902.6981
CHLD 7 712.519531 1567447902.6982
CHLD 8 601.339844 1567447902.6982
CHLD 9 601.339844 1567447902.7390
CHLD 10 601.343750 1567447902.7391
CHLD 11 601.343750 1567447902.7392
CHLD 12 10.878906 1567447902.7392
CHLD 13 10.886719 1567447902.7393
CHLD 14 10.914062 1567447902.7394
CHLD 15 10.894531 1567447902.7394
MEM 711.359375 1567447902.8403
CHLD 0 601.222656 1567447902.9566
CHLD 1 601.222656 1567447902.9566
CHLD 2 601.222656 1567447902.9567
CHLD 3 601.222656 1567447902.9568
CHLD 4 706.367188 1567447902.9568
CHLD 5 695.722656 1567447902.9569
CHLD 6 677.027344 1567447902.9569
CHLD 7 712.519531 1567447902.9570
CHLD 8 601.339844 1567447902.9570
CHLD 9 601.339844 1567447902.9571
CHLD 10 601.343750 1567447902.9571
CHLD 11 601.343750 1567447902.9572
CHLD 12 10.878906 1567447902.9572
CHLD 13 10.886719 1567447902.9573
CHLD 14 10.914062 1567447902.9573
CHLD 15 10.894531 1567447902.9574
MEM 711.359375 1567447903.0581
CHLD 0 601.222656 1567447903.0756
CHLD 1 601.222656 1567447903.0757
CHLD 2 601.222656 1567447903.0757
CHLD 3 601.222656 1567447903.0758
CHLD 4 706.367188 1567447903.0759
CHLD 5 695.722656 1567447903.0759
CHLD 6 677.027344 1567447903.0760
CHLD 7 712.519531 1567447903.0761
CHLD 8 601.339844 1567447903.0761
CHLD 9 601.339844 1567447903.0762
CHLD 10 601.343750 1567447903.0762
CHLD 11 601.343750 1567447903.0763
CHLD 12 10.878906 1567447903.0764
CHLD 13 10.886719 1567447903.0764
CHLD 14 10.914062 1567447903.0765
CHLD 15 10.894531 1567447903.0765
MEM 711.359375 1567447903.1832
CHLD 0 601.222656 1567447903.1997
CHLD 1 601.222656 1567447903.1997
CHLD 2 601.222656 1567447903.1998
CHLD 3 601.222656 1567447903.1998
CHLD 4 706.367188 1567447903.1999
CHLD 5 695.722656 1567447903.1999
CHLD 6 677.027344 1567447903.2000
CHLD 7 712.519531 1567447903.2000
CHLD 8 601.339844 1567447903.2001
CHLD 9 601.339844 1567447903.2002
CHLD 10 601.343750 1567447903.2002
CHLD 11 601.343750 1567447903.2003
CHLD 12 10.878906 1567447903.2003
CHLD 13 10.886719 1567447903.2004
CHLD 14 10.914062 1567447903.2004
CHLD 15 10.894531 1567447903.2005
MEM 711.359375 1567447903.3010
CHLD 0 601.222656 1567447903.3614
CHLD 1 601.222656 1567447903.3614
CHLD 2 601.222656 1567447903.3615
CHLD 3 601.222656 1567447903.3615
CHLD 4 706.367188 1567447903.3616
CHLD 5 695.980469 1567447903.3617
CHLD 6 677.027344 1567447903.3617
CHLD 7 712.519531 1567447903.3618
CHLD 8 601.339844 1567447903.3618
CHLD 9 601.339844 1567447903.3619
CHLD 10 601.343750 1567447903.3619
CHLD 11 601.343750 1567447903.3620
CHLD 12 10.878906 1567447903.3620
CHLD 13 10.886719 1567447903.3621
CHLD 14 10.914062 1567447903.3622
CHLD 15 10.894531 1567447903.3622
MEM 711.359375 1567447903.4636
CHLD 0 601.222656 1567447903.5540
CHLD 1 601.222656 1567447903.5540
CHLD 2 601.222656 1567447903.5541
CHLD 3 601.222656 1567447903.5541
CHLD 4 706.367188 1567447903.5542
CHLD 5 695.980469 1567447903.5543
CHLD 6 677.027344 1567447903.5544
CHLD 7 712.519531 1567447903.5544
CHLD 8 601.339844 1567447903.5545
CHLD 9 601.339844 1567447903.5545
CHLD 10 601.343750 1567447903.5546
CHLD 11 601.343750 1567447903.5547
CHLD 12 10.878906 1567447903.5547
CHLD 13 10.886719 1567447903.5548
CHLD 14 10.914062 1567447903.5548
CHLD 15 10.894531 1567447903.5549
MEM 711.359375 1567447903.6555
CHLD 0 601.222656 1567447903.7219
CHLD 1 601.222656 1567447903.7220
CHLD 2 601.222656 1567447903.7221
CHLD 3 601.222656 1567447903.7221
CHLD 4 706.367188 1567447903.7222
CHLD 5 695.980469 1567447903.7222
CHLD 6 677.027344 1567447903.7239
CHLD 7 712.519531 1567447903.7240
CHLD 8 601.339844 1567447903.7241
CHLD 9 601.339844 1567447903.7242
CHLD 10 601.343750 1567447903.7242
CHLD 11 601.343750 1567447903.7243
CHLD 12 10.878906 1567447903.7243
CHLD 13 10.886719 1567447903.7244
CHLD 14 10.914062 1567447903.7245
CHLD 15 10.894531 1567447903.7245
MEM 711.359375 1567447903.8250
CHLD 0 601.222656 1567447903.8963
CHLD 1 601.222656 1567447903.8964
CHLD 2 601.222656 1567447903.8965
CHLD 3 601.222656 1567447903.8965
CHLD 4 706.367188 1567447903.8966
CHLD 5 695.980469 1567447903.8966
CHLD 6 677.027344 1567447903.8967
CHLD 7 712.519531 1567447903.8968
CHLD 8 601.339844 1567447903.8968
CHLD 9 601.339844 1567447903.8969
CHLD 10 601.343750 1567447903.8969
CHLD 11 601.343750 1567447903.8970
CHLD 12 10.878906 1567447903.8970
CHLD 13 10.886719 1567447903.8971
CHLD 14 10.914062 1567447903.8971
CHLD 15 10.894531 1567447903.8972
MEM 711.359375 1567447903.9977
CHLD 0 601.222656 1567447904.0675
CHLD 1 601.222656 1567447904.0675
CHLD 2 601.222656 1567447904.0676
CHLD 3 601.222656 1567447904.0677
CHLD 4 706.367188 1567447904.0677
CHLD 5 695.980469 1567447904.0678
CHLD 6 677.027344 1567447904.0679
CHLD 7 712.519531 1567447904.0679
CHLD 8 601.339844 1567447904.0680
CHLD 9 601.339844 1567447904.0680
CHLD 10 601.343750 1567447904.0681
CHLD 11 601.343750 1567447904.0682
CHLD 12 10.878906 1567447904.0682
CHLD 13 10.886719 1567447904.0683
CHLD 14 10.914062 1567447904.0683
CHLD 15 10.894531 1567447904.0684
MEM 711.359375 1567447904.1688
CHLD 0 601.222656 1567447904.2064
CHLD 1 601.222656 1567447904.2064
CHLD 2 601.222656 1567447904.2065
CHLD 3 601.222656 1567447904.2065
CHLD 4 706.367188 1567447904.2066
CHLD 5 695.980469 1567447904.2067
CHLD 6 677.027344 1567447904.2067
CHLD 7 712.519531 1567447904.2068
CHLD 8 601.339844 1567447904.2069
CHLD 9 601.339844 1567447904.2069
CHLD 10 601.343750 1567447904.2070
CHLD 11 601.343750 1567447904.2070
CHLD 12 10.878906 1567447904.2071
CHLD 13 10.886719 1567447904.2072
CHLD 14 10.914062 1567447904.2072
CHLD 15 10.894531 1567447904.2073
MEM 711.359375 1567447904.3146
CHLD 0 601.222656 1567447904.3450
CHLD 1 601.222656 1567447904.3451
CHLD 2 601.222656 1567447904.3451
CHLD 3 601.222656 1567447904.3452
CHLD 4 706.367188 1567447904.3452
CHLD 5 695.980469 1567447904.3453
CHLD 6 677.027344 1567447904.3454
CHLD 7 712.519531 1567447904.3454
CHLD 8 601.339844 1567447904.3455
CHLD 9 601.339844 1567447904.3455
CHLD 10 601.343750 1567447904.3456
CHLD 11 601.343750 1567447904.3456
CHLD 12 10.878906 1567447904.3457
CHLD 13 10.886719 1567447904.3457
CHLD 14 10.914062 1567447904.3458
CHLD 15 10.894531 1567447904.3458
MEM 711.359375 1567447904.4465
CHLD 0 601.222656 1567447904.6309
CHLD 1 601.222656 1567447904.6310
CHLD 2 601.222656 1567447904.6310
CHLD 3 601.222656 1567447904.6311
CHLD 4 706.367188 1567447904.6312
CHLD 5 695.980469 1567447904.6312
CHLD 6 677.027344 1567447904.6313
CHLD 7 712.519531 1567447904.6313
CHLD 8 601.339844 1567447904.6314
CHLD 9 601.339844 1567447904.6315
CHLD 10 601.343750 1567447904.6315
CHLD 11 601.343750 1567447904.6316
CHLD 12 10.878906 1567447904.6316
CHLD 13 10.886719 1567447904.6317
CHLD 14 10.914062 1567447904.6317
CHLD 15 10.894531 1567447904.6318
MEM 711.359375 1567447904.7323
CHLD 0 601.222656 1567447904.7704
CHLD 1 601.222656 1567447904.7705
CHLD 2 601.222656 1567447904.7706
CHLD 3 601.222656 1567447904.7706
CHLD 4 706.367188 1567447904.7707
CHLD 5 695.980469 1567447904.7756
CHLD 6 677.027344 1567447904.7757
CHLD 7 712.519531 1567447904.7758
CHLD 8 601.339844 1567447904.7758
CHLD 9 601.339844 1567447904.7759
CHLD 10 601.343750 1567447904.7760
CHLD 11 601.343750 1567447904.7760
CHLD 12 10.878906 1567447904.7761
CHLD 13 10.886719 1567447904.7761
CHLD 14 10.914062 1567447904.7762
CHLD 15 10.894531 1567447904.7763
MEM 711.359375 1567447904.8772
CHLD 0 601.222656 1567447905.0298
CHLD 1 601.222656 1567447905.0299
CHLD 2 601.222656 1567447905.0300
CHLD 3 601.222656 1567447905.0300
CHLD 4 706.367188 1567447905.0301
CHLD 5 695.980469 1567447905.0301
CHLD 6 677.027344 1567447905.0384
CHLD 7 712.519531 1567447905.0385
CHLD 8 601.339844 1567447905.0385
CHLD 9 601.339844 1567447905.0386
CHLD 10 601.343750 1567447905.0387
CHLD 11 601.343750 1567447905.0387
CHLD 12 10.878906 1567447905.0388
CHLD 13 10.886719 1567447905.0388
CHLD 14 10.914062 1567447905.0389
CHLD 15 10.894531 1567447905.0390
MEM 711.359375 1567447905.1400
CHLD 0 601.222656 1567447905.2098
CHLD 1 601.222656 1567447905.2099
CHLD 2 601.222656 1567447905.2100
CHLD 3 601.222656 1567447905.2100
CHLD 4 706.367188 1567447905.2101
CHLD 5 695.980469 1567447905.2101
CHLD 6 677.027344 1567447905.2102
CHLD 7 712.519531 1567447905.2647
CHLD 8 601.339844 1567447905.2648
CHLD 9 601.339844 1567447905.2649
CHLD 10 601.343750 1567447905.2650
CHLD 11 601.343750 1567447905.2651
CHLD 12 10.878906 1567447905.2651
CHLD 13 10.886719 1567447905.2652
CHLD 14 10.914062 1567447905.2652
CHLD 15 10.894531 1567447905.2653
MEM 711.359375 1567447905.3657
CHLD 0 601.222656 1567447905.4321
CHLD 1 601.222656 1567447905.4322
CHLD 2 601.222656 1567447905.4322
CHLD 3 601.222656 1567447905.4323
CHLD 4 706.367188 1567447905.4323
CHLD 5 695.980469 1567447905.4324
CHLD 6 677.027344 1567447905.4324
CHLD 7 712.519531 1567447905.4325
CHLD 8 601.339844 1567447905.4326
CHLD 9 601.339844 1567447905.4326
CHLD 10 601.343750 1567447905.4327
CHLD 11 601.343750 1567447905.4327
CHLD 12 10.878906 1567447905.4328
CHLD 13 10.886719 1567447905.4329
CHLD 14 10.914062 1567447905.4329
CHLD 15 10.894531 1567447905.4330
MEM 711.359375 1567447905.5335
CHLD 0 601.222656 1567447905.5990
CHLD 1 601.222656 1567447905.5991
CHLD 2 601.222656 1567447905.5992
CHLD 3 601.222656 1567447905.5993
CHLD 4 706.367188 1567447905.5993
CHLD 5 695.980469 1567447905.5994
CHLD 6 677.027344 1567447905.5995
CHLD 7 712.519531 1567447905.5995
CHLD 8 601.339844 1567447905.5996
CHLD 9 601.339844 1567447905.5996
CHLD 10 601.343750 1567447905.5997
CHLD 11 601.343750 1567447905.5998
CHLD 12 10.878906 1567447905.5998
CHLD 13 10.886719 1567447905.5999
CHLD 14 10.914062 1567447905.5999
CHLD 15 10.894531 1567447905.6000
MEM 711.359375 1567447905.7005
CHLD 0 601.222656 1567447905.7674
CHLD 1 601.222656 1567447905.7675
CHLD 2 601.222656 1567447905.7675
CHLD 3 601.222656 1567447905.7676
CHLD 4 706.367188 1567447905.7676
CHLD 5 695.980469 1567447905.7677
CHLD 6 677.027344 1567447905.7678
CHLD 7 712.519531 1567447905.7678
CHLD 8 601.339844 1567447905.7679
CHLD 9 601.339844 1567447905.7680
CHLD 10 601.343750 1567447905.7680
CHLD 11 601.343750 1567447905.7681
CHLD 12 10.878906 1567447905.7681
CHLD 13 10.886719 1567447905.7682
CHLD 14 10.914062 1567447905.7683
CHLD 15 10.894531 1567447905.7683
MEM 711.359375 1567447905.8695
CHLD 0 601.222656 1567447905.9022
CHLD 1 601.222656 1567447905.9490
CHLD 2 601.222656 1567447905.9491
CHLD 3 601.222656 1567447905.9491
CHLD 4 706.367188 1567447905.9492
CHLD 5 695.980469 1567447905.9493
CHLD 6 677.027344 1567447905.9493
CHLD 7 712.519531 1567447905.9494
CHLD 8 601.339844 1567447905.9495
CHLD 9 601.339844 1567447905.9495
CHLD 10 601.343750 1567447905.9496
CHLD 11 601.343750 1567447905.9496
CHLD 12 10.878906 1567447905.9497
CHLD 13 10.886719 1567447905.9498
CHLD 14 10.914062 1567447905.9498
CHLD 15 10.894531 1567447905.9499
MEM 711.359375 1567447906.0503
CHLD 0 601.222656 1567447906.1061
CHLD 1 601.222656 1567447906.1062
CHLD 2 601.222656 1567447906.1062
CHLD 3 601.222656 1567447906.1063
CHLD 4 706.367188 1567447906.1063
CHLD 5 695.980469 1567447906.1064
CHLD 6 677.027344 1567447906.1065
CHLD 7 712.519531 1567447906.1065
CHLD 8 601.339844 1567447906.1066
CHLD 9 601.339844 1567447906.1066
CHLD 10 601.343750 1567447906.1067
CHLD 11 601.343750 1567447906.1068
CHLD 12 10.878906 1567447906.1068
CHLD 13 10.886719 1567447906.1069
CHLD 14 10.914062 1567447906.1069
CHLD 15 10.894531 1567447906.1070
MEM 711.359375 1567447906.2074
CHLD 0 601.222656 1567447906.2326
CHLD 1 601.222656 1567447906.2327
CHLD 2 601.222656 1567447906.2328
CHLD 3 601.222656 1567447906.2394
CHLD 4 706.367188 1567447906.2396
CHLD 5 695.980469 1567447906.2396
CHLD 6 677.027344 1567447906.2397
CHLD 7 712.519531 1567447906.2398
CHLD 8 601.339844 1567447906.2398
CHLD 9 601.339844 1567447906.2399
CHLD 10 601.343750 1567447906.2399
CHLD 11 601.343750 1567447906.2400
CHLD 12 10.878906 1567447906.2401
CHLD 13 10.886719 1567447906.2401
CHLD 14 10.914062 1567447906.2402
CHLD 15 10.894531 1567447906.2465
MEM 711.359375 1567447906.3469
CHLD 0 601.222656 1567447906.4140
CHLD 1 601.222656 1567447906.4141
CHLD 2 601.222656 1567447906.4142
CHLD 3 601.222656 1567447906.4142
CHLD 4 706.367188 1567447906.4143
CHLD 5 695.980469 1567447906.4143
CHLD 6 677.027344 1567447906.4144
CHLD 7 712.519531 1567447906.4145
CHLD 8 601.339844 1567447906.4145
CHLD 9 601.339844 1567447906.4146
CHLD 10 601.343750 1567447906.4146
CHLD 11 601.343750 1567447906.4147
CHLD 12 10.878906 1567447906.4147
CHLD 13 10.886719 1567447906.4148
CHLD 14 10.914062 1567447906.4148
CHLD 15 10.894531 1567447906.4149
MEM 711.359375 1567447906.5162
CHLD 0 601.222656 1567447906.5669
CHLD 1 601.222656 1567447906.5670
CHLD 2 601.222656 1567447906.5671
CHLD 3 601.222656 1567447906.5671
CHLD 4 706.367188 1567447906.5672
CHLD 5 695.980469 1567447906.5672
CHLD 6 677.027344 1567447906.5673
CHLD 7 712.519531 1567447906.5674
CHLD 8 601.339844 1567447906.5674
CHLD 9 601.339844 1567447906.5675
CHLD 10 601.343750 1567447906.5675
CHLD 11 601.343750 1567447906.5676
CHLD 12 10.878906 1567447906.5677
CHLD 13 10.886719 1567447906.5677
CHLD 14 10.914062 1567447906.5678
CHLD 15 10.894531 1567447906.5678
MEM 711.359375 1567447906.6683
CHLD 0 601.222656 1567447906.6850
CHLD 1 601.222656 1567447906.6850
CHLD 2 601.222656 1567447906.6851
CHLD 3 601.222656 1567447906.6852
CHLD 4 706.367188 1567447906.6852
CHLD 5 695.980469 1567447906.6853
CHLD 6 677.027344 1567447906.6853
CHLD 7 712.519531 1567447906.6854
CHLD 8 601.339844 1567447906.6854
CHLD 9 601.339844 1567447906.6855
CHLD 10 601.343750 1567447906.6855
CHLD 11 601.343750 1567447906.6856
CHLD 12 10.878906 1567447906.6857
CHLD 13 10.886719 1567447906.6857
CHLD 14 10.914062 1567447906.6858
CHLD 15 10.894531 1567447906.6858
MEM 711.359375 1567447906.7889
CHLD 0 601.222656 1567447906.8380
CHLD 1 601.222656 1567447906.8381
CHLD 2 601.222656 1567447906.8382
CHLD 3 601.222656 1567447906.8382
CHLD 4 706.367188 1567447906.9050
CHLD 5 695.980469 1567447906.9052
CHLD 6 677.027344 1567447906.9052
CHLD 7 712.519531 1567447906.9053
CHLD 8 601.339844 1567447906.9054
CHLD 9 601.339844 1567447906.9054
CHLD 10 601.343750 1567447906.9055
CHLD 11 601.343750 1567447906.9055
CHLD 12 10.878906 1567447906.9056
CHLD 13 10.886719 1567447906.9057
CHLD 14 10.914062 1567447906.9144
CHLD 15 10.894531 1567447906.9145
MEM 711.359375 1567447907.0168
CHLD 0 601.222656 1567447907.0527
CHLD 1 601.222656 1567447907.0603
CHLD 2 601.222656 1567447907.0604
CHLD 3 601.222656 1567447907.0605
CHLD 4 706.367188 1567447907.0606
CHLD 5 695.980469 1567447907.0606
CHLD 6 677.027344 1567447907.0607
CHLD 7 712.519531 1567447907.0607
CHLD 8 601.339844 1567447907.0608
CHLD 9 601.339844 1567447907.0608
CHLD 10 601.343750 1567447907.0609
CHLD 11 601.343750 1567447907.0609
CHLD 12 10.878906 1567447907.0610
CHLD 13 10.886719 1567447907.0611
CHLD 14 10.914062 1567447907.0611
CHLD 15 10.894531 1567447907.0612
MEM 711.359375 1567447907.1616
CHLD 0 601.222656 1567447907.1983
CHLD 1 601.222656 1567447907.1984
CHLD 2 601.222656 1567447907.1985
CHLD 3 601.222656 1567447907.1985
CHLD 4 706.367188 1567447907.1986
CHLD 5 695.980469 1567447907.1986
CHLD 6 677.027344 1567447907.1987
CHLD 7 712.519531 1567447907.1988
CHLD 8 601.339844 1567447907.1988
CHLD 9 601.339844 1567447907.1989
CHLD 10 601.343750 1567447907.1989
CHLD 11 601.343750 1567447907.1990
CHLD 12 10.878906 1567447907.1990
CHLD 13 10.886719 1567447907.1991
CHLD 14 10.914062 1567447907.1991
CHLD 15 10.894531 1567447907.1992
MEM 711.359375 1567447907.2996
CHLD 0 601.222656 1567447907.3644
CHLD 1 601.222656 1567447907.3644
CHLD 2 601.222656 1567447907.3645
CHLD 3 601.222656 1567447907.3697
CHLD 4 706.367188 1567447907.3698
CHLD 5 695.980469 1567447907.3699
CHLD 6 677.027344 1567447907.3699
CHLD 7 712.519531 1567447907.3700
CHLD 8 601.339844 1567447907.3700
CHLD 9 601.339844 1567447907.3701
CHLD 10 601.343750 1567447907.3702
CHLD 11 601.343750 1567447907.3702
CHLD 12 10.878906 1567447907.3703
CHLD 13 10.886719 1567447907.3704
CHLD 14 10.914062 1567447907.3704
CHLD 15 10.894531 1567447907.3705
MEM 711.359375 1567447907.4709
CHLD 0 601.222656 1567447907.5118
CHLD 1 601.222656 1567447907.5118
CHLD 2 601.222656 1567447907.5119
CHLD 3 601.222656 1567447907.5120
CHLD 4 706.367188 1567447907.5120
CHLD 5 695.980469 1567447907.5121
CHLD 6 677.027344 1567447907.5122
CHLD 7 712.519531 1567447907.5122
CHLD 8 601.339844 1567447907.5123
CHLD 9 601.339844 1567447907.5123
CHLD 10 601.343750 1567447907.5124
CHLD 11 601.343750 1567447907.5124
CHLD 12 10.878906 1567447907.5125
CHLD 13 10.886719 1567447907.5126
CHLD 14 10.914062 1567447907.5126
CHLD 15 10.894531 1567447907.5127
MEM 711.359375 1567447907.6131
CHLD 0 601.222656 1567447907.6636
CHLD 1 601.222656 1567447907.6636
CHLD 2 601.222656 1567447907.6637
CHLD 3 601.222656 1567447907.6637
CHLD 4 706.367188 1567447907.6638
CHLD 5 695.980469 1567447907.6638
CHLD 6 677.027344 1567447907.6639
CHLD 7 712.519531 1567447907.6640
CHLD 8 601.339844 1567447907.6640
CHLD 9 601.339844 1567447907.6641
CHLD 10 601.343750 1567447907.6641
CHLD 11 601.343750 1567447907.6642
CHLD 12 10.878906 1567447907.6642
CHLD 13 10.886719 1567447907.6643
CHLD 14 10.914062 1567447907.6643
CHLD 15 10.894531 1567447907.6644
MEM 711.359375 1567447907.7650
CHLD 0 601.222656 1567447907.8408
CHLD 1 601.222656 1567447907.8409
CHLD 2 601.222656 1567447907.8409
CHLD 3 601.222656 1567447907.8410
CHLD 4 706.367188 1567447907.8411
CHLD 5 697.816406 1567447907.8411
CHLD 6 677.027344 1567447907.8412
CHLD 7 712.519531 1567447907.8504
CHLD 8 601.339844 1567447907.8505
CHLD 9 601.339844 1567447907.8505
CHLD 10 601.343750 1567447907.8506
CHLD 11 601.343750 1567447907.8506
CHLD 12 10.878906 1567447907.8507
CHLD 13 10.886719 1567447907.8508
CHLD 14 10.914062 1567447907.8508
CHLD 15 10.894531 1567447907.8509
MEM 711.359375 1567447907.9513
CHLD 0 601.222656 1567447907.9803
CHLD 1 601.222656 1567447907.9803
CHLD 2 601.222656 1567447907.9804
CHLD 3 601.222656 1567447907.9805
CHLD 4 706.367188 1567447907.9805
CHLD 5 697.816406 1567447907.9806
CHLD 6 677.027344 1567447907.9806
CHLD 7 712.519531 1567447907.9807
CHLD 8 601.339844 1567447907.9807
CHLD 9 601.339844 1567447907.9808
CHLD 10 601.343750 1567447907.9808
CHLD 11 601.343750 1567447907.9809
CHLD 12 10.878906 1567447907.9809
CHLD 13 10.886719 1567447907.9810
CHLD 14 10.914062 1567447907.9810
CHLD 15 10.894531 1567447907.9811
MEM 711.359375 1567447908.0817
CHLD 0 601.222656 1567447908.1301
CHLD 1 601.222656 1567447908.1302
CHLD 2 601.222656 1567447908.1302
CHLD 3 601.222656 1567447908.1303
CHLD 4 706.367188 1567447908.1304
CHLD 5 698.066406 1567447908.1304
CHLD 6 677.027344 1567447908.1305
CHLD 7 712.519531 1567447908.1373
CHLD 8 601.339844 1567447908.1504
CHLD 9 601.339844 1567447908.1505
CHLD 10 601.343750 1567447908.1505
CHLD 11 601.343750 1567447908.1506
CHLD 12 10.878906 1567447908.1507
CHLD 13 10.886719 1567447908.1507
CHLD 14 10.914062 1567447908.1508
CHLD 15 10.894531 1567447908.1509
MEM 711.359375 1567447908.2513
CHLD 0 601.222656 1567447908.2776
CHLD 1 601.222656 1567447908.2777
CHLD 2 601.222656 1567447908.2777
CHLD 3 601.222656 1567447908.2778
CHLD 4 706.367188 1567447908.2778
CHLD 5 698.324219 1567447908.2779
CHLD 6 677.027344 1567447908.2779
CHLD 7 712.519531 1567447908.2780
CHLD 8 601.339844 1567447908.2780
CHLD 9 601.339844 1567447908.2781
CHLD 10 601.343750 1567447908.2781
CHLD 11 601.343750 1567447908.2782
CHLD 12 10.878906 1567447908.2782
CHLD 13 10.886719 1567447908.3038
CHLD 14 10.914062 1567447908.3039
CHLD 15 10.894531 1567447908.3040
MEM 711.359375 1567447908.4044
CHLD 0 601.222656 1567447908.4219
CHLD 1 601.222656 1567447908.4219
CHLD 2 601.222656 1567447908.4220
CHLD 3 601.222656 1567447908.4221
CHLD 4 706.367188 1567447908.4221
CHLD 5 698.574219 1567447908.4222
CHLD 6 679.386719 1567447908.4224
CHLD 7 712.519531 1567447908.4225
CHLD 8 601.546875 1567447908.4226
CHLD 9 601.339844 1567447908.4227
CHLD 10 601.542969 1567447908.4227
CHLD 11 601.582031 1567447908.4228
CHLD 12 10.878906 1567447908.4229
CHLD 13 10.886719 1567447908.4230
CHLD 14 10.914062 1567447908.4231
CHLD 15 10.894531 1567447908.4231
MEM 711.359375 1567447908.5236
CHLD 0 601.222656 1567447908.5394
CHLD 1 601.222656 1567447908.5395
CHLD 2 601.222656 1567447908.5395
CHLD 3 601.222656 1567447908.5396
CHLD 4 706.367188 1567447908.5396
CHLD 5 698.574219 1567447908.5397
CHLD 6 0.000000 1567447908.5397
CHLD 7 712.519531 1567447908.5398
CHLD 8 0.000000 1567447908.5399
CHLD 9 0.000000 1567447908.5399
CHLD 10 0.000000 1567447908.5400
CHLD 11 605.535156 1567447908.5400
CHLD 12 10.878906 1567447908.5401
CHLD 13 10.914062 1567447908.5402
CHLD 14 10.894531 1567447908.5402
MEM 711.359375 1567447908.6406
CHLD 0 601.222656 1567447908.6644
CHLD 1 601.222656 1567447908.6645
CHLD 2 601.222656 1567447908.6645
CHLD 3 601.222656 1567447908.6646
CHLD 4 706.367188 1567447908.6647
CHLD 5 699.035156 1567447908.6647
CHLD 6 0.000000 1567447908.6648
CHLD 7 712.519531 1567447908.6648
CHLD 8 0.000000 1567447908.6649
CHLD 9 0.000000 1567447908.6649
CHLD 10 0.000000 1567447908.6650
CHLD 11 609.296875 1567447908.6651
CHLD 12 7.609375 1567447908.6651
CHLD 13 10.878906 1567447908.6652
CHLD 14 10.914062 1567447908.6653
CHLD 15 10.894531 1567447908.6653
MEM 711.359375 1567447908.7659
CHLD 0 601.222656 1567447908.7866
CHLD 1 601.222656 1567447908.7866
CHLD 2 601.222656 1567447908.7867
CHLD 3 601.222656 1567447908.7868
CHLD 4 707.769531 1567447908.7868
CHLD 5 699.292969 1567447908.7869
CHLD 6 0.000000 1567447908.7869
CHLD 7 712.519531 1567447908.7870
CHLD 8 0.000000 1567447908.7870
CHLD 9 0.000000 1567447908.7871
CHLD 10 0.000000 1567447908.7872
CHLD 11 615.011719 1567447908.7872
CHLD 12 10.933594 1567447908.7873
CHLD 13 10.878906 1567447908.7873
CHLD 14 10.914062 1567447908.7874
CHLD 15 10.894531 1567447908.7874
MEM 711.359375 1567447908.8891
CHLD 0 601.222656 1567447908.9094
CHLD 1 601.222656 1567447908.9094
CHLD 2 601.222656 1567447908.9095
CHLD 3 601.222656 1567447908.9095
CHLD 4 707.769531 1567447908.9096
CHLD 5 699.800781 1567447908.9097
CHLD 6 0.000000 1567447908.9097
CHLD 7 712.519531 1567447908.9098
CHLD 8 0.000000 1567447908.9098
CHLD 9 0.000000 1567447908.9099
CHLD 10 0.000000 1567447908.9099
CHLD 11 618.417969 1567447908.9100
CHLD 12 10.933594 1567447908.9100
CHLD 13 10.878906 1567447908.9101
CHLD 14 10.914062 1567447908.9101
CHLD 15 10.894531 1567447908.9102
MEM 711.359375 1567447909.0109
CHLD 0 601.222656 1567447909.0365
CHLD 1 601.222656 1567447909.0366
CHLD 2 601.222656 1567447909.0366
CHLD 3 601.222656 1567447909.0367
CHLD 4 708.457031 1567447909.0368
CHLD 5 700.574219 1567447909.0368
CHLD 6 0.000000 1567447909.0369
CHLD 7 713.859375 1567447909.0369
CHLD 8 0.000000 1567447909.0370
CHLD 9 0.000000 1567447909.0370
CHLD 10 0.000000 1567447909.0371
CHLD 11 621.625000 1567447909.0372
CHLD 12 10.933594 1567447909.0372
CHLD 13 10.878906 1567447909.0373
CHLD 14 10.914062 1567447909.0373
CHLD 15 10.894531 1567447909.0374
MEM 711.359375 1567447909.1378
CHLD 0 601.222656 1567447909.1604
CHLD 1 601.222656 1567447909.1605
CHLD 2 601.222656 1567447909.1605
CHLD 3 601.222656 1567447909.1606
CHLD 4 709.160156 1567447909.1607
CHLD 5 700.574219 1567447909.1607
CHLD 6 0.000000 1567447909.1608
CHLD 7 714.117188 1567447909.1608
CHLD 8 0.000000 1567447909.1609
CHLD 9 0.000000 1567447909.1610
CHLD 10 0.000000 1567447909.1610
CHLD 11 625.074219 1567447909.1611
CHLD 12 10.933594 1567447909.1611
CHLD 13 10.878906 1567447909.1612
CHLD 14 10.914062 1567447909.1613
CHLD 15 10.894531 1567447909.1613
MEM 711.359375 1567447909.2617
CHLD 0 601.222656 1567447909.3062
CHLD 1 601.222656 1567447909.3063
CHLD 2 601.222656 1567447909.3063
CHLD 3 601.222656 1567447909.3064
CHLD 4 709.417969 1567447909.3065
CHLD 5 701.441406 1567447909.3065
CHLD 6 0.000000 1567447909.3066
CHLD 7 714.855469 1567447909.3067
CHLD 8 0.000000 1567447909.3067
CHLD 9 0.000000 1567447909.3068
CHLD 10 0.000000 1567447909.3069
CHLD 11 635.328125 1567447909.3069
CHLD 12 10.933594 1567447909.3070
CHLD 13 10.878906 1567447909.3070
CHLD 14 10.914062 1567447909.3071
CHLD 15 10.894531 1567447909.3072
MEM 711.359375 1567447909.4076
CHLD 0 601.222656 1567447909.4365
CHLD 1 601.222656 1567447909.4366
CHLD 2 601.222656 1567447909.4367
CHLD 3 601.222656 1567447909.4367
CHLD 4 709.675781 1567447909.4368
CHLD 5 701.441406 1567447909.4369
CHLD 6 0.000000 1567447909.4369
CHLD 7 715.351562 1567447909.4370
CHLD 8 0.000000 1567447909.4370
CHLD 9 0.000000 1567447909.4371
CHLD 10 0.000000 1567447909.4372
CHLD 11 635.519531 1567447909.4372
CHLD 12 10.933594 1567447909.4373
CHLD 13 10.878906 1567447909.4373
CHLD 14 10.914062 1567447909.4374
CHLD 15 10.894531 1567447909.4374
MEM 711.359375 1567447909.5379
CHLD 0 601.222656 1567447909.5537
CHLD 1 601.222656 1567447909.5538
CHLD 2 601.222656 1567447909.5538
CHLD 3 601.222656 1567447909.5539
CHLD 4 710.156250 1567447909.5539
CHLD 5 701.441406 1567447909.5540
CHLD 6 0.000000 1567447909.5541
CHLD 7 716.113281 1567447909.5541
CHLD 8 0.000000 1567447909.5542
CHLD 9 0.000000 1567447909.5542
CHLD 10 0.000000 1567447909.5624
CHLD 11 636.105469 1567447909.5625
CHLD 12 10.933594 1567447909.5625
CHLD 13 10.878906 1567447909.5626
CHLD 14 10.914062 1567447909.5627
CHLD 15 10.894531 1567447909.5627
MEM 711.359375 1567447909.6631
CHLD 0 601.222656 1567447909.6788
CHLD 1 601.222656 1567447909.6789
CHLD 2 601.222656 1567447909.6790
CHLD 3 601.222656 1567447909.6790
CHLD 4 710.906250 1567447909.6791
CHLD 5 701.441406 1567447909.6791
CHLD 6 0.000000 1567447909.6792
CHLD 7 716.351562 1567447909.6793
CHLD 8 0.000000 1567447909.6793
CHLD 9 0.000000 1567447909.6794
CHLD 10 0.000000 1567447909.6794
CHLD 11 638.582031 1567447909.6795
CHLD 12 10.933594 1567447909.6795
CHLD 13 10.878906 1567447909.6796
CHLD 14 10.914062 1567447909.6797
CHLD 15 10.894531 1567447909.6798
MEM 711.359375 1567447909.7802
CHLD 0 601.222656 1567447909.8008
CHLD 1 601.222656 1567447909.8008
CHLD 2 601.222656 1567447909.8009
CHLD 3 601.222656 1567447909.8010
CHLD 4 711.671875 1567447909.8010
CHLD 5 701.441406 1567447909.8011
CHLD 6 0.000000 1567447909.8011
CHLD 7 717.121094 1567447909.8012
CHLD 8 0.000000 1567447909.8012
CHLD 9 0.000000 1567447909.8013
CHLD 10 0.000000 1567447909.8013
CHLD 11 641.433594 1567447909.8014
CHLD 12 10.933594 1567447909.8014
CHLD 13 10.878906 1567447909.8015
CHLD 14 10.914062 1567447909.8015
CHLD 15 10.894531 1567447909.8016
MEM 711.359375 1567447909.9072
CHLD 0 601.222656 1567447909.9233
CHLD 1 601.222656 1567447909.9234
CHLD 2 601.222656 1567447909.9234
CHLD 3 601.222656 1567447909.9235
CHLD 4 712.445312 1567447909.9235
CHLD 5 701.441406 1567447909.9236
CHLD 6 0.000000 1567447909.9237
CHLD 7 717.121094 1567447909.9237
CHLD 8 0.000000 1567447909.9238
CHLD 9 0.000000 1567447909.9238
CHLD 10 0.000000 1567447909.9239
CHLD 11 641.945312 1567447909.9239
CHLD 12 10.933594 1567447909.9240
CHLD 13 10.878906 1567447909.9241
CHLD 14 10.914062 1567447909.9241
CHLD 15 10.894531 1567447909.9242
MEM 711.359375 1567447910.0292
CHLD 0 601.222656 1567447910.0511
CHLD 1 601.222656 1567447910.0511
CHLD 2 601.222656 1567447910.0512
CHLD 3 601.222656 1567447910.0512
CHLD 4 714.507812 1567447910.0513
CHLD 5 701.441406 1567447910.0514
CHLD 6 0.000000 1567447910.0514
CHLD 7 718.148438 1567447910.0515
CHLD 8 0.000000 1567447910.0515
CHLD 9 0.000000 1567447910.0516
CHLD 10 0.000000 1567447910.0517
CHLD 11 642.289062 1567447910.0517
CHLD 12 10.933594 1567447910.0518
CHLD 13 10.878906 1567447910.0518
CHLD 14 10.914062 1567447910.0519
CHLD 15 10.894531 1567447910.0519
MEM 711.359375 1567447910.1524
CHLD 0 601.222656 1567447910.1733
CHLD 1 601.222656 1567447910.1734
CHLD 2 601.222656 1567447910.1734
CHLD 3 601.222656 1567447910.1735
CHLD 4 714.765625 1567447910.1735
CHLD 5 701.441406 1567447910.1736
CHLD 6 0.000000 1567447910.1737
CHLD 7 718.664062 1567447910.1737
CHLD 8 0.000000 1567447910.1738
CHLD 9 0.000000 1567447910.1738
CHLD 10 0.000000 1567447910.1739
CHLD 11 642.765625 1567447910.1739
CHLD 12 10.933594 1567447910.1740
CHLD 13 10.878906 1567447910.1741
CHLD 14 10.914062 1567447910.1741
CHLD 15 10.894531 1567447910.1742
MEM 711.359375 1567447910.2746
CHLD 0 601.222656 1567447910.2953
CHLD 1 601.222656 1567447910.2954
CHLD 2 601.222656 1567447910.2955
CHLD 3 601.222656 1567447910.2955
CHLD 4 716.570312 1567447910.2956
CHLD 5 701.441406 1567447910.2957
CHLD 6 0.000000 1567447910.2957
CHLD 7 718.664062 1567447910.2958
CHLD 8 0.000000 1567447910.2958
CHLD 9 0.000000 1567447910.2959
CHLD 10 0.000000 1567447910.2959
CHLD 11 643.332031 1567447910.2960
CHLD 12 10.933594 1567447910.2961
CHLD 13 10.878906 1567447910.2961
CHLD 14 10.914062 1567447910.2962
CHLD 15 10.894531 1567447910.2962
MEM 711.359375 1567447910.3967
CHLD 0 601.222656 1567447910.4123
CHLD 1 601.222656 1567447910.4124
CHLD 2 601.222656 1567447910.4124
CHLD 3 601.222656 1567447910.4125
CHLD 4 716.570312 1567447910.4125
CHLD 5 701.441406 1567447910.4126
CHLD 6 0.000000 1567447910.4126
CHLD 7 718.664062 1567447910.4127
CHLD 8 0.000000 1567447910.4128
CHLD 9 0.000000 1567447910.4128
CHLD 10 0.000000 1567447910.4129
CHLD 11 643.652344 1567447910.4129
CHLD 12 10.933594 1567447910.4130
CHLD 13 10.878906 1567447910.4131
CHLD 14 10.914062 1567447910.4131
CHLD 15 10.894531 1567447910.4132
MEM 711.359375 1567447910.5136
CHLD 0 601.222656 1567447910.5446
CHLD 1 601.222656 1567447910.5447
CHLD 2 601.222656 1567447910.5447
CHLD 3 601.222656 1567447910.5447
CHLD 4 716.570312 1567447910.5448
CHLD 5 701.441406 1567447910.5448
CHLD 6 0.000000 1567447910.5449
CHLD 7 718.664062 1567447910.5449
CHLD 8 0.000000 1567447910.5449
CHLD 9 0.000000 1567447910.5450
CHLD 10 0.000000 1567447910.5450
CHLD 11 644.261719 1567447910.5450
CHLD 12 10.933594 1567447910.5451
CHLD 13 10.878906 1567447910.5451
CHLD 14 10.914062 1567447910.5451
CHLD 15 10.894531 1567447910.5452
MEM 711.359375 1567447910.6456
CHLD 0 601.222656 1567447910.6678
CHLD 1 601.222656 1567447910.6679
CHLD 2 601.222656 1567447910.6679
CHLD 3 601.222656 1567447910.6680
CHLD 4 716.570312 1567447910.6680
CHLD 5 701.441406 1567447910.6681
CHLD 6 0.000000 1567447910.6681
CHLD 7 718.664062 1567447910.6682
CHLD 8 0.000000 1567447910.6682
CHLD 9 0.000000 1567447910.6683
CHLD 10 0.000000 1567447910.6683
CHLD 11 644.769531 1567447910.6684
CHLD 12 10.933594 1567447910.6685
CHLD 13 10.878906 1567447910.6685
CHLD 14 10.914062 1567447910.6686
CHLD 15 10.894531 1567447910.6686
MEM 711.359375 1567447910.7698
CHLD 0 601.222656 1567447910.7966
CHLD 1 601.222656 1567447910.7967
CHLD 2 601.222656 1567447910.7967
CHLD 3 601.222656 1567447910.7968
CHLD 4 716.570312 1567447910.7969
CHLD 5 701.441406 1567447910.7969
CHLD 6 0.000000 1567447910.7970
CHLD 7 718.664062 1567447910.7970
CHLD 8 0.000000 1567447910.7971
CHLD 9 0.000000 1567447910.7972
CHLD 10 0.000000 1567447910.7972
CHLD 11 645.140625 1567447910.7973
CHLD 12 10.933594 1567447910.7973
CHLD 13 10.878906 1567447910.7974
CHLD 14 10.914062 1567447910.8065
CHLD 15 10.894531 1567447910.8065
MEM 711.359375 1567447910.9071
CHLD 0 601.222656 1567447910.9324
CHLD 1 601.222656 1567447910.9324
CHLD 2 601.222656 1567447910.9325
CHLD 3 601.222656 1567447910.9325
CHLD 4 716.570312 1567447910.9326
CHLD 5 701.441406 1567447910.9326
CHLD 6 0.000000 1567447910.9327
CHLD 7 718.664062 1567447910.9328
CHLD 8 0.000000 1567447910.9328
CHLD 9 0.000000 1567447910.9329
CHLD 10 0.000000 1567447910.9329
CHLD 11 645.687500 1567447910.9330
CHLD 12 10.933594 1567447910.9331
CHLD 13 10.878906 1567447910.9331
CHLD 14 10.914062 1567447910.9332
CHLD 15 10.894531 1567447910.9332
MEM 711.359375 1567447911.0337
CHLD 0 601.222656 1567447911.0597
CHLD 1 601.222656 1567447911.0598
CHLD 2 601.222656 1567447911.0599
CHLD 3 601.222656 1567447911.0599
CHLD 4 716.570312 1567447911.0600
CHLD 5 701.441406 1567447911.0601
CHLD 6 0.000000 1567447911.0601
CHLD 7 718.664062 1567447911.0602
CHLD 8 0.000000 1567447911.0602
CHLD 9 0.000000 1567447911.0603
CHLD 10 0.000000 1567447911.0604
CHLD 11 646.238281 1567447911.0604
CHLD 12 10.933594 1567447911.0605
CHLD 13 10.878906 1567447911.0605
CHLD 14 10.914062 1567447911.0606
CHLD 15 10.894531 1567447911.0607
MEM 711.359375 1567447911.1611
CHLD 0 601.222656 1567447911.2141
CHLD 1 601.222656 1567447911.2142
CHLD 2 601.222656 1567447911.2142
CHLD 3 601.222656 1567447911.2143
CHLD 4 716.570312 1567447911.2144
CHLD 5 701.441406 1567447911.2144
CHLD 6 0.000000 1567447911.2145
CHLD 7 718.664062 1567447911.2154
CHLD 8 0.000000 1567447911.2155
CHLD 9 0.000000 1567447911.2156
CHLD 10 0.000000 1567447911.2157
CHLD 11 654.281250 1567447911.2157
CHLD 12 10.933594 1567447911.2158
CHLD 13 10.878906 1567447911.2159
CHLD 14 10.914062 1567447911.2159
CHLD 15 10.894531 1567447911.2160
MEM 711.359375 1567447911.3165
CHLD 0 601.222656 1567447911.3473
CHLD 1 601.222656 1567447911.3497
CHLD 2 601.222656 1567447911.3512
CHLD 3 601.222656 1567447911.3513
CHLD 4 716.570312 1567447911.3513
CHLD 5 701.441406 1567447911.3514
CHLD 6 0.000000 1567447911.3514
CHLD 7 718.664062 1567447911.3515
CHLD 8 0.000000 1567447911.3515
CHLD 9 0.000000 1567447911.3516
CHLD 10 0.000000 1567447911.3516
CHLD 11 657.007812 1567447911.3517
CHLD 12 10.933594 1567447911.3518
CHLD 13 10.878906 1567447911.3518
CHLD 14 10.914062 1567447911.3519
CHLD 15 10.894531 1567447911.3519
MEM 711.359375 1567447911.4523
CHLD 0 601.222656 1567447911.4819
CHLD 1 601.222656 1567447911.4819
CHLD 2 601.222656 1567447911.4820
CHLD 3 601.222656 1567447911.4820
CHLD 4 716.570312 1567447911.4821
CHLD 5 701.441406 1567447911.4822
CHLD 6 0.000000 1567447911.4822
CHLD 7 718.664062 1567447911.5268
CHLD 8 0.000000 1567447911.5269
CHLD 9 0.000000 1567447911.5270
CHLD 10 0.000000 1567447911.5271
CHLD 11 665.164062 1567447911.5271
CHLD 12 10.933594 1567447911.5272
CHLD 13 10.878906 1567447911.5272
CHLD 14 10.914062 1567447911.5273
CHLD 15 10.894531 1567447911.5274
MEM 711.359375 1567447911.6278
CHLD 0 601.222656 1567447911.6926
CHLD 1 601.222656 1567447911.6927
CHLD 2 601.222656 1567447911.6928
CHLD 3 601.222656 1567447911.6928
CHLD 4 716.570312 1567447911.6929
CHLD 5 701.441406 1567447911.6940
CHLD 6 0.000000 1567447911.6941
CHLD 7 718.664062 1567447911.6941
CHLD 8 0.000000 1567447911.6942
CHLD 9 0.000000 1567447911.6942
CHLD 10 0.000000 1567447911.6946
CHLD 11 665.476562 1567447911.6946
CHLD 12 10.933594 1567447911.6947
CHLD 13 10.878906 1567447911.6947
CHLD 14 10.914062 1567447911.6948
CHLD 15 10.894531 1567447911.6948
MEM 711.359375 1567447911.7960
CHLD 0 601.222656 1567447911.8403
CHLD 1 601.222656 1567447911.8403
CHLD 2 601.222656 1567447911.8404
CHLD 3 601.222656 1567447911.8405
CHLD 4 716.570312 1567447911.8405
CHLD 5 701.441406 1567447911.8406
CHLD 6 0.000000 1567447911.8406
CHLD 7 718.664062 1567447911.8407
CHLD 8 0.000000 1567447911.8408
CHLD 9 0.000000 1567447911.8408
CHLD 10 0.000000 1567447911.8409
CHLD 11 668.292969 1567447911.8409
CHLD 12 10.933594 1567447911.8437
CHLD 13 10.878906 1567447911.8438
CHLD 14 10.914062 1567447911.8453
CHLD 15 10.894531 1567447911.8454
MEM 711.359375 1567447911.9462
CHLD 0 601.222656 1567447911.9949
CHLD 1 601.222656 1567447911.9950
CHLD 2 601.222656 1567447911.9951
CHLD 3 601.222656 1567447911.9951
CHLD 4 716.570312 1567447911.9952
CHLD 5 701.441406 1567447911.9953
CHLD 6 0.000000 1567447911.9953
CHLD 7 718.664062 1567447911.9954
CHLD 8 0.000000 1567447911.9955
CHLD 9 0.000000 1567447911.9955
CHLD 10 0.000000 1567447911.9956
CHLD 11 668.292969 1567447911.9956
CHLD 12 10.933594 1567447911.9957
CHLD 13 10.878906 1567447911.9957
CHLD 14 10.914062 1567447911.9958
CHLD 15 10.894531 1567447911.9958
MEM 711.359375 1567447912.0963
CHLD 0 601.222656 1567447912.1285
CHLD 1 601.222656 1567447912.1285
CHLD 2 601.222656 1567447912.1286
CHLD 3 601.222656 1567447912.1286
