CMDLINE /home/dn16382/anaconda3/bin/python mnist_example.py
MEM 1.960938 1567445248.2017
MEM 18.148438 1567445248.3166
MEM 35.070312 1567445248.4328
MEM 43.046875 1567445248.5467
MEM 64.414062 1567445248.6600
MEM 73.628906 1567445248.7729
MEM 82.093750 1567445248.8865
MEM 126.359375 1567445249.0001
MEM 162.703125 1567445249.1120
MEM 163.738281 1567445249.2255
MEM 171.226562 1567445249.3393
MEM 179.582031 1567445249.4529
MEM 184.863281 1567445249.5612
MEM 192.339844 1567445249.6694
MEM 204.902344 1567445249.7777
MEM 213.472656 1567445249.8858
MEM 216.988281 1567445249.9952
MEM 229.070312 1567445250.1034
MEM 235.394531 1567445250.2116
MEM 251.289062 1567445250.3256
MEM 254.167969 1567445250.4340
MEM 261.683594 1567445250.5423
MEM 265.968750 1567445250.6504
MEM 281.105469 1567445250.7587
MEM 297.605469 1567445250.8668
MEM 350.972656 1567445250.9751
MEM 320.160156 1567445251.0836
MEM 366.949219 1567445251.1918
MEM 520.605469 1567445251.3002
MEM 685.089844 1567445251.4086
MEM 679.226562 1567445251.5170
MEM 663.890625 1567445251.6266
MEM 710.464844 1567445251.7349
CHLD 0 601.066406 1567445251.7462
CHLD 1 601.074219 1567445251.7462
CHLD 2 601.074219 1567445251.7463
CHLD 3 601.074219 1567445251.7464
CHLD 4 604.917969 1567445251.7464
MEM 710.472656 1567445251.8470
CHLD 0 601.066406 1567445251.8643
CHLD 1 601.074219 1567445251.8644
CHLD 2 601.074219 1567445251.8645
CHLD 3 601.074219 1567445251.8645
CHLD 4 608.835938 1567445251.8646
CHLD 5 607.687500 1567445251.8646
CHLD 6 605.222656 1567445251.8647
CHLD 7 605.062500 1567445251.8648
CHLD 8 604.921875 1567445251.8648
CHLD 9 604.832031 1567445251.8649
CHLD 10 604.617188 1567445251.8649
CHLD 11 7.140625 1567445251.8650
CHLD 12 8.175781 1567445251.8651
MEM 710.484375 1567445251.9654
CHLD 0 601.066406 1567445251.9971
CHLD 1 601.074219 1567445251.9971
CHLD 2 601.074219 1567445251.9972
CHLD 3 601.074219 1567445251.9972
CHLD 4 612.148438 1567445251.9973
CHLD 5 611.230469 1567445251.9974
CHLD 6 607.683594 1567445251.9974
CHLD 7 607.273438 1567445251.9975
CHLD 8 605.449219 1567445251.9975
CHLD 9 605.644531 1567445251.9976
CHLD 10 605.289062 1567445251.9977
CHLD 11 605.070312 1567445251.9977
CHLD 12 0.007812 1567445251.9978
CHLD 13 6.882812 1567445251.9979
CHLD 14 6.050781 1567445251.9979
CHLD 15 7.617188 1567445251.9980
CHLD 16 8.140625 1567445251.9980
CHLD 17 9.898438 1567445251.9981
CHLD 18 10.210938 1567445251.9982
MEM 710.484375 1567445252.0985
CHLD 0 601.066406 1567445252.1386
CHLD 1 601.074219 1567445252.1386
CHLD 2 601.074219 1567445252.1387
CHLD 3 601.074219 1567445252.1388
CHLD 4 616.761719 1567445252.1388
CHLD 5 614.933594 1567445252.1389
CHLD 6 611.492188 1567445252.1390
CHLD 7 609.585938 1567445252.1390
CHLD 8 609.246094 1567445252.1391
CHLD 9 609.464844 1567445252.1391
CHLD 10 608.832031 1567445252.1392
CHLD 11 607.273438 1567445252.1393
CHLD 12 7.605469 1567445252.1393
CHLD 13 8.371094 1567445252.1394
CHLD 14 8.582031 1567445252.1395
CHLD 15 8.421875 1567445252.1395
CHLD 16 9.355469 1567445252.1396
CHLD 17 9.367188 1567445252.1396
CHLD 18 10.945312 1567445252.1397
CHLD 19 10.914062 1567445252.1398
MEM 710.484375 1567445252.2412
CHLD 0 601.066406 1567445252.2695
CHLD 1 601.074219 1567445252.2695
CHLD 2 601.074219 1567445252.2696
CHLD 3 601.074219 1567445252.2696
CHLD 4 617.976562 1567445252.2697
CHLD 5 617.843750 1567445252.2698
CHLD 6 615.140625 1567445252.2698
CHLD 7 613.769531 1567445252.2699
CHLD 8 613.980469 1567445252.2699
CHLD 9 612.226562 1567445252.2700
CHLD 10 612.390625 1567445252.2700
CHLD 11 611.031250 1567445252.2701
CHLD 12 9.089844 1567445252.2702
CHLD 13 10.941406 1567445252.2702
CHLD 14 10.941406 1567445252.2984
CHLD 15 10.707031 1567445252.2985
CHLD 16 10.875000 1567445252.2986
CHLD 17 10.882812 1567445252.2986
CHLD 18 10.945312 1567445252.2987
CHLD 19 10.914062 1567445252.2988
MEM 710.484375 1567445252.3992
CHLD 0 601.066406 1567445252.4308
CHLD 1 601.074219 1567445252.4308
CHLD 2 601.074219 1567445252.4309
CHLD 3 601.074219 1567445252.4309
CHLD 4 618.593750 1567445252.4310
CHLD 5 618.265625 1567445252.4311
CHLD 6 618.093750 1567445252.4311
CHLD 7 617.914062 1567445252.4312
CHLD 8 617.976562 1567445252.4312
CHLD 9 617.839844 1567445252.4313
CHLD 10 617.914062 1567445252.4313
CHLD 11 617.332031 1567445252.4314
CHLD 12 10.859375 1567445252.4315
CHLD 13 10.941406 1567445252.4315
CHLD 14 10.941406 1567445252.4316
CHLD 15 10.984375 1567445252.4316
CHLD 16 10.875000 1567445252.4317
CHLD 17 10.882812 1567445252.4318
CHLD 18 10.945312 1567445252.4318
CHLD 19 10.914062 1567445252.4319
MEM 710.484375 1567445252.5323
CHLD 0 601.066406 1567445252.5564
CHLD 1 601.074219 1567445252.5565
CHLD 2 601.074219 1567445252.5565
CHLD 3 601.074219 1567445252.5566
CHLD 4 620.972656 1567445252.5567
CHLD 5 618.445312 1567445252.5567
CHLD 6 618.546875 1567445252.5568
CHLD 7 618.093750 1567445252.5568
CHLD 8 618.343750 1567445252.5569
CHLD 9 618.089844 1567445252.5570
CHLD 10 618.343750 1567445252.5570
CHLD 11 617.976562 1567445252.5571
CHLD 12 10.859375 1567445252.5571
CHLD 13 10.941406 1567445252.5572
CHLD 14 10.941406 1567445252.5573
CHLD 15 10.984375 1567445252.5573
CHLD 16 10.875000 1567445252.5574
CHLD 17 10.882812 1567445252.5574
CHLD 18 10.945312 1567445252.5575
CHLD 19 10.914062 1567445252.5576
MEM 710.484375 1567445252.6580
CHLD 0 601.066406 1567445252.6908
CHLD 1 601.074219 1567445252.6909
CHLD 2 601.074219 1567445252.6910
CHLD 3 601.074219 1567445252.6910
CHLD 4 622.652344 1567445252.6911
CHLD 5 619.500000 1567445252.6911
CHLD 6 618.843750 1567445252.6912
CHLD 7 618.445312 1567445252.6913
CHLD 8 618.777344 1567445252.6913
CHLD 9 618.339844 1567445252.6914
CHLD 10 618.593750 1567445252.6914
CHLD 11 618.265625 1567445252.6915
CHLD 12 10.859375 1567445252.6915
CHLD 13 10.941406 1567445252.6916
CHLD 14 10.941406 1567445252.6916
CHLD 15 10.984375 1567445252.6917
CHLD 16 10.875000 1567445252.6918
CHLD 17 10.882812 1567445252.6918
CHLD 18 10.945312 1567445252.6919
CHLD 19 10.914062 1567445252.6919
MEM 710.484375 1567445252.7923
CHLD 0 601.066406 1567445252.8200
CHLD 1 601.074219 1567445252.8201
CHLD 2 601.074219 1567445252.8202
CHLD 3 601.074219 1567445252.8202
CHLD 4 623.234375 1567445252.8203
CHLD 5 621.121094 1567445252.8204
CHLD 6 620.433594 1567445252.8204
CHLD 7 619.804688 1567445252.8205
CHLD 8 621.511719 1567445252.8205
CHLD 9 619.800781 1567445252.8206
CHLD 10 619.500000 1567445252.8206
CHLD 11 618.593750 1567445252.8207
CHLD 12 10.859375 1567445252.8208
CHLD 13 10.941406 1567445252.8208
CHLD 14 10.941406 1567445252.8209
CHLD 15 10.984375 1567445252.8209
CHLD 16 10.875000 1567445252.8210
CHLD 17 10.882812 1567445252.8210
CHLD 18 10.945312 1567445252.8211
CHLD 19 10.914062 1567445252.8211
MEM 710.484375 1567445252.9215
CHLD 0 601.066406 1567445252.9494
CHLD 1 601.074219 1567445252.9495
CHLD 2 601.074219 1567445252.9496
CHLD 3 601.074219 1567445252.9496
CHLD 4 625.679688 1567445252.9497
CHLD 5 623.234375 1567445252.9497
CHLD 6 622.777344 1567445252.9498
CHLD 7 622.484375 1567445252.9499
CHLD 8 623.234375 1567445252.9499
CHLD 9 622.648438 1567445252.9500
CHLD 10 621.511719 1567445252.9500
CHLD 11 620.433594 1567445252.9501
CHLD 12 10.859375 1567445252.9502
CHLD 13 10.941406 1567445252.9502
CHLD 14 10.941406 1567445252.9503
CHLD 15 10.984375 1567445252.9504
CHLD 16 10.875000 1567445252.9504
CHLD 17 10.882812 1567445252.9505
CHLD 18 10.945312 1567445252.9506
CHLD 19 10.914062 1567445252.9506
MEM 710.484375 1567445253.0510
CHLD 0 601.066406 1567445253.0693
CHLD 1 601.074219 1567445253.0693
CHLD 2 601.074219 1567445253.0694
CHLD 3 601.074219 1567445253.0695
CHLD 4 634.007812 1567445253.0695
CHLD 5 630.585938 1567445253.0696
CHLD 6 623.609375 1567445253.0696
CHLD 7 623.738281 1567445253.0697
CHLD 8 625.046875 1567445253.0698
CHLD 9 623.734375 1567445253.0698
CHLD 10 623.496094 1567445253.0699
CHLD 11 622.652344 1567445253.0699
CHLD 12 10.859375 1567445253.0700
CHLD 13 10.941406 1567445253.0701
CHLD 14 10.941406 1567445253.0701
CHLD 15 10.984375 1567445253.0702
CHLD 16 10.875000 1567445253.0702
CHLD 17 10.882812 1567445253.0904
CHLD 18 10.945312 1567445253.0904
CHLD 19 10.914062 1567445253.0905
MEM 710.484375 1567445253.1909
CHLD 0 601.066406 1567445253.2229
CHLD 1 601.074219 1567445253.2230
CHLD 2 601.074219 1567445253.2230
CHLD 3 601.074219 1567445253.2232
CHLD 4 635.277344 1567445253.2233
CHLD 5 634.324219 1567445253.2234
CHLD 6 630.585938 1567445253.2234
CHLD 7 631.425781 1567445253.2235
CHLD 8 634.050781 1567445253.2235
CHLD 9 633.046875 1567445253.2236
CHLD 10 632.011719 1567445253.2237
CHLD 11 624.437500 1567445253.2237
CHLD 12 10.859375 1567445253.2238
CHLD 13 10.941406 1567445253.2238
CHLD 14 10.941406 1567445253.2239
CHLD 15 10.984375 1567445253.2240
CHLD 16 10.875000 1567445253.2240
CHLD 17 10.882812 1567445253.2241
CHLD 18 10.945312 1567445253.2241
CHLD 19 10.914062 1567445253.2242
MEM 710.484375 1567445253.3246
CHLD 0 601.066406 1567445253.3488
CHLD 1 601.074219 1567445253.3489
CHLD 2 601.074219 1567445253.3490
CHLD 3 601.074219 1567445253.3490
CHLD 4 635.777344 1567445253.3664
CHLD 5 635.511719 1567445253.3665
CHLD 6 634.667969 1567445253.3666
CHLD 7 635.277344 1567445253.3666
CHLD 8 635.195312 1567445253.3667
CHLD 9 635.027344 1567445253.3668
CHLD 10 635.183594 1567445253.3668
CHLD 11 633.015625 1567445253.3669
CHLD 12 10.859375 1567445253.3669
CHLD 13 10.941406 1567445253.3670
CHLD 14 10.941406 1567445253.3671
CHLD 15 10.984375 1567445253.3671
CHLD 16 10.875000 1567445253.3672
CHLD 17 10.882812 1567445253.3672
CHLD 18 10.945312 1567445253.3673
CHLD 19 10.914062 1567445253.3674
MEM 710.484375 1567445253.4678
CHLD 0 601.066406 1567445253.5000
CHLD 1 601.074219 1567445253.5000
CHLD 2 601.074219 1567445253.5001
CHLD 3 601.074219 1567445253.5002
CHLD 4 637.640625 1567445253.5002
CHLD 5 635.777344 1567445253.5003
CHLD 6 635.277344 1567445253.5003
CHLD 7 635.839844 1567445253.5004
CHLD 8 635.527344 1567445253.5005
CHLD 9 635.273438 1567445253.5005
CHLD 10 635.277344 1567445253.5006
CHLD 11 635.210938 1567445253.5006
CHLD 12 10.859375 1567445253.5007
CHLD 13 10.941406 1567445253.5007
CHLD 14 10.941406 1567445253.5008
CHLD 15 10.984375 1567445253.5009
CHLD 16 10.875000 1567445253.5009
CHLD 17 10.882812 1567445253.5010
CHLD 18 10.945312 1567445253.5010
CHLD 19 10.914062 1567445253.5011
MEM 710.484375 1567445253.6015
CHLD 0 601.066406 1567445253.6351
CHLD 1 601.074219 1567445253.6352
CHLD 2 601.074219 1567445253.6353
CHLD 3 601.074219 1567445253.6353
CHLD 4 637.976562 1567445253.6354
CHLD 5 637.648438 1567445253.6355
CHLD 6 635.730469 1567445253.6355
CHLD 7 637.324219 1567445253.6356
CHLD 8 635.921875 1567445253.6356
CHLD 9 635.757812 1567445253.6357
CHLD 10 637.132812 1567445253.6357
CHLD 11 635.527344 1567445253.6358
CHLD 12 10.859375 1567445253.6359
CHLD 13 10.941406 1567445253.6359
CHLD 14 10.941406 1567445253.6360
CHLD 15 10.984375 1567445253.6360
CHLD 16 10.875000 1567445253.6361
CHLD 17 10.882812 1567445253.6361
CHLD 18 10.945312 1567445253.6362
CHLD 19 10.914062 1567445253.6363
MEM 710.484375 1567445253.7367
CHLD 0 601.066406 1567445253.7560
CHLD 1 601.074219 1567445253.7560
CHLD 2 601.074219 1567445253.7561
CHLD 3 601.074219 1567445253.7561
CHLD 4 640.585938 1567445253.7562
CHLD 5 638.097656 1567445253.7563
CHLD 6 635.777344 1567445253.7563
CHLD 7 637.644531 1567445253.7564
CHLD 8 637.695312 1567445253.7564
CHLD 9 637.757812 1567445253.7565
CHLD 10 637.714844 1567445253.7565
CHLD 11 635.839844 1567445253.7566
CHLD 12 10.859375 1567445253.7566
CHLD 13 10.941406 1567445253.7567
CHLD 14 10.941406 1567445253.7567
CHLD 15 10.984375 1567445253.7568
CHLD 16 10.875000 1567445253.7568
CHLD 17 10.882812 1567445253.7569
CHLD 18 10.945312 1567445253.7569
CHLD 19 10.914062 1567445253.7570
MEM 710.484375 1567445253.8574
CHLD 0 601.066406 1567445253.8806
CHLD 1 601.074219 1567445253.8806
CHLD 2 601.074219 1567445253.8807
CHLD 3 601.074219 1567445253.8808
CHLD 4 640.585938 1567445253.8808
CHLD 5 638.097656 1567445253.8809
CHLD 6 637.894531 1567445253.8809
CHLD 7 637.644531 1567445253.8810
CHLD 8 638.046875 1567445253.8811
CHLD 9 638.265625 1567445253.8811
CHLD 10 637.863281 1567445253.8812
CHLD 11 637.925781 1567445253.8812
CHLD 12 10.859375 1567445253.8813
CHLD 13 10.941406 1567445253.8814
CHLD 14 10.941406 1567445253.8814
CHLD 15 10.984375 1567445253.8815
CHLD 16 10.875000 1567445253.8815
CHLD 17 10.882812 1567445253.8816
CHLD 18 10.945312 1567445253.8816
CHLD 19 10.914062 1567445253.8817
MEM 710.484375 1567445253.9822
CHLD 0 601.066406 1567445253.9974
CHLD 1 601.074219 1567445253.9974
CHLD 2 601.074219 1567445253.9975
CHLD 3 601.074219 1567445253.9975
CHLD 4 641.230469 1567445253.9976
CHLD 5 640.992188 1567445253.9977
CHLD 6 637.894531 1567445253.9977
CHLD 7 640.878906 1567445253.9978
CHLD 8 639.437500 1567445253.9978
CHLD 9 638.265625 1567445253.9979
CHLD 10 638.515625 1567445253.9979
CHLD 11 638.265625 1567445253.9980
CHLD 12 10.859375 1567445253.9980
CHLD 13 10.941406 1567445253.9981
CHLD 14 10.941406 1567445253.9981
CHLD 15 10.984375 1567445253.9982
CHLD 16 10.875000 1567445253.9982
CHLD 17 10.882812 1567445254.0124
CHLD 18 10.945312 1567445254.0125
CHLD 19 10.914062 1567445254.0126
MEM 710.484375 1567445254.1130
CHLD 0 601.066406 1567445254.1306
CHLD 1 601.074219 1567445254.1306
CHLD 2 601.074219 1567445254.1307
CHLD 3 601.074219 1567445254.1308
CHLD 4 641.781250 1567445254.1308
CHLD 5 641.558594 1567445254.1309
CHLD 6 638.371094 1567445254.1309
CHLD 7 641.164062 1567445254.1310
CHLD 8 639.437500 1567445254.1311
CHLD 9 641.289062 1567445254.1311
CHLD 10 640.964844 1567445254.1312
CHLD 11 638.265625 1567445254.1312
CHLD 12 10.859375 1567445254.1313
CHLD 13 10.941406 1567445254.1314
CHLD 14 10.941406 1567445254.1314
CHLD 15 10.984375 1567445254.1315
CHLD 16 10.875000 1567445254.1315
CHLD 17 10.882812 1567445254.1316
CHLD 18 10.945312 1567445254.1317
CHLD 19 10.914062 1567445254.1317
MEM 710.484375 1567445254.2322
CHLD 0 601.066406 1567445254.2561
CHLD 1 601.074219 1567445254.2561
CHLD 2 601.074219 1567445254.2562
CHLD 3 601.074219 1567445254.2563
CHLD 4 641.941406 1567445254.2563
CHLD 5 641.917969 1567445254.2564
CHLD 6 640.851562 1567445254.2564
CHLD 7 641.609375 1567445254.2565
CHLD 8 641.507812 1567445254.2566
CHLD 9 641.777344 1567445254.2566
CHLD 10 641.417969 1567445254.2567
CHLD 11 641.097656 1567445254.2567
CHLD 12 10.859375 1567445254.2568
CHLD 13 10.941406 1567445254.2568
CHLD 14 10.941406 1567445254.2569
CHLD 15 10.984375 1567445254.2570
CHLD 16 10.875000 1567445254.2570
CHLD 17 10.882812 1567445254.2571
CHLD 18 10.945312 1567445254.2571
CHLD 19 10.914062 1567445254.2572
MEM 710.484375 1567445254.3576
CHLD 0 601.066406 1567445254.3857
CHLD 1 601.074219 1567445254.3858
CHLD 2 601.074219 1567445254.3858
CHLD 3 601.074219 1567445254.3859
CHLD 4 642.269531 1567445254.3860
CHLD 5 642.253906 1567445254.3860
CHLD 6 641.523438 1567445254.3861
CHLD 7 649.042969 1567445254.3861
CHLD 8 641.746094 1567445254.3862
CHLD 9 641.941406 1567445254.3863
CHLD 10 641.750000 1567445254.3863
CHLD 11 641.597656 1567445254.3864
CHLD 12 10.859375 1567445254.3864
CHLD 13 10.941406 1567445254.3865
CHLD 14 10.941406 1567445254.3865
CHLD 15 10.984375 1567445254.3866
CHLD 16 10.875000 1567445254.3867
CHLD 17 10.882812 1567445254.3867
CHLD 18 10.945312 1567445254.3868
CHLD 19 10.914062 1567445254.3868
MEM 710.484375 1567445254.4873
CHLD 0 601.066406 1567445254.5193
CHLD 1 601.074219 1567445254.5194
CHLD 2 601.074219 1567445254.5194
CHLD 3 601.074219 1567445254.5195
CHLD 4 642.628906 1567445254.5195
CHLD 5 642.667969 1567445254.5196
CHLD 6 641.843750 1567445254.5197
CHLD 7 654.210938 1567445254.5197
CHLD 8 642.085938 1567445254.5198
CHLD 9 642.289062 1567445254.5198
CHLD 10 643.445312 1567445254.5199
CHLD 11 641.933594 1567445254.5200
CHLD 12 10.859375 1567445254.5200
CHLD 13 10.941406 1567445254.5201
CHLD 14 10.941406 1567445254.5201
CHLD 15 10.984375 1567445254.5202
CHLD 16 10.875000 1567445254.5202
CHLD 17 10.882812 1567445254.5203
CHLD 18 10.945312 1567445254.5204
CHLD 19 10.914062 1567445254.5204
MEM 710.484375 1567445254.6208
CHLD 0 601.066406 1567445254.6487
CHLD 1 601.074219 1567445254.6488
CHLD 2 601.074219 1567445254.6488
CHLD 3 601.074219 1567445254.6489
CHLD 4 642.960938 1567445254.6489
CHLD 5 642.917969 1567445254.6490
CHLD 6 642.015625 1567445254.6491
CHLD 7 654.894531 1567445254.6491
CHLD 8 642.585938 1567445254.6492
CHLD 9 642.625000 1567445254.6492
CHLD 10 652.507812 1567445254.6493
CHLD 11 642.261719 1567445254.6494
CHLD 12 10.859375 1567445254.6494
CHLD 13 10.941406 1567445254.6495
CHLD 14 10.941406 1567445254.6495
CHLD 15 10.984375 1567445254.6496
CHLD 16 10.875000 1567445254.6497
CHLD 17 10.882812 1567445254.6497
CHLD 18 10.945312 1567445254.6498
CHLD 19 10.914062 1567445254.6498
MEM 710.484375 1567445254.7503
CHLD 0 601.066406 1567445254.7740
CHLD 1 601.074219 1567445254.7741
CHLD 2 601.074219 1567445254.7741
CHLD 3 601.074219 1567445254.7742
CHLD 4 643.429688 1567445254.7742
CHLD 5 643.250000 1567445254.7743
CHLD 6 642.519531 1567445254.7744
CHLD 7 655.238281 1567445254.7744
CHLD 8 643.050781 1567445254.7745
CHLD 9 642.789062 1567445254.7746
CHLD 10 654.679688 1567445254.7746
CHLD 11 642.500000 1567445254.7747
CHLD 12 10.859375 1567445254.7748
CHLD 13 10.941406 1567445254.7748
CHLD 14 10.941406 1567445254.7749
CHLD 15 10.984375 1567445254.7749
CHLD 16 10.875000 1567445254.7750
CHLD 17 10.882812 1567445254.7750
CHLD 18 10.945312 1567445254.7751
CHLD 19 10.914062 1567445254.7752
MEM 710.484375 1567445254.8756
CHLD 0 601.066406 1567445254.8927
CHLD 1 601.074219 1567445254.8928
CHLD 2 601.074219 1567445254.8929
CHLD 3 601.074219 1567445254.8929
CHLD 4 643.800781 1567445254.8930
CHLD 5 643.789062 1567445254.8930
CHLD 6 642.695312 1567445254.8931
CHLD 7 655.464844 1567445254.8932
CHLD 8 650.640625 1567445254.8932
CHLD 9 643.355469 1567445254.8933
CHLD 10 654.820312 1567445254.8933
CHLD 11 642.750000 1567445254.8934
CHLD 12 10.859375 1567445254.8934
CHLD 13 10.941406 1567445254.8935
CHLD 14 10.941406 1567445254.8935
CHLD 15 10.984375 1567445254.8936
CHLD 16 10.875000 1567445254.8936
CHLD 17 10.882812 1567445254.8937
CHLD 18 10.945312 1567445254.8938
CHLD 19 10.914062 1567445254.8938
MEM 710.484375 1567445254.9942
CHLD 0 601.066406 1567445255.0099
CHLD 1 601.074219 1567445255.0099
CHLD 2 601.074219 1567445255.0100
CHLD 3 601.074219 1567445255.0100
CHLD 4 653.039062 1567445255.0101
CHLD 5 650.843750 1567445255.0102
CHLD 6 643.039062 1567445255.0102
CHLD 7 657.097656 1567445255.0184
CHLD 8 652.691406 1567445255.0185
CHLD 9 647.359375 1567445255.0186
CHLD 10 654.820312 1567445255.0186
CHLD 11 644.527344 1567445255.0187
CHLD 12 10.859375 1567445255.0188
CHLD 13 10.941406 1567445255.0188
CHLD 14 10.941406 1567445255.0189
CHLD 15 10.984375 1567445255.0189
CHLD 16 10.875000 1567445255.0190
CHLD 17 10.882812 1567445255.0191
CHLD 18 10.945312 1567445255.0191
CHLD 19 10.914062 1567445255.0192
MEM 710.484375 1567445255.1196
CHLD 0 601.066406 1567445255.1516
CHLD 1 601.074219 1567445255.1517
CHLD 2 601.074219 1567445255.1517
CHLD 3 601.074219 1567445255.1518
CHLD 4 655.921875 1567445255.1519
CHLD 5 652.085938 1567445255.1519
CHLD 6 643.183594 1567445255.1544
CHLD 7 665.503906 1567445255.1546
CHLD 8 654.906250 1567445255.1546
CHLD 9 650.750000 1567445255.1547
CHLD 10 655.046875 1567445255.1547
CHLD 11 650.843750 1567445255.1548
CHLD 12 10.859375 1567445255.1549
CHLD 13 10.941406 1567445255.1549
CHLD 14 10.941406 1567445255.1550
CHLD 15 10.984375 1567445255.1550
CHLD 16 10.875000 1567445255.1551
CHLD 17 10.882812 1567445255.1552
CHLD 18 10.945312 1567445255.1552
CHLD 19 10.914062 1567445255.1553
MEM 710.484375 1567445255.2557
CHLD 0 601.066406 1567445255.2788
CHLD 1 601.074219 1567445255.2789
CHLD 2 601.074219 1567445255.2790
CHLD 3 601.074219 1567445255.2790
CHLD 4 656.031250 1567445255.2791
CHLD 5 654.222656 1567445255.2791
CHLD 6 643.445312 1567445255.2792
CHLD 7 668.406250 1567445255.2792
CHLD 8 655.246094 1567445255.2793
CHLD 9 652.917969 1567445255.2794
CHLD 10 655.046875 1567445255.2794
CHLD 11 654.292969 1567445255.2795
CHLD 12 10.859375 1567445255.2795
CHLD 13 10.941406 1567445255.2796
CHLD 14 10.941406 1567445255.2796
CHLD 15 10.984375 1567445255.2797
CHLD 16 10.875000 1567445255.2798
CHLD 17 10.882812 1567445255.2798
CHLD 18 10.945312 1567445255.2799
CHLD 19 10.914062 1567445255.2799
MEM 710.484375 1567445255.3804
CHLD 0 601.066406 1567445255.3995
CHLD 1 601.074219 1567445255.3996
CHLD 2 601.074219 1567445255.3996
CHLD 3 601.074219 1567445255.3997
CHLD 4 657.109375 1567445255.3998
CHLD 5 656.148438 1567445255.3998
CHLD 6 650.660156 1567445255.3999
CHLD 7 669.695312 1567445255.3999
CHLD 8 655.480469 1567445255.4000
CHLD 9 654.789062 1567445255.4000
CHLD 10 656.488281 1567445255.4001
CHLD 11 654.292969 1567445255.4001
CHLD 12 10.859375 1567445255.4002
CHLD 13 10.941406 1567445255.4003
CHLD 14 10.941406 1567445255.4003
CHLD 15 10.984375 1567445255.4004
CHLD 16 10.875000 1567445255.4004
CHLD 17 10.882812 1567445255.4005
CHLD 18 10.945312 1567445255.4005
CHLD 19 10.914062 1567445255.4006
MEM 710.484375 1567445255.5011
CHLD 0 601.066406 1567445255.5166
CHLD 1 601.074219 1567445255.5166
CHLD 2 601.074219 1567445255.5167
CHLD 3 601.074219 1567445255.5168
CHLD 4 657.109375 1567445255.5168
CHLD 5 656.289062 1567445255.5169
CHLD 6 651.187500 1567445255.5169
CHLD 7 670.210938 1567445255.5170
CHLD 8 655.542969 1567445255.5171
CHLD 9 655.605469 1567445255.5171
CHLD 10 662.781250 1567445255.5172
CHLD 11 655.644531 1567445255.5172
CHLD 12 10.859375 1567445255.5173
CHLD 13 10.941406 1567445255.5173
CHLD 14 10.941406 1567445255.5174
CHLD 15 10.984375 1567445255.5175
CHLD 16 10.875000 1567445255.5175
CHLD 17 10.882812 1567445255.5176
CHLD 18 10.945312 1567445255.5176
CHLD 19 10.914062 1567445255.5177
MEM 710.484375 1567445255.6181
CHLD 0 601.066406 1567445255.6474
CHLD 1 601.074219 1567445255.6475
CHLD 2 601.074219 1567445255.6476
CHLD 3 601.074219 1567445255.6476
CHLD 4 657.109375 1567445255.6477
CHLD 5 656.289062 1567445255.6478
CHLD 6 654.171875 1567445255.6478
CHLD 7 670.210938 1567445255.6479
CHLD 8 655.542969 1567445255.6479
CHLD 9 655.777344 1567445255.6480
CHLD 10 663.039062 1567445255.6605
CHLD 11 655.753906 1567445255.6606
CHLD 12 10.859375 1567445255.6606
CHLD 13 10.941406 1567445255.6614
CHLD 14 10.941406 1567445255.6615
CHLD 15 10.984375 1567445255.6616
CHLD 16 10.875000 1567445255.6616
CHLD 17 10.882812 1567445255.6617
CHLD 18 10.945312 1567445255.6618
CHLD 19 10.914062 1567445255.6618
MEM 710.484375 1567445255.7623
CHLD 0 601.066406 1567445255.7854
CHLD 1 601.074219 1567445255.7855
CHLD 2 601.074219 1567445255.7855
CHLD 3 601.074219 1567445255.7856
CHLD 4 657.109375 1567445255.7856
CHLD 5 656.289062 1567445255.7857
CHLD 6 654.171875 1567445255.7858
CHLD 7 670.726562 1567445255.7858
CHLD 8 656.816406 1567445255.7859
CHLD 9 655.902344 1567445255.7859
CHLD 10 663.039062 1567445255.7860
CHLD 11 655.753906 1567445255.7860
CHLD 12 10.859375 1567445255.7861
CHLD 13 10.941406 1567445255.7861
CHLD 14 10.941406 1567445255.7862
CHLD 15 10.984375 1567445255.7862
CHLD 16 10.875000 1567445255.7863
CHLD 17 10.882812 1567445255.7864
CHLD 18 10.945312 1567445255.7864
CHLD 19 10.914062 1567445255.7865
MEM 710.484375 1567445255.8946
CHLD 0 601.066406 1567445255.9269
CHLD 1 601.074219 1567445255.9270
CHLD 2 601.074219 1567445255.9271
CHLD 3 601.074219 1567445255.9271
CHLD 4 657.109375 1567445255.9272
CHLD 5 656.515625 1567445255.9273
CHLD 6 655.902344 1567445255.9273
CHLD 7 670.726562 1567445255.9274
CHLD 8 656.816406 1567445255.9275
CHLD 9 656.156250 1567445255.9275
CHLD 10 663.039062 1567445255.9276
CHLD 11 658.757812 1567445255.9276
CHLD 12 10.859375 1567445255.9277
CHLD 13 10.941406 1567445255.9294
CHLD 14 10.941406 1567445255.9295
CHLD 15 10.984375 1567445255.9296
CHLD 16 10.875000 1567445255.9296
CHLD 17 10.882812 1567445255.9297
CHLD 18 10.945312 1567445255.9297
CHLD 19 10.914062 1567445255.9298
MEM 710.484375 1567445256.0303
CHLD 0 601.066406 1567445256.0962
CHLD 1 601.074219 1567445256.0963
CHLD 2 601.074219 1567445256.0963
CHLD 3 601.074219 1567445256.0964
CHLD 4 676.980469 1567445256.0964
CHLD 5 656.515625 1567445256.0965
CHLD 6 656.027344 1567445256.0965
CHLD 7 670.726562 1567445256.0966
CHLD 8 656.816406 1567445256.0966
CHLD 9 656.156250 1567445256.0967
CHLD 10 663.039062 1567445256.0968
CHLD 11 658.757812 1567445256.0968
CHLD 12 10.859375 1567445256.0969
CHLD 13 10.941406 1567445256.0969
CHLD 14 10.941406 1567445256.0970
CHLD 15 10.984375 1567445256.0970
CHLD 16 10.875000 1567445256.0971
CHLD 17 10.882812 1567445256.0971
CHLD 18 10.945312 1567445256.0972
CHLD 19 10.914062 1567445256.0973
MEM 710.484375 1567445256.1978
CHLD 0 601.066406 1567445256.2487
CHLD 1 601.074219 1567445256.2487
CHLD 2 601.074219 1567445256.2488
CHLD 3 601.074219 1567445256.2489
CHLD 4 692.578125 1567445256.2489
CHLD 5 656.515625 1567445256.2490
CHLD 6 656.027344 1567445256.2491
CHLD 7 671.500000 1567445256.2491
CHLD 8 656.816406 1567445256.2492
CHLD 9 656.156250 1567445256.2492
CHLD 10 663.039062 1567445256.2493
CHLD 11 658.757812 1567445256.2493
CHLD 12 10.859375 1567445256.2494
CHLD 13 10.941406 1567445256.2494
CHLD 14 10.941406 1567445256.2495
CHLD 15 10.984375 1567445256.2495
CHLD 16 10.875000 1567445256.2496
CHLD 17 10.882812 1567445256.2496
CHLD 18 10.945312 1567445256.2497
CHLD 19 10.914062 1567445256.2498
MEM 710.484375 1567445256.3502
CHLD 0 601.066406 1567445256.3970
CHLD 1 601.074219 1567445256.3971
CHLD 2 601.074219 1567445256.3971
CHLD 3 601.074219 1567445256.3972
CHLD 4 699.121094 1567445256.3972
CHLD 5 656.515625 1567445256.3973
CHLD 6 657.046875 1567445256.3973
CHLD 7 672.531250 1567445256.3974
CHLD 8 659.855469 1567445256.3974
CHLD 9 656.523438 1567445256.3975
CHLD 10 663.039062 1567445256.3975
CHLD 11 658.757812 1567445256.3976
CHLD 12 10.859375 1567445256.3976
CHLD 13 10.941406 1567445256.3977
CHLD 14 10.941406 1567445256.3977
CHLD 15 10.984375 1567445256.3978
CHLD 16 10.875000 1567445256.3978
CHLD 17 10.882812 1567445256.3979
CHLD 18 10.945312 1567445256.3979
CHLD 19 10.914062 1567445256.3980
MEM 710.484375 1567445256.4991
CHLD 0 601.066406 1567445256.5221
CHLD 1 601.074219 1567445256.5221
CHLD 2 601.074219 1567445256.5222
CHLD 3 601.074219 1567445256.5551
CHLD 4 699.121094 1567445256.5552
CHLD 5 657.683594 1567445256.5553
CHLD 6 657.046875 1567445256.5554
CHLD 7 673.621094 1567445256.5554
CHLD 8 677.335938 1567445256.5555
CHLD 9 656.523438 1567445256.5555
CHLD 10 663.039062 1567445256.5556
CHLD 11 658.757812 1567445256.5557
CHLD 12 10.859375 1567445256.5664
CHLD 13 10.941406 1567445256.5665
CHLD 14 10.941406 1567445256.5665
CHLD 15 10.984375 1567445256.5666
CHLD 16 10.875000 1567445256.5667
CHLD 17 10.882812 1567445256.5667
CHLD 18 10.945312 1567445256.5668
CHLD 19 10.914062 1567445256.5668
MEM 710.484375 1567445256.6672
CHLD 0 601.066406 1567445256.6822
CHLD 1 601.074219 1567445256.7418
CHLD 2 601.074219 1567445256.7419
CHLD 3 601.074219 1567445256.7420
CHLD 4 699.121094 1567445256.7420
CHLD 5 665.035156 1567445256.7422
CHLD 6 657.046875 1567445256.7422
CHLD 7 673.621094 1567445256.7423
CHLD 8 679.398438 1567445256.7424
CHLD 9 656.523438 1567445256.7424
CHLD 10 663.039062 1567445256.7425
CHLD 11 658.757812 1567445256.7425
CHLD 12 10.859375 1567445256.7426
CHLD 13 10.941406 1567445256.7427
CHLD 14 10.941406 1567445256.7427
CHLD 15 10.984375 1567445256.7428
CHLD 16 10.875000 1567445256.7428
CHLD 17 10.882812 1567445256.7429
CHLD 18 10.945312 1567445256.7430
CHLD 19 10.914062 1567445256.7430
MEM 710.484375 1567445256.8439
CHLD 0 601.066406 1567445256.8822
CHLD 1 601.074219 1567445256.9259
CHLD 2 601.074219 1567445256.9260
CHLD 3 601.074219 1567445256.9261
CHLD 4 703.761719 1567445256.9262
CHLD 5 666.062500 1567445256.9262
CHLD 6 657.046875 1567445256.9350
CHLD 7 673.621094 1567445256.9351
CHLD 8 680.171875 1567445256.9352
CHLD 9 656.523438 1567445256.9352
CHLD 10 663.289062 1567445256.9353
CHLD 11 658.757812 1567445256.9353
CHLD 12 10.859375 1567445256.9354
CHLD 13 10.941406 1567445256.9355
CHLD 14 10.941406 1567445256.9355
CHLD 15 10.984375 1567445256.9356
CHLD 16 10.875000 1567445256.9356
CHLD 17 10.882812 1567445256.9357
CHLD 18 10.945312 1567445256.9358
CHLD 19 10.914062 1567445256.9358
MEM 710.484375 1567445257.0363
CHLD 0 601.066406 1567445257.1216
CHLD 1 601.074219 1567445257.1217
CHLD 2 601.074219 1567445257.1217
CHLD 3 601.074219 1567445257.1218
CHLD 4 703.761719 1567445257.1219
CHLD 5 666.574219 1567445257.1219
CHLD 6 657.046875 1567445257.1220
CHLD 7 673.625000 1567445257.1220
CHLD 8 681.718750 1567445257.1221
CHLD 9 662.062500 1567445257.1221
CHLD 10 663.289062 1567445257.1222
CHLD 11 658.757812 1567445257.1223
CHLD 12 10.859375 1567445257.1223
CHLD 13 10.941406 1567445257.1224
CHLD 14 10.941406 1567445257.1224
CHLD 15 10.984375 1567445257.1225
CHLD 16 10.875000 1567445257.1226
CHLD 17 10.882812 1567445257.1226
CHLD 18 10.945312 1567445257.1227
CHLD 19 10.914062 1567445257.1227
MEM 710.484375 1567445257.2236
CHLD 0 601.066406 1567445257.3002
CHLD 1 601.074219 1567445257.3002
CHLD 2 601.074219 1567445257.3003
CHLD 3 601.074219 1567445257.3003
CHLD 4 703.761719 1567445257.3004
CHLD 5 666.574219 1567445257.3005
CHLD 6 657.046875 1567445257.3005
CHLD 7 673.625000 1567445257.3006
CHLD 8 681.718750 1567445257.3006
CHLD 9 666.417969 1567445257.3007
CHLD 10 663.289062 1567445257.3007
CHLD 11 658.757812 1567445257.3008
CHLD 12 10.859375 1567445257.3008
CHLD 13 10.941406 1567445257.3009
CHLD 14 10.941406 1567445257.3009
CHLD 15 10.984375 1567445257.3010
CHLD 16 10.875000 1567445257.3010
CHLD 17 10.882812 1567445257.3011
CHLD 18 10.945312 1567445257.3012
CHLD 19 10.914062 1567445257.3012
MEM 710.484375 1567445257.4017
CHLD 0 601.066406 1567445257.4528
CHLD 1 601.074219 1567445257.4529
CHLD 2 601.074219 1567445257.4530
CHLD 3 601.074219 1567445257.4530
CHLD 4 703.761719 1567445257.4531
CHLD 5 666.574219 1567445257.4990
CHLD 6 657.046875 1567445257.4991
CHLD 7 673.625000 1567445257.4992
CHLD 8 681.718750 1567445257.4992
CHLD 9 666.933594 1567445257.4993
CHLD 10 663.546875 1567445257.4994
CHLD 11 658.757812 1567445257.4994
CHLD 12 10.859375 1567445257.4995
CHLD 13 10.941406 1567445257.4995
CHLD 14 10.941406 1567445257.4996
CHLD 15 10.984375 1567445257.4996
CHLD 16 10.875000 1567445257.4997
CHLD 17 10.882812 1567445257.4998
CHLD 18 10.945312 1567445257.4998
CHLD 19 10.914062 1567445257.4999
MEM 710.484375 1567445257.6003
CHLD 0 601.066406 1567445257.7313
CHLD 1 601.074219 1567445257.7314
CHLD 2 601.074219 1567445257.7314
CHLD 3 601.074219 1567445257.7315
CHLD 4 703.761719 1567445257.7315
CHLD 5 666.832031 1567445257.7316
CHLD 6 657.046875 1567445257.7317
CHLD 7 673.625000 1567445257.7317
CHLD 8 682.234375 1567445257.7318
CHLD 9 667.191406 1567445257.7318
CHLD 10 663.546875 1567445257.7319
CHLD 11 685.781250 1567445257.7319
CHLD 12 10.859375 1567445257.7320
CHLD 13 10.941406 1567445257.7321
CHLD 14 10.941406 1567445257.7321
CHLD 15 10.984375 1567445257.7322
CHLD 16 10.875000 1567445257.7322
CHLD 17 10.882812 1567445257.7323
CHLD 18 10.945312 1567445257.7324
CHLD 19 10.914062 1567445257.7324
MEM 710.484375 1567445257.8328
CHLD 0 601.066406 1567445257.9115
CHLD 1 601.074219 1567445257.9115
CHLD 2 601.074219 1567445257.9116
CHLD 3 601.074219 1567445257.9116
CHLD 4 703.761719 1567445257.9117
CHLD 5 666.832031 1567445257.9117
CHLD 6 657.046875 1567445257.9118
CHLD 7 673.625000 1567445257.9119
CHLD 8 682.234375 1567445257.9119
CHLD 9 667.191406 1567445257.9120
CHLD 10 663.546875 1567445257.9120
CHLD 11 698.410156 1567445257.9121
CHLD 12 10.859375 1567445257.9121
CHLD 13 10.941406 1567445257.9122
CHLD 14 10.941406 1567445257.9123
CHLD 15 10.984375 1567445257.9123
CHLD 16 10.875000 1567445257.9124
CHLD 17 10.882812 1567445257.9124
CHLD 18 10.945312 1567445257.9125
CHLD 19 10.914062 1567445257.9126
MEM 710.484375 1567445258.0142
CHLD 0 601.066406 1567445258.0449
CHLD 1 601.074219 1567445258.0449
CHLD 2 601.074219 1567445258.0450
CHLD 3 601.074219 1567445258.0450
CHLD 4 703.761719 1567445258.0451
CHLD 5 666.832031 1567445258.0452
CHLD 6 666.277344 1567445258.0452
CHLD 7 673.625000 1567445258.0453
CHLD 8 682.234375 1567445258.0453
CHLD 9 667.191406 1567445258.0454
CHLD 10 663.546875 1567445258.0454
CHLD 11 702.277344 1567445258.0455
CHLD 12 10.859375 1567445258.0455
CHLD 13 10.941406 1567445258.0456
CHLD 14 10.941406 1567445258.0456
CHLD 15 10.984375 1567445258.0457
CHLD 16 10.875000 1567445258.0457
CHLD 17 10.882812 1567445258.0458
CHLD 18 10.945312 1567445258.0458
CHLD 19 10.914062 1567445258.0459
MEM 710.484375 1567445258.1531
CHLD 0 601.066406 1567445258.3954
CHLD 1 601.074219 1567445258.3955
CHLD 2 601.074219 1567445258.3955
CHLD 3 601.074219 1567445258.3956
CHLD 4 703.761719 1567445258.3956
CHLD 5 666.832031 1567445258.3957
CHLD 6 680.660156 1567445258.3957
CHLD 7 674.140625 1567445258.3958
CHLD 8 682.234375 1567445258.3958
CHLD 9 667.449219 1567445258.3959
CHLD 10 663.546875 1567445258.3960
CHLD 11 702.277344 1567445258.3960
CHLD 12 10.859375 1567445258.3961
CHLD 13 10.941406 1567445258.3961
CHLD 14 10.941406 1567445258.3962
CHLD 15 10.984375 1567445258.3962
CHLD 16 10.875000 1567445258.3963
CHLD 17 10.882812 1567445258.3963
CHLD 18 10.945312 1567445258.3964
CHLD 19 10.914062 1567445258.3964
MEM 710.484375 1567445258.4972
CHLD 0 601.066406 1567445258.6694
CHLD 1 601.074219 1567445258.6694
CHLD 2 601.074219 1567445258.6695
CHLD 3 601.074219 1567445258.6695
CHLD 4 703.761719 1567445258.6696
CHLD 5 666.832031 1567445258.6697
CHLD 6 681.949219 1567445258.6697
CHLD 7 674.398438 1567445258.6698
CHLD 8 683.523438 1567445258.6698
CHLD 9 667.449219 1567445258.6699
CHLD 10 663.546875 1567445258.6700
CHLD 11 702.535156 1567445258.6700
CHLD 12 10.859375 1567445258.6701
CHLD 13 10.941406 1567445258.6701
CHLD 14 10.941406 1567445258.6702
CHLD 15 10.984375 1567445258.6702
CHLD 16 10.875000 1567445258.6703
CHLD 17 10.882812 1567445258.6704
CHLD 18 10.945312 1567445258.6704
CHLD 19 10.914062 1567445258.6705
MEM 710.484375 1567445258.7764
CHLD 0 601.066406 1567445258.8473
CHLD 1 601.074219 1567445258.8474
CHLD 2 601.074219 1567445258.8475
CHLD 3 601.074219 1567445258.8475
CHLD 4 703.761719 1567445258.8476
CHLD 5 666.832031 1567445258.8476
CHLD 6 682.722656 1567445258.8477
CHLD 7 674.398438 1567445258.8478
CHLD 8 683.523438 1567445258.8478
CHLD 9 667.707031 1567445258.8479
CHLD 10 663.546875 1567445258.8479
CHLD 11 704.339844 1567445258.8480
CHLD 12 10.859375 1567445258.8481
CHLD 13 10.941406 1567445258.8481
CHLD 14 10.941406 1567445258.8482
CHLD 15 10.984375 1567445258.8482
CHLD 16 10.875000 1567445258.8483
CHLD 17 10.882812 1567445258.8484
CHLD 18 10.945312 1567445258.8484
CHLD 19 10.914062 1567445258.8485
MEM 710.484375 1567445258.9666
CHLD 0 601.066406 1567445259.1031
CHLD 1 601.074219 1567445259.1032
CHLD 2 601.074219 1567445259.1032
CHLD 3 601.074219 1567445259.1033
CHLD 4 705.050781 1567445259.1033
CHLD 5 666.832031 1567445259.1034
CHLD 6 684.269531 1567445259.1034
CHLD 7 674.398438 1567445259.1035
CHLD 8 683.523438 1567445259.1036
CHLD 9 667.707031 1567445259.1037
CHLD 10 663.546875 1567445259.1037
CHLD 11 704.339844 1567445259.1038
CHLD 12 10.859375 1567445259.1038
CHLD 13 10.941406 1567445259.1039
CHLD 14 10.941406 1567445259.1039
CHLD 15 10.984375 1567445259.1040
CHLD 16 10.875000 1567445259.1040
CHLD 17 10.882812 1567445259.1041
CHLD 18 10.945312 1567445259.1042
CHLD 19 10.914062 1567445259.1042
MEM 710.484375 1567445259.2051
CHLD 0 601.066406 1567445259.2338
CHLD 1 601.074219 1567445259.2339
CHLD 2 601.074219 1567445259.2339
CHLD 3 601.074219 1567445259.2340
CHLD 4 705.050781 1567445259.2340
CHLD 5 666.832031 1567445259.2341
CHLD 6 685.558594 1567445259.2342
CHLD 7 674.398438 1567445259.2342
CHLD 8 683.523438 1567445259.2343
CHLD 9 667.707031 1567445259.2424
CHLD 10 663.546875 1567445259.2425
CHLD 11 704.339844 1567445259.2425
CHLD 12 10.859375 1567445259.2426
CHLD 13 10.941406 1567445259.2427
CHLD 14 10.941406 1567445259.2427
CHLD 15 10.984375 1567445259.2428
CHLD 16 10.875000 1567445259.2567
CHLD 17 10.882812 1567445259.2569
CHLD 18 10.945312 1567445259.2570
CHLD 19 10.914062 1567445259.2570
MEM 710.484375 1567445259.3575
CHLD 0 601.066406 1567445259.4745
CHLD 1 601.074219 1567445259.4745
CHLD 2 601.074219 1567445259.4746
CHLD 3 601.074219 1567445259.4747
CHLD 4 705.050781 1567445259.4747
CHLD 5 666.832031 1567445259.4748
CHLD 6 685.558594 1567445259.4749
CHLD 7 674.398438 1567445259.4749
CHLD 8 683.523438 1567445259.4750
CHLD 9 667.707031 1567445259.4750
CHLD 10 663.546875 1567445259.4751
CHLD 11 704.339844 1567445259.4751
CHLD 12 10.859375 1567445259.4752
CHLD 13 10.941406 1567445259.4752
CHLD 14 10.941406 1567445259.4753
CHLD 15 10.984375 1567445259.4754
CHLD 16 10.875000 1567445259.4754
CHLD 17 10.882812 1567445259.4755
CHLD 18 10.945312 1567445259.4755
CHLD 19 10.914062 1567445259.4756
MEM 710.484375 1567445259.5762
CHLD 0 601.066406 1567445259.7437
CHLD 1 601.074219 1567445259.7438
CHLD 2 601.074219 1567445259.7438
CHLD 3 601.074219 1567445259.7439
CHLD 4 705.050781 1567445259.7440
CHLD 5 667.089844 1567445259.7440
CHLD 6 687.621094 1567445259.7469
CHLD 7 674.398438 1567445259.7470
CHLD 8 683.523438 1567445259.7471
CHLD 9 667.707031 1567445259.7471
CHLD 10 663.546875 1567445259.7472
CHLD 11 704.339844 1567445259.7472
CHLD 12 10.859375 1567445259.7473
CHLD 13 10.941406 1567445259.7473
CHLD 14 10.941406 1567445259.7474
CHLD 15 10.984375 1567445259.7474
CHLD 16 10.875000 1567445259.7475
CHLD 17 10.882812 1567445259.7475
CHLD 18 10.945312 1567445259.7476
CHLD 19 10.914062 1567445259.7477
MEM 710.484375 1567445259.8481
CHLD 0 601.066406 1567445259.9487
CHLD 1 601.074219 1567445259.9488
CHLD 2 601.074219 1567445259.9489
CHLD 3 601.074219 1567445259.9490
CHLD 4 705.050781 1567445259.9490
CHLD 5 667.347656 1567445259.9491
CHLD 6 688.136719 1567445259.9492
CHLD 7 674.398438 1567445259.9492
CHLD 8 683.523438 1567445259.9493
CHLD 9 667.707031 1567445259.9493
CHLD 10 663.804688 1567445259.9494
CHLD 11 704.339844 1567445259.9495
CHLD 12 10.859375 1567445259.9495
CHLD 13 10.941406 1567445259.9496
CHLD 14 10.941406 1567445259.9497
CHLD 15 10.984375 1567445259.9497
CHLD 16 10.875000 1567445259.9498
CHLD 17 10.882812 1567445259.9498
CHLD 18 10.945312 1567445259.9499
CHLD 19 10.914062 1567445259.9500
MEM 710.484375 1567445260.0504
CHLD 0 601.066406 1567445260.1394
CHLD 1 601.074219 1567445260.1395
CHLD 2 601.074219 1567445260.1395
CHLD 3 601.074219 1567445260.1396
CHLD 4 705.050781 1567445260.1396
CHLD 5 667.347656 1567445260.1397
CHLD 6 688.136719 1567445260.1398
CHLD 7 674.398438 1567445260.1398
CHLD 8 683.523438 1567445260.1399
CHLD 9 667.707031 1567445260.1399
CHLD 10 663.804688 1567445260.1400
CHLD 11 704.339844 1567445260.1553
CHLD 12 10.859375 1567445260.1554
CHLD 13 10.941406 1567445260.1554
CHLD 14 10.941406 1567445260.1555
CHLD 15 10.984375 1567445260.1556
CHLD 16 10.875000 1567445260.1556
CHLD 17 10.882812 1567445260.1557
CHLD 18 10.945312 1567445260.1557
CHLD 19 10.914062 1567445260.1558
MEM 710.484375 1567445260.2562
CHLD 0 601.066406 1567445260.3152
CHLD 1 601.074219 1567445260.3153
CHLD 2 601.074219 1567445260.3153
CHLD 3 601.074219 1567445260.3154
CHLD 4 706.597656 1567445260.3155
CHLD 5 667.347656 1567445260.3155
CHLD 6 688.136719 1567445260.3156
CHLD 7 674.398438 1567445260.3156
CHLD 8 683.523438 1567445260.3157
CHLD 9 667.707031 1567445260.3157
CHLD 10 663.804688 1567445260.3158
CHLD 11 704.339844 1567445260.3159
CHLD 12 10.859375 1567445260.3159
CHLD 13 10.941406 1567445260.3160
CHLD 14 10.941406 1567445260.3160
CHLD 15 10.984375 1567445260.3161
CHLD 16 10.875000 1567445260.3161
CHLD 17 10.882812 1567445260.3162
CHLD 18 10.945312 1567445260.3162
CHLD 19 10.914062 1567445260.3163
MEM 710.484375 1567445260.4167
CHLD 0 601.066406 1567445260.4849
CHLD 1 601.074219 1567445260.4849
CHLD 2 601.074219 1567445260.4850
CHLD 3 601.074219 1567445260.4851
CHLD 4 708.144531 1567445260.4851
CHLD 5 667.347656 1567445260.4852
CHLD 6 690.199219 1567445260.4853
CHLD 7 674.398438 1567445260.4853
CHLD 8 683.523438 1567445260.4854
CHLD 9 667.707031 1567445260.4854
CHLD 10 663.804688 1567445260.4855
CHLD 11 704.339844 1567445260.4855
CHLD 12 10.859375 1567445260.4856
CHLD 13 10.941406 1567445260.4856
CHLD 14 10.941406 1567445260.4857
CHLD 15 10.984375 1567445260.4857
CHLD 16 10.875000 1567445260.4858
CHLD 17 10.882812 1567445260.5134
CHLD 18 10.945312 1567445260.5135
CHLD 19 10.914062 1567445260.5148
MEM 710.484375 1567445260.6153
CHLD 0 601.066406 1567445260.6449
CHLD 1 601.074219 1567445260.6450
CHLD 2 601.074219 1567445260.6450
CHLD 3 601.074219 1567445260.6451
CHLD 4 708.144531 1567445260.6451
CHLD 5 667.347656 1567445260.6452
CHLD 6 690.199219 1567445260.6452
CHLD 7 674.398438 1567445260.6453
CHLD 8 683.523438 1567445260.6453
CHLD 9 667.707031 1567445260.6454
CHLD 10 663.804688 1567445260.6455
CHLD 11 704.339844 1567445260.6455
CHLD 12 10.859375 1567445260.6456
CHLD 13 10.941406 1567445260.6456
CHLD 14 10.941406 1567445260.6457
CHLD 15 10.984375 1567445260.6458
CHLD 16 10.875000 1567445260.6458
CHLD 17 10.882812 1567445260.6459
CHLD 18 10.945312 1567445260.6459
CHLD 19 10.914062 1567445260.6460
MEM 710.484375 1567445260.7464
CHLD 0 601.066406 1567445260.8349
CHLD 1 601.074219 1567445260.8350
CHLD 2 601.074219 1567445260.8351
CHLD 3 601.074219 1567445260.8351
CHLD 4 711.238281 1567445260.8352
CHLD 5 667.347656 1567445260.8352
CHLD 6 690.199219 1567445260.8353
CHLD 7 674.398438 1567445260.8353
CHLD 8 683.523438 1567445260.8354
CHLD 9 667.707031 1567445260.8354
CHLD 10 663.804688 1567445260.8355
CHLD 11 704.339844 1567445260.8355
CHLD 12 10.859375 1567445260.8356
CHLD 13 10.941406 1567445260.8357
CHLD 14 10.941406 1567445260.8357
CHLD 15 10.984375 1567445260.8358
CHLD 16 10.875000 1567445260.8358
CHLD 17 10.882812 1567445260.8359
CHLD 18 10.945312 1567445260.8360
CHLD 19 10.914062 1567445260.8360
MEM 710.484375 1567445260.9365
CHLD 0 601.066406 1567445261.0189
CHLD 1 601.074219 1567445261.0190
CHLD 2 601.074219 1567445261.0190
CHLD 3 601.074219 1567445261.0191
CHLD 4 711.238281 1567445261.0191
CHLD 5 667.347656 1567445261.0192
CHLD 6 690.199219 1567445261.0193
CHLD 7 674.398438 1567445261.0193
CHLD 8 683.523438 1567445261.0194
CHLD 9 667.707031 1567445261.0194
CHLD 10 663.804688 1567445261.0195
CHLD 11 704.339844 1567445261.0195
CHLD 12 10.859375 1567445261.0196
CHLD 13 10.941406 1567445261.0197
CHLD 14 10.941406 1567445261.0197
CHLD 15 10.984375 1567445261.0198
CHLD 16 10.875000 1567445261.0198
CHLD 17 10.882812 1567445261.0199
CHLD 18 10.945312 1567445261.0199
CHLD 19 10.914062 1567445261.0200
MEM 710.484375 1567445261.1204
CHLD 0 601.066406 1567445261.2998
CHLD 1 601.074219 1567445261.2999
CHLD 2 601.074219 1567445261.3000
CHLD 3 601.074219 1567445261.3001
CHLD 4 711.238281 1567445261.3001
CHLD 5 667.605469 1567445261.3002
CHLD 6 690.199219 1567445261.3003
CHLD 7 674.398438 1567445261.3004
CHLD 8 683.523438 1567445261.3004
CHLD 9 667.707031 1567445261.3005
CHLD 10 663.804688 1567445261.3006
CHLD 11 704.339844 1567445261.3006
CHLD 12 10.859375 1567445261.3007
CHLD 13 10.941406 1567445261.3008
CHLD 14 10.941406 1567445261.3008
CHLD 15 10.984375 1567445261.3009
CHLD 16 10.875000 1567445261.3010
CHLD 17 10.882812 1567445261.3010
CHLD 18 10.945312 1567445261.3011
CHLD 19 10.914062 1567445261.3012
MEM 710.484375 1567445261.4016
CHLD 0 601.066406 1567445261.4487
CHLD 1 601.074219 1567445261.4487
CHLD 2 601.074219 1567445261.4488
CHLD 3 601.074219 1567445261.4488
CHLD 4 711.238281 1567445261.4489
CHLD 5 667.605469 1567445261.4489
CHLD 6 690.199219 1567445261.4490
CHLD 7 674.398438 1567445261.4490
CHLD 8 683.523438 1567445261.4491
CHLD 9 667.707031 1567445261.4491
CHLD 10 663.804688 1567445261.4492
CHLD 11 706.144531 1567445261.4493
CHLD 12 10.859375 1567445261.4493
CHLD 13 10.941406 1567445261.4494
CHLD 14 10.941406 1567445261.4494
CHLD 15 10.984375 1567445261.4495
CHLD 16 10.875000 1567445261.4496
CHLD 17 10.882812 1567445261.4496
CHLD 18 10.945312 1567445261.4497
CHLD 19 10.914062 1567445261.4497
MEM 710.484375 1567445261.5502
CHLD 0 601.066406 1567445261.6374
CHLD 1 601.074219 1567445261.6375
CHLD 2 601.074219 1567445261.6375
CHLD 3 601.074219 1567445261.6376
CHLD 4 711.238281 1567445261.6376
CHLD 5 667.605469 1567445261.6377
CHLD 6 690.199219 1567445261.6377
CHLD 7 674.398438 1567445261.6378
CHLD 8 683.523438 1567445261.6379
CHLD 9 667.707031 1567445261.6379
CHLD 10 663.804688 1567445261.6380
CHLD 11 706.144531 1567445261.6380
CHLD 12 10.859375 1567445261.6381
CHLD 13 10.941406 1567445261.6382
CHLD 14 10.941406 1567445261.6382
CHLD 15 10.984375 1567445261.6440
CHLD 16 10.875000 1567445261.6442
CHLD 17 10.882812 1567445261.6442
CHLD 18 10.945312 1567445261.6443
CHLD 19 10.914062 1567445261.6444
MEM 710.496094 1567445261.7448
CHLD 0 601.066406 1567445261.8004
CHLD 1 601.074219 1567445261.8004
CHLD 2 601.074219 1567445261.8005
CHLD 3 601.074219 1567445261.8006
CHLD 4 711.238281 1567445261.8006
CHLD 5 667.605469 1567445261.8007
CHLD 6 690.199219 1567445261.8007
CHLD 7 674.398438 1567445261.8008
CHLD 8 683.523438 1567445261.8009
CHLD 9 667.964844 1567445261.8009
CHLD 10 663.804688 1567445261.8010
CHLD 11 706.144531 1567445261.8010
CHLD 12 10.859375 1567445261.8011
CHLD 13 10.941406 1567445261.8011
CHLD 14 10.941406 1567445261.8012
CHLD 15 10.984375 1567445261.8013
CHLD 16 10.875000 1567445261.8013
CHLD 17 10.882812 1567445261.8014
CHLD 18 10.945312 1567445261.8014
CHLD 19 10.914062 1567445261.8015
MEM 710.496094 1567445261.9021
CHLD 0 601.066406 1567445262.0334
CHLD 1 601.074219 1567445262.0334
CHLD 2 601.074219 1567445262.0335
CHLD 3 601.074219 1567445262.0336
CHLD 4 711.238281 1567445262.0337
CHLD 5 667.605469 1567445262.0337
CHLD 6 690.972656 1567445262.0338
CHLD 7 674.398438 1567445262.0338
CHLD 8 684.039062 1567445262.0339
CHLD 9 668.480469 1567445262.0340
CHLD 10 663.804688 1567445262.0340
CHLD 11 706.144531 1567445262.0341
CHLD 12 10.859375 1567445262.0342
CHLD 13 10.941406 1567445262.0342
CHLD 14 10.941406 1567445262.0348
CHLD 15 10.984375 1567445262.0349
CHLD 16 10.875000 1567445262.0350
CHLD 17 10.882812 1567445262.0350
CHLD 18 10.945312 1567445262.0351
CHLD 19 10.914062 1567445262.0352
MEM 710.496094 1567445262.1365
CHLD 0 601.066406 1567445262.1844
CHLD 1 601.074219 1567445262.1844
CHLD 2 601.074219 1567445262.1845
CHLD 3 601.074219 1567445262.1846
CHLD 4 711.238281 1567445262.1846
CHLD 5 667.605469 1567445262.1847
CHLD 6 690.972656 1567445262.1847
CHLD 7 674.398438 1567445262.1848
CHLD 8 684.039062 1567445262.1848
CHLD 9 668.480469 1567445262.1849
CHLD 10 663.804688 1567445262.1850
CHLD 11 706.144531 1567445262.1850
CHLD 12 10.859375 1567445262.1851
CHLD 13 10.941406 1567445262.1851
CHLD 14 10.941406 1567445262.1852
CHLD 15 10.984375 1567445262.1852
CHLD 16 10.875000 1567445262.1853
CHLD 17 10.882812 1567445262.1854
CHLD 18 10.945312 1567445262.1854
CHLD 19 10.914062 1567445262.1855
MEM 710.496094 1567445262.2859
CHLD 0 601.066406 1567445262.3428
CHLD 1 601.074219 1567445262.3431
CHLD 2 601.074219 1567445262.3432
CHLD 3 601.074219 1567445262.3433
CHLD 4 711.238281 1567445262.3433
CHLD 5 667.605469 1567445262.3434
CHLD 6 690.972656 1567445262.3434
CHLD 7 674.398438 1567445262.3435
CHLD 8 684.039062 1567445262.3435
CHLD 9 668.480469 1567445262.3436
CHLD 10 663.804688 1567445262.3437
CHLD 11 706.144531 1567445262.3437
CHLD 12 10.859375 1567445262.3438
CHLD 13 10.941406 1567445262.3438
CHLD 14 10.941406 1567445262.3439
CHLD 15 10.984375 1567445262.3440
CHLD 16 10.875000 1567445262.3650
CHLD 17 10.882812 1567445262.3651
CHLD 18 10.945312 1567445262.3652
CHLD 19 10.914062 1567445262.3652
MEM 710.496094 1567445262.4656
CHLD 0 601.066406 1567445262.5531
CHLD 1 601.074219 1567445262.5531
CHLD 2 601.074219 1567445262.5532
CHLD 3 601.074219 1567445262.5532
CHLD 4 713.042969 1567445262.5533
CHLD 5 667.605469 1567445262.5533
CHLD 6 690.972656 1567445262.5534
CHLD 7 674.398438 1567445262.5534
CHLD 8 684.039062 1567445262.5535
CHLD 9 668.480469 1567445262.5536
CHLD 10 663.804688 1567445262.5536
CHLD 11 706.144531 1567445262.5537
CHLD 12 10.859375 1567445262.5537
CHLD 13 10.941406 1567445262.5538
CHLD 14 10.941406 1567445262.5538
CHLD 15 10.984375 1567445262.5539
CHLD 16 10.875000 1567445262.5539
CHLD 17 10.882812 1567445262.5540
CHLD 18 10.945312 1567445262.5541
CHLD 19 10.914062 1567445262.5541
MEM 710.496094 1567445262.6547
CHLD 0 601.066406 1567445262.7641
CHLD 1 601.074219 1567445262.7641
CHLD 2 601.074219 1567445262.7642
CHLD 3 601.074219 1567445262.7642
CHLD 4 713.042969 1567445262.7643
CHLD 5 667.605469 1567445262.7643
CHLD 6 691.746094 1567445262.7644
CHLD 7 674.398438 1567445262.7644
CHLD 8 684.039062 1567445262.7645
CHLD 9 668.480469 1567445262.7645
CHLD 10 663.804688 1567445262.7646
CHLD 11 706.144531 1567445262.7647
CHLD 12 10.859375 1567445262.7647
CHLD 13 10.941406 1567445262.7648
CHLD 14 10.941406 1567445262.7648
CHLD 15 10.984375 1567445262.7649
CHLD 16 10.875000 1567445262.7649
CHLD 17 10.882812 1567445262.7650
CHLD 18 10.945312 1567445262.7650
CHLD 19 10.914062 1567445262.7651
MEM 710.496094 1567445262.8685
CHLD 0 601.066406 1567445262.9934
CHLD 1 601.074219 1567445262.9934
CHLD 2 601.074219 1567445262.9935
CHLD 3 601.074219 1567445262.9935
CHLD 4 716.136719 1567445262.9936
CHLD 5 667.605469 1567445262.9936
CHLD 6 692.519531 1567445262.9937
CHLD 7 674.398438 1567445262.9938
CHLD 8 684.039062 1567445262.9938
CHLD 9 668.480469 1567445262.9939
CHLD 10 663.804688 1567445262.9939
CHLD 11 706.144531 1567445262.9940
CHLD 12 10.859375 1567445262.9940
CHLD 13 10.941406 1567445262.9941
CHLD 14 10.941406 1567445262.9942
CHLD 15 10.984375 1567445262.9942
CHLD 16 10.875000 1567445263.0158
CHLD 17 10.882812 1567445263.0159
CHLD 18 10.945312 1567445263.0160
CHLD 19 10.914062 1567445263.0161
MEM 710.496094 1567445263.1167
CHLD 0 601.066406 1567445263.2050
CHLD 1 601.074219 1567445263.2051
CHLD 2 601.074219 1567445263.2051
CHLD 3 601.074219 1567445263.2052
CHLD 4 716.136719 1567445263.2052
CHLD 5 667.605469 1567445263.2053
CHLD 6 692.519531 1567445263.2053
CHLD 7 674.398438 1567445263.2054
CHLD 8 684.039062 1567445263.2055
CHLD 9 668.480469 1567445263.2055
CHLD 10 663.804688 1567445263.2056
CHLD 11 708.207031 1567445263.2056
CHLD 12 10.859375 1567445263.2057
CHLD 13 10.941406 1567445263.2057
CHLD 14 10.941406 1567445263.2058
CHLD 15 10.984375 1567445263.2058
CHLD 16 10.875000 1567445263.2059
CHLD 17 10.882812 1567445263.2060
CHLD 18 10.945312 1567445263.2060
CHLD 19 10.914062 1567445263.2061
MEM 710.496094 1567445263.3099
CHLD 0 601.066406 1567445263.4532
CHLD 1 601.074219 1567445263.4533
CHLD 2 601.074219 1567445263.4533
CHLD 3 601.074219 1567445263.4534
CHLD 4 716.136719 1567445263.4534
CHLD 5 667.605469 1567445263.4535
CHLD 6 692.519531 1567445263.4535
CHLD 7 674.398438 1567445263.4536
CHLD 8 684.039062 1567445263.4536
CHLD 9 668.480469 1567445263.4537
CHLD 10 663.804688 1567445263.4538
CHLD 11 708.207031 1567445263.4538
CHLD 12 10.859375 1567445263.4539
CHLD 13 10.941406 1567445263.4539
CHLD 14 10.941406 1567445263.4540
CHLD 15 10.984375 1567445263.4540
CHLD 16 10.875000 1567445263.4541
CHLD 17 10.882812 1567445263.4541
CHLD 18 10.945312 1567445263.4542
CHLD 19 10.914062 1567445263.4542
MEM 710.496094 1567445263.5547
CHLD 0 601.066406 1567445263.7157
CHLD 1 601.074219 1567445263.7157
CHLD 2 601.074219 1567445263.7158
CHLD 3 601.074219 1567445263.7159
CHLD 4 716.136719 1567445263.7159
CHLD 5 667.605469 1567445263.7160
CHLD 6 692.519531 1567445263.7160
CHLD 7 674.398438 1567445263.7161
CHLD 8 684.039062 1567445263.7161
CHLD 9 668.738281 1567445263.7162
CHLD 10 663.804688 1567445263.7162
CHLD 11 708.207031 1567445263.7163
CHLD 12 10.859375 1567445263.7163
CHLD 13 10.941406 1567445263.7164
CHLD 14 10.941406 1567445263.7164
CHLD 15 10.984375 1567445263.7165
CHLD 16 10.875000 1567445263.7165
CHLD 17 10.882812 1567445263.7166
CHLD 18 10.945312 1567445263.7167
CHLD 19 10.914062 1567445263.7167
MEM 710.496094 1567445263.8172
CHLD 0 601.066406 1567445263.8714
CHLD 1 601.074219 1567445263.8715
CHLD 2 601.074219 1567445263.8716
CHLD 3 601.074219 1567445263.8716
CHLD 4 716.136719 1567445263.8717
CHLD 5 667.605469 1567445263.8718
CHLD 6 692.519531 1567445263.8718
CHLD 7 674.398438 1567445263.8719
CHLD 8 684.039062 1567445263.8719
CHLD 9 668.738281 1567445263.8720
CHLD 10 663.804688 1567445263.8720
CHLD 11 708.207031 1567445263.8721
CHLD 12 10.859375 1567445263.8721
CHLD 13 10.941406 1567445263.8722
CHLD 14 10.941406 1567445263.8722
CHLD 15 10.984375 1567445263.8723
CHLD 16 10.875000 1567445263.8723
CHLD 17 10.882812 1567445263.8724
CHLD 18 10.945312 1567445263.8724
CHLD 19 10.914062 1567445263.8725
MEM 710.496094 1567445263.9730
CHLD 0 601.066406 1567445264.0364
CHLD 1 601.074219 1567445264.0364
CHLD 2 601.074219 1567445264.0365
CHLD 3 601.074219 1567445264.0365
CHLD 4 716.136719 1567445264.0366
CHLD 5 667.605469 1567445264.0366
CHLD 6 692.519531 1567445264.0367
CHLD 7 674.398438 1567445264.0367
CHLD 8 684.039062 1567445264.0368
CHLD 9 668.738281 1567445264.0369
CHLD 10 663.804688 1567445264.0369
CHLD 11 708.207031 1567445264.0370
CHLD 12 10.859375 1567445264.0370
CHLD 13 10.941406 1567445264.0371
CHLD 14 10.941406 1567445264.0371
CHLD 15 10.984375 1567445264.0372
CHLD 16 10.875000 1567445264.0372
CHLD 17 10.882812 1567445264.0373
CHLD 18 10.945312 1567445264.0374
CHLD 19 10.914062 1567445264.0374
MEM 710.496094 1567445264.1379
CHLD 0 601.066406 1567445264.2694
CHLD 1 601.074219 1567445264.2694
CHLD 2 601.074219 1567445264.2695
CHLD 3 601.074219 1567445264.2696
CHLD 4 716.136719 1567445264.2696
CHLD 5 667.863281 1567445264.2697
CHLD 6 692.519531 1567445264.2697
CHLD 7 674.398438 1567445264.2698
CHLD 8 684.039062 1567445264.2698
CHLD 9 668.738281 1567445264.2699
CHLD 10 663.804688 1567445264.2700
CHLD 11 708.207031 1567445264.2701
CHLD 12 10.859375 1567445264.2702
CHLD 13 10.941406 1567445264.2702
CHLD 14 10.941406 1567445264.2703
CHLD 15 10.984375 1567445264.2704
CHLD 16 10.875000 1567445264.2705
CHLD 17 10.882812 1567445264.2706
CHLD 18 10.945312 1567445264.2706
CHLD 19 10.914062 1567445264.2707
MEM 710.496094 1567445264.3712
CHLD 0 601.066406 1567445264.4990
CHLD 1 601.074219 1567445264.4990
CHLD 2 601.074219 1567445264.4991
CHLD 3 601.074219 1567445264.4992
CHLD 4 716.136719 1567445264.4992
CHLD 5 667.863281 1567445264.4993
CHLD 6 692.519531 1567445264.4994
CHLD 7 674.398438 1567445264.4994
CHLD 8 684.039062 1567445264.4995
CHLD 9 668.738281 1567445264.4996
CHLD 10 663.804688 1567445264.4996
CHLD 11 708.207031 1567445264.4997
CHLD 12 10.859375 1567445264.4997
CHLD 13 10.941406 1567445264.4998
CHLD 14 10.941406 1567445264.4999
CHLD 15 10.984375 1567445264.4999
CHLD 16 10.875000 1567445264.5000
CHLD 17 10.882812 1567445264.5001
CHLD 18 10.945312 1567445264.5001
CHLD 19 10.914062 1567445264.5002
MEM 710.496094 1567445264.6082
CHLD 0 601.066406 1567445264.7938
CHLD 1 601.074219 1567445264.7938
CHLD 2 601.074219 1567445264.7939
CHLD 3 601.074219 1567445264.7939
CHLD 4 716.136719 1567445264.7940
CHLD 5 667.863281 1567445264.7941
CHLD 6 692.519531 1567445264.7941
CHLD 7 674.398438 1567445264.7942
CHLD 8 684.039062 1567445264.7942
CHLD 9 668.738281 1567445264.8211
CHLD 10 663.804688 1567445264.8212
CHLD 11 708.207031 1567445264.8212
CHLD 12 10.859375 1567445264.8213
CHLD 13 10.941406 1567445264.8213
CHLD 14 10.941406 1567445264.8214
CHLD 15 10.984375 1567445264.8214
CHLD 16 10.875000 1567445264.8215
CHLD 17 10.882812 1567445264.8215
CHLD 18 10.945312 1567445264.8216
CHLD 19 10.914062 1567445264.8216
MEM 710.496094 1567445264.9221
CHLD 0 601.066406 1567445264.9718
CHLD 1 601.074219 1567445264.9718
CHLD 2 601.074219 1567445264.9719
CHLD 3 601.074219 1567445264.9720
CHLD 4 716.136719 1567445264.9720
CHLD 5 667.863281 1567445264.9721
CHLD 6 692.519531 1567445264.9721
CHLD 7 674.398438 1567445264.9722
CHLD 8 684.039062 1567445264.9723
CHLD 9 668.738281 1567445264.9723
CHLD 10 663.804688 1567445264.9724
CHLD 11 708.207031 1567445264.9724
CHLD 12 10.859375 1567445264.9725
CHLD 13 10.941406 1567445264.9726
CHLD 14 10.941406 1567445264.9726
CHLD 15 10.984375 1567445264.9727
CHLD 16 10.875000 1567445264.9727
CHLD 17 10.882812 1567445264.9728
CHLD 18 10.945312 1567445264.9728
CHLD 19 10.914062 1567445264.9729
MEM 710.496094 1567445265.0733
CHLD 0 601.066406 1567445265.0903
CHLD 1 601.074219 1567445265.0904
CHLD 2 601.074219 1567445265.0904
CHLD 3 601.074219 1567445265.0905
CHLD 4 716.136719 1567445265.0905
CHLD 5 669.261719 1567445265.0906
CHLD 6 692.519531 1567445265.0907
CHLD 7 674.398438 1567445265.0907
CHLD 8 684.039062 1567445265.0908
CHLD 9 668.738281 1567445265.0908
CHLD 10 663.804688 1567445265.0909
CHLD 11 708.207031 1567445265.0909
CHLD 12 10.859375 1567445265.0910
CHLD 13 10.941406 1567445265.0910
CHLD 14 10.941406 1567445265.0911
CHLD 15 10.984375 1567445265.0911
CHLD 16 10.875000 1567445265.0912
CHLD 17 10.882812 1567445265.0912
CHLD 18 10.945312 1567445265.0913
CHLD 19 10.914062 1567445265.0913
MEM 710.496094 1567445265.1920
CHLD 0 601.066406 1567445265.2796
CHLD 1 601.074219 1567445265.2803
CHLD 2 601.074219 1567445265.2804
CHLD 3 601.074219 1567445265.2804
CHLD 4 716.136719 1567445265.2805
CHLD 5 669.261719 1567445265.2806
CHLD 6 692.519531 1567445265.2806
CHLD 7 674.398438 1567445265.2807
CHLD 8 684.039062 1567445265.2807
CHLD 9 668.738281 1567445265.2808
CHLD 10 663.804688 1567445265.2808
CHLD 11 708.207031 1567445265.2809
CHLD 12 10.859375 1567445265.2810
CHLD 13 10.941406 1567445265.2810
CHLD 14 10.941406 1567445265.2811
CHLD 15 10.984375 1567445265.2811
CHLD 16 10.875000 1567445265.2812
CHLD 17 10.882812 1567445265.2813
CHLD 18 10.945312 1567445265.2813
CHLD 19 10.914062 1567445265.2814
MEM 710.496094 1567445265.3826
CHLD 0 601.066406 1567445265.4382
CHLD 1 601.074219 1567445265.4383
CHLD 2 601.074219 1567445265.4384
CHLD 3 601.074219 1567445265.4384
CHLD 4 716.136719 1567445265.4385
CHLD 5 669.261719 1567445265.4385
CHLD 6 692.519531 1567445265.4386
CHLD 7 674.398438 1567445265.4387
CHLD 8 684.039062 1567445265.4387
CHLD 9 668.738281 1567445265.4388
CHLD 10 663.804688 1567445265.4388
CHLD 11 708.207031 1567445265.4389
CHLD 12 10.859375 1567445265.4389
CHLD 13 10.941406 1567445265.4390
CHLD 14 10.941406 1567445265.4390
CHLD 15 10.984375 1567445265.4391
CHLD 16 10.875000 1567445265.4392
CHLD 17 10.882812 1567445265.4393
CHLD 18 10.945312 1567445265.4393
CHLD 19 10.914062 1567445265.4394
MEM 710.496094 1567445265.5398
CHLD 0 601.066406 1567445265.6139
CHLD 1 601.074219 1567445265.6140
CHLD 2 601.074219 1567445265.6140
CHLD 3 601.074219 1567445265.6141
CHLD 4 716.136719 1567445265.6141
CHLD 5 669.261719 1567445265.6142
CHLD 6 692.519531 1567445265.6142
CHLD 7 674.398438 1567445265.6419
CHLD 8 684.039062 1567445265.6420
CHLD 9 668.738281 1567445265.6421
CHLD 10 663.804688 1567445265.6422
CHLD 11 708.207031 1567445265.6535
CHLD 12 10.859375 1567445265.6536
CHLD 13 10.941406 1567445265.6537
CHLD 14 10.941406 1567445265.6537
CHLD 15 10.984375 1567445265.6538
CHLD 16 10.875000 1567445265.6538
CHLD 17 10.882812 1567445265.6539
CHLD 18 10.945312 1567445265.6539
CHLD 19 10.914062 1567445265.6540
MEM 710.496094 1567445265.7545
CHLD 0 601.066406 1567445265.7995
CHLD 1 601.074219 1567445265.7996
CHLD 2 601.074219 1567445265.7997
CHLD 3 601.074219 1567445265.7997
CHLD 4 716.136719 1567445265.7998
CHLD 5 669.261719 1567445265.7998
CHLD 6 692.519531 1567445265.7999
CHLD 7 674.398438 1567445265.8000
CHLD 8 684.039062 1567445265.8000
CHLD 9 668.738281 1567445265.8001
CHLD 10 663.804688 1567445265.8001
CHLD 11 708.207031 1567445265.8002
CHLD 12 10.859375 1567445265.8002
CHLD 13 10.941406 1567445265.8003
CHLD 14 10.941406 1567445265.8004
CHLD 15 10.984375 1567445265.8004
CHLD 16 10.875000 1567445265.8005
CHLD 17 10.882812 1567445265.8005
CHLD 18 10.945312 1567445265.8006
CHLD 19 10.914062 1567445265.8006
MEM 710.496094 1567445265.9011
CHLD 0 601.066406 1567445265.9700
CHLD 1 601.074219 1567445265.9701
CHLD 2 601.074219 1567445265.9702
CHLD 3 601.074219 1567445265.9702
CHLD 4 716.136719 1567445265.9703
CHLD 5 669.261719 1567445265.9704
CHLD 6 692.519531 1567445265.9704
CHLD 7 674.398438 1567445265.9705
CHLD 8 684.039062 1567445265.9706
CHLD 9 668.738281 1567445265.9706
CHLD 10 663.804688 1567445265.9707
CHLD 11 708.207031 1567445265.9707
CHLD 12 10.859375 1567445265.9708
CHLD 13 10.941406 1567445265.9708
CHLD 14 10.941406 1567445265.9709
CHLD 15 10.984375 1567445265.9709
CHLD 16 10.875000 1567445265.9710
CHLD 17 10.882812 1567445265.9711
CHLD 18 10.945312 1567445265.9711
CHLD 19 10.914062 1567445265.9712
MEM 710.496094 1567445266.0725
CHLD 0 601.066406 1567445266.1133
CHLD 1 601.074219 1567445266.1133
CHLD 2 601.074219 1567445266.1134
CHLD 3 601.074219 1567445266.1135
CHLD 4 716.136719 1567445266.1135
CHLD 5 669.261719 1567445266.1136
CHLD 6 692.519531 1567445266.1136
CHLD 7 674.398438 1567445266.1137
CHLD 8 684.039062 1567445266.1137
CHLD 9 668.738281 1567445266.1138
CHLD 10 663.804688 1567445266.1138
CHLD 11 708.207031 1567445266.1139
CHLD 12 10.859375 1567445266.1140
CHLD 13 10.941406 1567445266.1140
CHLD 14 10.941406 1567445266.1141
CHLD 15 10.984375 1567445266.1141
CHLD 16 10.875000 1567445266.1142
CHLD 17 10.882812 1567445266.1142
CHLD 18 10.945312 1567445266.1143
CHLD 19 10.914062 1567445266.1144
MEM 710.875000 1567445266.2148
CHLD 0 601.066406 1567445266.3055
CHLD 1 601.074219 1567445266.3056
CHLD 2 601.074219 1567445266.3057
CHLD 3 601.074219 1567445266.3057
CHLD 4 716.136719 1567445266.3058
CHLD 5 669.261719 1567445266.3059
CHLD 6 692.519531 1567445266.3059
CHLD 7 674.398438 1567445266.3060
CHLD 8 684.039062 1567445266.3060
CHLD 9 0.000000 1567445266.3061
CHLD 10 663.804688 1567445266.3062
CHLD 11 708.207031 1567445266.3062
CHLD 12 10.859375 1567445266.3224
CHLD 13 10.941406 1567445266.3225
CHLD 14 10.941406 1567445266.3226
CHLD 15 10.984375 1567445266.3227
CHLD 16 10.875000 1567445266.3227
CHLD 17 10.882812 1567445266.3228
CHLD 18 10.945312 1567445266.3228
CHLD 19 10.914062 1567445266.3229
MEM 716.890625 1567445266.4233
CHLD 0 601.066406 1567445266.4445
CHLD 1 601.074219 1567445266.4446
CHLD 2 601.074219 1567445266.4446
CHLD 3 601.074219 1567445266.4447
CHLD 4 716.136719 1567445266.4447
CHLD 5 669.261719 1567445266.4448
CHLD 6 692.519531 1567445266.4448
CHLD 7 674.398438 1567445266.4449
CHLD 8 684.039062 1567445266.4449
CHLD 9 0.000000 1567445266.4450
CHLD 10 663.804688 1567445266.4451
CHLD 11 708.207031 1567445266.4451
CHLD 12 10.859375 1567445266.4452
CHLD 13 10.941406 1567445266.4453
CHLD 14 10.984375 1567445266.4453
CHLD 15 10.875000 1567445266.4454
CHLD 16 10.882812 1567445266.4454
CHLD 17 10.945312 1567445266.4455
CHLD 18 10.914062 1567445266.4455
MEM 722.976562 1567445266.5460
CHLD 0 601.066406 1567445266.5906
CHLD 1 601.074219 1567445266.5907
CHLD 2 601.074219 1567445266.5908
CHLD 3 601.074219 1567445266.5908
CHLD 4 716.136719 1567445266.5909
CHLD 5 669.261719 1567445266.5910
CHLD 6 692.519531 1567445266.5910
CHLD 7 674.398438 1567445266.5911
CHLD 8 684.039062 1567445266.5912
CHLD 9 0.000000 1567445266.5912
CHLD 10 663.804688 1567445266.5913
CHLD 11 708.207031 1567445266.5913
CHLD 12 10.859375 1567445266.5914
CHLD 13 10.941406 1567445266.5914
CHLD 14 10.984375 1567445266.5915
CHLD 15 10.875000 1567445266.5915
CHLD 16 10.882812 1567445266.5916
CHLD 17 10.945312 1567445266.5916
CHLD 18 10.914062 1567445266.5917
MEM 723.835938 1567445266.6941
CHLD 0 601.066406 1567445266.8201
CHLD 1 601.074219 1567445266.8202
CHLD 2 601.074219 1567445266.8202
CHLD 3 601.074219 1567445266.8203
CHLD 4 716.136719 1567445266.8204
CHLD 5 669.261719 1567445266.8204
CHLD 6 692.519531 1567445266.8205
CHLD 7 674.398438 1567445266.8205
CHLD 8 684.039062 1567445266.8206
CHLD 9 0.000000 1567445266.8207
CHLD 10 663.804688 1567445266.8207
CHLD 11 708.207031 1567445266.8208
CHLD 12 10.859375 1567445266.8209
CHLD 13 10.941406 1567445266.8209
CHLD 14 10.984375 1567445266.8210
CHLD 15 10.875000 1567445266.8210
CHLD 16 10.882812 1567445266.8211
CHLD 17 10.945312 1567445266.8212
CHLD 18 10.914062 1567445266.8212
MEM 725.484375 1567445266.9565
CHLD 0 601.066406 1567445266.9859
CHLD 1 601.074219 1567445266.9860
CHLD 2 601.074219 1567445266.9860
CHLD 3 601.074219 1567445266.9861
CHLD 4 716.136719 1567445266.9862
CHLD 5 0.000000 1567445266.9862
CHLD 6 692.519531 1567445266.9863
CHLD 7 674.398438 1567445266.9863
CHLD 8 684.039062 1567445266.9864
CHLD 9 0.000000 1567445266.9865
CHLD 10 0.000000 1567445266.9866
CHLD 11 708.207031 1567445266.9866
CHLD 12 10.859375 1567445266.9867
CHLD 13 10.984375 1567445266.9867
CHLD 14 10.875000 1567445266.9868
CHLD 15 10.882812 1567445266.9868
CHLD 16 10.945312 1567445266.9869
CHLD 17 10.914062 1567445266.9869
MEM 725.546875 1567445267.0874
CHLD 0 601.066406 1567445267.1369
CHLD 1 601.074219 1567445267.1370
CHLD 2 601.074219 1567445267.1370
CHLD 3 601.074219 1567445267.1371
CHLD 4 717.917969 1567445267.1371
CHLD 5 0.000000 1567445267.1372
CHLD 6 692.519531 1567445267.1372
CHLD 7 674.398438 1567445267.1373
CHLD 8 684.039062 1567445267.1373
CHLD 9 0.000000 1567445267.1374
CHLD 10 0.000000 1567445267.1374
CHLD 11 708.207031 1567445267.1375
CHLD 12 10.859375 1567445267.1376
CHLD 13 10.984375 1567445267.1376
CHLD 14 10.875000 1567445267.1377
CHLD 15 10.882812 1567445267.1377
CHLD 16 10.945312 1567445267.1378
CHLD 17 10.914062 1567445267.1378
MEM 726.867188 1567445267.2382
CHLD 0 601.066406 1567445267.2697
CHLD 1 601.074219 1567445267.2698
CHLD 2 601.074219 1567445267.2698
CHLD 3 601.074219 1567445267.2699
CHLD 4 0.000000 1567445267.2699
CHLD 5 0.000000 1567445267.2700
CHLD 6 692.519531 1567445267.2700
CHLD 7 674.398438 1567445267.2701
CHLD 8 684.039062 1567445267.2701
CHLD 9 0.000000 1567445267.2702
CHLD 10 0.000000 1567445267.2702
CHLD 11 708.207031 1567445267.2724
CHLD 12 10.859375 1567445267.2725
CHLD 13 10.984375 1567445267.2726
CHLD 14 10.875000 1567445267.2726
CHLD 15 10.882812 1567445267.2727
CHLD 16 10.914062 1567445267.2727
MEM 727.257812 1567445267.3732
CHLD 0 601.066406 1567445267.4065
CHLD 1 601.074219 1567445267.4066
CHLD 2 601.074219 1567445267.4066
CHLD 3 601.074219 1567445267.4067
CHLD 4 0.000000 1567445267.4067
CHLD 5 0.000000 1567445267.4068
CHLD 6 692.519531 1567445267.4068
CHLD 7 0.000000 1567445267.4069
CHLD 8 684.039062 1567445267.4069
CHLD 9 0.000000 1567445267.4070
CHLD 10 0.000000 1567445267.4070
CHLD 11 708.207031 1567445267.4071
CHLD 12 10.859375 1567445267.4071
CHLD 13 10.984375 1567445267.4072
CHLD 14 10.875000 1567445267.4073
CHLD 15 10.882812 1567445267.4073
MEM 727.703125 1567445267.5077
CHLD 0 601.066406 1567445267.5339
CHLD 1 601.074219 1567445267.5340
CHLD 2 601.074219 1567445267.5341
CHLD 3 601.074219 1567445267.5341
CHLD 4 0.000000 1567445267.5342
CHLD 5 0.000000 1567445267.5342
CHLD 6 692.519531 1567445267.5343
CHLD 7 0.000000 1567445267.5344
CHLD 8 684.039062 1567445267.5344
CHLD 9 0.000000 1567445267.5345
CHLD 10 0.000000 1567445267.5346
CHLD 11 708.207031 1567445267.5346
CHLD 12 10.859375 1567445267.5347
CHLD 13 10.984375 1567445267.5347
CHLD 14 10.882812 1567445267.5348
MEM 727.703125 1567445267.6355
CHLD 0 601.066406 1567445267.6605
CHLD 1 601.074219 1567445267.6620
CHLD 2 601.074219 1567445267.6625
CHLD 3 601.074219 1567445267.6626
CHLD 4 0.000000 1567445267.6626
CHLD 5 0.000000 1567445267.6627
CHLD 6 692.519531 1567445267.6628
CHLD 7 0.000000 1567445267.6628
CHLD 8 684.039062 1567445267.6629
CHLD 9 0.000000 1567445267.6629
CHLD 10 0.000000 1567445267.6630
CHLD 11 708.207031 1567445267.6630
CHLD 12 10.859375 1567445267.6675
CHLD 13 10.984375 1567445267.6676
CHLD 14 10.882812 1567445267.6676
MEM 728.273438 1567445267.7681
CHLD 0 601.066406 1567445267.7822
CHLD 1 601.074219 1567445267.7822
CHLD 2 601.074219 1567445267.7823
CHLD 3 601.074219 1567445267.7824
CHLD 4 0.000000 1567445267.7824
CHLD 5 0.000000 1567445267.7825
CHLD 6 694.164062 1567445267.7825
CHLD 7 0.000000 1567445267.7826
CHLD 8 685.757812 1567445267.7826
CHLD 9 0.000000 1567445267.7827
CHLD 10 0.000000 1567445267.7828
CHLD 11 708.207031 1567445267.7828
CHLD 12 10.859375 1567445267.7829
CHLD 13 10.984375 1567445267.7830
CHLD 14 10.882812 1567445267.7830
MEM 728.410156 1567445267.8835
CHLD 0 0.000000 1567445267.9017
CHLD 1 0.000000 1567445267.9018
CHLD 2 0.000000 1567445267.9018
CHLD 3 0.000000 1567445267.9019
CHLD 4 0.000000 1567445267.9019
CHLD 5 694.164062 1567445267.9020
CHLD 6 0.000000 1567445267.9020
CHLD 7 685.757812 1567445267.9021
CHLD 8 0.000000 1567445267.9021
CHLD 9 0.000000 1567445267.9022
CHLD 10 708.207031 1567445267.9024
CHLD 11 10.859375 1567445267.9025
CHLD 12 10.984375 1567445267.9025
CHLD 13 10.882812 1567445267.9026
MEM 728.406250 1567445268.0030
CHLD 0 694.164062 1567445268.0161
CHLD 1 685.757812 1567445268.0161
CHLD 2 709.863281 1567445268.0162
CHLD 3 10.859375 1567445268.0162
CHLD 4 10.984375 1567445268.0162
CHLD 5 10.882812 1567445268.0163
MEM 728.406250 1567445268.1167
CHLD 0 694.164062 1567445268.1304
CHLD 1 685.757812 1567445268.1305
CHLD 2 709.863281 1567445268.1305
CHLD 3 10.859375 1567445268.1306
CHLD 4 10.984375 1567445268.1306
CHLD 5 10.882812 1567445268.1307
MEM 728.406250 1567445268.2311
CHLD 0 694.164062 1567445268.2419
CHLD 1 685.757812 1567445268.2420
CHLD 2 709.863281 1567445268.2420
CHLD 3 10.859375 1567445268.2421
CHLD 4 10.984375 1567445268.2421
CHLD 5 10.882812 1567445268.2421
MEM 728.406250 1567445268.3426
CHLD 0 694.164062 1567445268.3548
CHLD 1 685.757812 1567445268.3549
CHLD 2 709.863281 1567445268.3549
CHLD 3 10.859375 1567445268.3550
CHLD 4 10.984375 1567445268.3550
CHLD 5 10.882812 1567445268.3550
MEM 728.406250 1567445268.4554
CHLD 0 694.164062 1567445268.4680
CHLD 1 685.757812 1567445268.4681
CHLD 2 709.863281 1567445268.4681
CHLD 3 10.859375 1567445268.4681
CHLD 4 10.984375 1567445268.4682
CHLD 5 10.882812 1567445268.4682
MEM 728.406250 1567445268.5687
CHLD 0 694.164062 1567445268.5832
CHLD 1 685.757812 1567445268.5833
CHLD 2 709.863281 1567445268.5833
CHLD 3 10.859375 1567445268.5834
CHLD 4 10.984375 1567445268.5834
CHLD 5 10.882812 1567445268.5834
MEM 728.406250 1567445268.6839
CHLD 0 694.164062 1567445268.6965
CHLD 1 685.757812 1567445268.6966
CHLD 2 709.863281 1567445268.6966
CHLD 3 10.859375 1567445268.6966
CHLD 4 10.984375 1567445268.6967
CHLD 5 10.882812 1567445268.6967
MEM 728.406250 1567445268.7972
CHLD 0 694.164062 1567445268.8096
CHLD 1 685.757812 1567445268.8096
CHLD 2 709.863281 1567445268.8097
CHLD 3 10.859375 1567445268.8097
CHLD 4 10.984375 1567445268.8097
CHLD 5 10.882812 1567445268.8098
MEM 728.406250 1567445268.9101
CHLD 0 694.164062 1567445268.9184
CHLD 1 685.757812 1567445268.9185
CHLD 2 709.863281 1567445268.9185
CHLD 3 10.859375 1567445268.9185
CHLD 4 10.984375 1567445268.9186
CHLD 5 10.882812 1567445268.9186
MEM 728.406250 1567445269.0190
CHLD 0 694.164062 1567445269.0272
CHLD 1 685.757812 1567445269.0273
CHLD 2 709.863281 1567445269.0273
CHLD 3 10.859375 1567445269.0273
CHLD 4 10.984375 1567445269.0274
CHLD 5 10.882812 1567445269.0274
MEM 728.406250 1567445269.1279
CHLD 0 694.164062 1567445269.1447
CHLD 1 685.757812 1567445269.1447
CHLD 2 709.863281 1567445269.1448
CHLD 3 10.859375 1567445269.1448
CHLD 4 10.984375 1567445269.1449
CHLD 5 10.882812 1567445269.1452
MEM 728.406250 1567445269.2456
CHLD 0 694.164062 1567445269.2542
CHLD 1 685.757812 1567445269.2542
CHLD 2 709.863281 1567445269.2543
CHLD 3 10.859375 1567445269.2543
CHLD 4 10.984375 1567445269.2544
CHLD 5 10.882812 1567445269.2544
MEM 728.406250 1567445269.3548
CHLD 0 694.164062 1567445269.3656
CHLD 1 685.757812 1567445269.3656
CHLD 2 709.863281 1567445269.3657
CHLD 3 10.859375 1567445269.3657
CHLD 4 10.984375 1567445269.3657
CHLD 5 10.882812 1567445269.3658
MEM 728.406250 1567445269.4663
CHLD 0 694.164062 1567445269.4796
CHLD 1 685.757812 1567445269.4796
CHLD 2 709.863281 1567445269.4797
CHLD 3 10.859375 1567445269.4797
CHLD 4 10.984375 1567445269.4797
CHLD 5 10.882812 1567445269.4798
MEM 728.406250 1567445269.5802
CHLD 0 694.164062 1567445269.5945
CHLD 1 685.757812 1567445269.5945
CHLD 2 709.863281 1567445269.5946
CHLD 3 10.859375 1567445269.5946
CHLD 4 10.984375 1567445269.5947
CHLD 5 10.882812 1567445269.5947
MEM 728.406250 1567445269.6952
CHLD 0 694.164062 1567445269.7081
CHLD 1 685.757812 1567445269.7081
CHLD 2 709.863281 1567445269.7081
CHLD 3 10.859375 1567445269.7082
CHLD 4 10.984375 1567445269.7082
CHLD 5 10.882812 1567445269.7082
MEM 728.406250 1567445269.8087
CHLD 0 694.164062 1567445269.8207
CHLD 1 685.757812 1567445269.8207
CHLD 2 709.863281 1567445269.8207
CHLD 3 10.859375 1567445269.8208
CHLD 4 10.984375 1567445269.8208
CHLD 5 10.882812 1567445269.8209
MEM 728.406250 1567445269.9213
CHLD 0 694.164062 1567445269.9352
CHLD 1 685.757812 1567445269.9352
CHLD 2 709.863281 1567445269.9353
CHLD 3 10.859375 1567445269.9353
CHLD 4 10.984375 1567445269.9353
CHLD 5 10.882812 1567445269.9354
MEM 728.406250 1567445270.0359
CHLD 0 694.164062 1567445270.0485
CHLD 1 685.757812 1567445270.0486
CHLD 2 709.863281 1567445270.0486
CHLD 3 10.859375 1567445270.0486
CHLD 4 10.984375 1567445270.0487
CHLD 5 10.882812 1567445270.0487
MEM 728.406250 1567445270.1492
CHLD 0 694.164062 1567445270.1620
CHLD 1 685.757812 1567445270.1621
CHLD 2 709.863281 1567445270.1621
CHLD 3 10.859375 1567445270.1622
CHLD 4 10.984375 1567445270.1622
CHLD 5 10.882812 1567445270.1623
MEM 728.406250 1567445270.2627
CHLD 0 694.164062 1567445270.2748
CHLD 1 685.757812 1567445270.2749
CHLD 2 709.863281 1567445270.2749
CHLD 3 10.859375 1567445270.2750
CHLD 4 10.984375 1567445270.2750
CHLD 5 10.882812 1567445270.2751
MEM 728.406250 1567445270.3755
CHLD 0 694.164062 1567445270.3933
CHLD 1 685.757812 1567445270.3934
CHLD 2 709.863281 1567445270.3934
CHLD 3 10.859375 1567445270.3935
CHLD 4 10.984375 1567445270.3936
CHLD 5 10.882812 1567445270.3936
MEM 728.406250 1567445270.4941
CHLD 0 694.164062 1567445270.5074
CHLD 1 685.757812 1567445270.5074
CHLD 2 709.863281 1567445270.5075
CHLD 3 10.859375 1567445270.5075
CHLD 4 10.984375 1567445270.5075
CHLD 5 10.882812 1567445270.5076
MEM 728.406250 1567445270.6081
CHLD 0 694.164062 1567445270.6211
CHLD 1 685.757812 1567445270.6212
CHLD 2 709.863281 1567445270.6212
CHLD 3 10.859375 1567445270.6213
CHLD 4 10.984375 1567445270.6213
CHLD 5 10.882812 1567445270.6214
MEM 728.406250 1567445270.7220
CHLD 0 694.164062 1567445270.7341
CHLD 1 685.757812 1567445270.7342
CHLD 2 709.863281 1567445270.7342
CHLD 3 10.859375 1567445270.7343
CHLD 4 10.984375 1567445270.7343
CHLD 5 10.882812 1567445270.7343
MEM 728.406250 1567445270.8348
CHLD 0 694.164062 1567445270.8478
CHLD 1 685.757812 1567445270.8479
CHLD 2 709.863281 1567445270.8479
CHLD 3 10.859375 1567445270.8479
CHLD 4 10.984375 1567445270.8480
CHLD 5 10.882812 1567445270.8480
MEM 728.406250 1567445270.9484
CHLD 0 694.164062 1567445270.9602
CHLD 1 685.757812 1567445270.9602
CHLD 2 709.863281 1567445270.9603
CHLD 3 10.859375 1567445270.9603
CHLD 4 10.984375 1567445270.9603
CHLD 5 10.882812 1567445270.9604
MEM 728.406250 1567445271.0609
CHLD 0 694.164062 1567445271.0755
CHLD 1 685.757812 1567445271.0756
CHLD 2 709.863281 1567445271.0756
CHLD 3 10.859375 1567445271.0757
CHLD 4 10.984375 1567445271.0757
CHLD 5 10.882812 1567445271.0758
MEM 728.406250 1567445271.1763
CHLD 0 694.164062 1567445271.1933
CHLD 1 685.757812 1567445271.1934
CHLD 2 709.863281 1567445271.1935
CHLD 3 10.859375 1567445271.1935
CHLD 4 10.984375 1567445271.1936
CHLD 5 10.882812 1567445271.1936
MEM 728.406250 1567445271.2941
CHLD 0 694.164062 1567445271.3079
CHLD 1 685.757812 1567445271.3080
CHLD 2 709.863281 1567445271.3080
CHLD 3 10.859375 1567445271.3081
CHLD 4 10.984375 1567445271.3082
CHLD 5 10.882812 1567445271.3082
MEM 728.406250 1567445271.4086
CHLD 0 694.164062 1567445271.4171
CHLD 1 685.757812 1567445271.4172
CHLD 2 709.863281 1567445271.4172
CHLD 3 10.859375 1567445271.4173
CHLD 4 10.984375 1567445271.4173
CHLD 5 10.882812 1567445271.4173
MEM 728.406250 1567445271.5178
CHLD 0 694.164062 1567445271.5328
CHLD 1 685.757812 1567445271.5329
CHLD 2 709.863281 1567445271.5330
CHLD 3 10.859375 1567445271.5330
CHLD 4 10.984375 1567445271.5331
CHLD 5 10.882812 1567445271.5332
MEM 728.406250 1567445271.6337
CHLD 0 694.164062 1567445271.6472
CHLD 1 685.757812 1567445271.6472
CHLD 2 709.863281 1567445271.6473
CHLD 3 10.859375 1567445271.6473
CHLD 4 10.984375 1567445271.6474
CHLD 5 10.882812 1567445271.6474
MEM 728.406250 1567445271.7479
CHLD 0 694.164062 1567445271.7606
CHLD 1 685.757812 1567445271.7606
CHLD 2 709.863281 1567445271.7606
CHLD 3 10.859375 1567445271.7607
CHLD 4 10.984375 1567445271.7607
CHLD 5 10.882812 1567445271.7607
MEM 728.406250 1567445271.8612
CHLD 0 694.164062 1567445271.8734
CHLD 1 685.757812 1567445271.8734
CHLD 2 709.863281 1567445271.8734
CHLD 3 10.859375 1567445271.8735
CHLD 4 10.984375 1567445271.8735
CHLD 5 10.882812 1567445271.8735
MEM 728.406250 1567445271.9740
CHLD 0 694.164062 1567445271.9873
CHLD 1 685.757812 1567445271.9874
CHLD 2 709.863281 1567445271.9874
CHLD 3 10.859375 1567445271.9874
CHLD 4 10.984375 1567445271.9875
CHLD 5 10.882812 1567445271.9875
MEM 728.406250 1567445272.0880
CHLD 0 694.164062 1567445272.1005
CHLD 1 685.757812 1567445272.1006
CHLD 2 709.863281 1567445272.1006
CHLD 3 10.859375 1567445272.1007
CHLD 4 10.984375 1567445272.1007
CHLD 5 10.882812 1567445272.1007
MEM 728.406250 1567445272.2011
CHLD 0 694.164062 1567445272.2147
CHLD 1 685.757812 1567445272.2147
CHLD 2 709.863281 1567445272.2147
CHLD 3 10.859375 1567445272.2148
CHLD 4 10.984375 1567445272.2148
CHLD 5 10.882812 1567445272.2148
MEM 728.406250 1567445272.3153
CHLD 0 694.164062 1567445272.3289
CHLD 1 685.757812 1567445272.3290
CHLD 2 709.863281 1567445272.3290
CHLD 3 10.859375 1567445272.3291
CHLD 4 10.984375 1567445272.3291
CHLD 5 10.882812 1567445272.3292
MEM 728.406250 1567445272.4296
CHLD 0 694.164062 1567445272.4430
CHLD 1 685.757812 1567445272.4431
CHLD 2 709.863281 1567445272.4431
CHLD 3 10.859375 1567445272.4431
CHLD 4 10.984375 1567445272.4432
CHLD 5 10.882812 1567445272.4432
MEM 728.406250 1567445272.5437
CHLD 0 694.164062 1567445272.5585
CHLD 1 685.757812 1567445272.5586
CHLD 2 709.863281 1567445272.5586
CHLD 3 10.859375 1567445272.5587
CHLD 4 10.984375 1567445272.5587
CHLD 5 10.882812 1567445272.5588
MEM 728.406250 1567445272.6591
CHLD 0 694.164062 1567445272.6674
CHLD 1 685.757812 1567445272.6675
CHLD 2 709.863281 1567445272.6675
CHLD 3 10.859375 1567445272.6675
CHLD 4 10.984375 1567445272.6676
CHLD 5 10.882812 1567445272.6676
MEM 728.406250 1567445272.7680
CHLD 0 694.164062 1567445272.7802
CHLD 1 685.757812 1567445272.7803
CHLD 2 709.863281 1567445272.7803
CHLD 3 10.859375 1567445272.7804
CHLD 4 10.984375 1567445272.7804
CHLD 5 10.882812 1567445272.7805
MEM 728.406250 1567445272.8810
CHLD 0 694.164062 1567445272.8950
CHLD 1 685.757812 1567445272.8950
CHLD 2 709.863281 1567445272.8951
CHLD 3 10.859375 1567445272.8951
CHLD 4 10.984375 1567445272.8951
CHLD 5 10.882812 1567445272.8952
MEM 728.406250 1567445272.9956
CHLD 0 694.164062 1567445273.0083
CHLD 1 685.757812 1567445273.0084
CHLD 2 709.863281 1567445273.0084
CHLD 3 10.859375 1567445273.0085
CHLD 4 10.984375 1567445273.0085
CHLD 5 10.882812 1567445273.0086
MEM 728.406250 1567445273.1091
CHLD 0 694.164062 1567445273.1228
CHLD 1 685.757812 1567445273.1229
CHLD 2 709.863281 1567445273.1229
CHLD 3 10.859375 1567445273.1229
CHLD 4 10.984375 1567445273.1230
CHLD 5 10.882812 1567445273.1230
MEM 728.406250 1567445273.2234
CHLD 0 694.164062 1567445273.2329
CHLD 1 685.757812 1567445273.2329
CHLD 2 709.863281 1567445273.2330
CHLD 3 10.859375 1567445273.2330
CHLD 4 10.984375 1567445273.2332
CHLD 5 10.882812 1567445273.2332
MEM 728.406250 1567445273.3337
CHLD 0 694.164062 1567445273.3478
CHLD 1 685.757812 1567445273.3478
CHLD 2 709.863281 1567445273.3479
CHLD 3 10.859375 1567445273.3480
CHLD 4 10.984375 1567445273.3480
CHLD 5 10.882812 1567445273.3481
MEM 728.406250 1567445273.4486
CHLD 0 694.164062 1567445273.4609
CHLD 1 685.757812 1567445273.4610
CHLD 2 709.863281 1567445273.4610
CHLD 3 10.859375 1567445273.4611
CHLD 4 10.984375 1567445273.4611
CHLD 5 10.882812 1567445273.4611
MEM 728.406250 1567445273.5617
CHLD 0 694.164062 1567445273.5801
CHLD 1 685.757812 1567445273.5802
CHLD 2 709.863281 1567445273.5803
CHLD 3 10.859375 1567445273.5803
CHLD 4 10.984375 1567445273.5804
CHLD 5 10.882812 1567445273.5805
MEM 728.406250 1567445273.6809
CHLD 0 694.164062 1567445273.6894
CHLD 1 685.757812 1567445273.6895
CHLD 2 709.863281 1567445273.6895
CHLD 3 10.859375 1567445273.6895
CHLD 4 10.984375 1567445273.6896
CHLD 5 10.882812 1567445273.6896
MEM 728.406250 1567445273.7901
CHLD 0 694.164062 1567445273.8024
CHLD 1 685.757812 1567445273.8025
CHLD 2 709.863281 1567445273.8025
CHLD 3 10.859375 1567445273.8026
CHLD 4 10.984375 1567445273.8026
CHLD 5 10.882812 1567445273.8026
MEM 728.406250 1567445273.9030
CHLD 0 694.164062 1567445273.9113
CHLD 1 685.757812 1567445273.9113
CHLD 2 709.863281 1567445273.9114
CHLD 3 10.859375 1567445273.9114
CHLD 4 10.984375 1567445273.9114
CHLD 5 10.882812 1567445273.9115
MEM 728.406250 1567445274.0118
CHLD 0 694.164062 1567445274.0201
CHLD 1 685.757812 1567445274.0202
CHLD 2 709.863281 1567445274.0202
CHLD 3 10.859375 1567445274.0202
CHLD 4 10.984375 1567445274.0203
CHLD 5 10.882812 1567445274.0203
MEM 728.406250 1567445274.1207
CHLD 0 694.164062 1567445274.1317
CHLD 1 685.757812 1567445274.1317
CHLD 2 709.863281 1567445274.1318
CHLD 3 10.859375 1567445274.1318
CHLD 4 10.984375 1567445274.1318
CHLD 5 10.882812 1567445274.1319
MEM 728.406250 1567445274.2324
CHLD 0 694.164062 1567445274.2449
CHLD 1 685.757812 1567445274.2449
CHLD 2 709.863281 1567445274.2450
CHLD 3 10.859375 1567445274.2450
CHLD 4 10.984375 1567445274.2450
CHLD 5 10.882812 1567445274.2451
MEM 728.406250 1567445274.3456
CHLD 0 694.164062 1567445274.3601
CHLD 1 685.757812 1567445274.3601
CHLD 2 709.863281 1567445274.3602
CHLD 3 10.859375 1567445274.3602
CHLD 4 10.984375 1567445274.3602
CHLD 5 10.882812 1567445274.3602
MEM 728.406250 1567445274.4607
CHLD 0 694.164062 1567445274.4734
CHLD 1 685.757812 1567445274.4735
CHLD 2 709.863281 1567445274.4735
CHLD 3 10.859375 1567445274.4736
CHLD 4 10.984375 1567445274.4736
CHLD 5 10.882812 1567445274.4737
MEM 728.406250 1567445274.5742
CHLD 0 694.164062 1567445274.5875
CHLD 1 685.757812 1567445274.5876
CHLD 2 709.863281 1567445274.5876
CHLD 3 10.859375 1567445274.5876
CHLD 4 10.984375 1567445274.5877
CHLD 5 10.882812 1567445274.5877
MEM 728.406250 1567445274.6882
CHLD 0 694.164062 1567445274.7007
CHLD 1 685.757812 1567445274.7007
CHLD 2 709.863281 1567445274.7009
CHLD 3 10.859375 1567445274.7009
CHLD 4 10.984375 1567445274.7009
CHLD 5 10.882812 1567445274.7010
MEM 728.406250 1567445274.8015
CHLD 0 694.164062 1567445274.8138
CHLD 1 685.757812 1567445274.8139
CHLD 2 709.863281 1567445274.8139
CHLD 3 10.859375 1567445274.8139
CHLD 4 10.984375 1567445274.8140
CHLD 5 10.882812 1567445274.8140
MEM 728.406250 1567445274.9144
CHLD 0 694.164062 1567445274.9284
CHLD 1 685.757812 1567445274.9285
CHLD 2 709.863281 1567445274.9285
CHLD 3 10.859375 1567445274.9286
CHLD 4 10.984375 1567445274.9287
CHLD 5 10.882812 1567445274.9287
MEM 728.406250 1567445275.0292
CHLD 0 694.164062 1567445275.0429
CHLD 1 685.757812 1567445275.0430
CHLD 2 709.863281 1567445275.0430
CHLD 3 10.859375 1567445275.0430
CHLD 4 10.984375 1567445275.0431
CHLD 5 10.882812 1567445275.0431
MEM 728.406250 1567445275.1436
CHLD 0 694.164062 1567445275.1578
CHLD 1 685.757812 1567445275.1578
CHLD 2 709.863281 1567445275.1579
CHLD 3 10.859375 1567445275.1580
CHLD 4 10.984375 1567445275.1580
CHLD 5 10.882812 1567445275.1581
MEM 728.406250 1567445275.2585
CHLD 0 694.164062 1567445275.2670
CHLD 1 685.757812 1567445275.2671
CHLD 2 709.863281 1567445275.2671
CHLD 3 10.859375 1567445275.2671
CHLD 4 10.984375 1567445275.2672
CHLD 5 10.882812 1567445275.2672
MEM 728.406250 1567445275.3676
CHLD 0 694.164062 1567445275.3805
CHLD 1 685.757812 1567445275.3805
CHLD 2 709.863281 1567445275.3806
CHLD 3 10.859375 1567445275.3806
CHLD 4 10.984375 1567445275.3806
CHLD 5 10.882812 1567445275.3807
MEM 728.406250 1567445275.4812
CHLD 0 694.164062 1567445275.4949
CHLD 1 685.757812 1567445275.4949
CHLD 2 709.863281 1567445275.4950
CHLD 3 10.859375 1567445275.4950
CHLD 4 10.984375 1567445275.4950
CHLD 5 10.882812 1567445275.4951
MEM 728.406250 1567445275.5956
CHLD 0 694.164062 1567445275.6085
CHLD 1 685.757812 1567445275.6086
CHLD 2 709.863281 1567445275.6086
CHLD 3 10.859375 1567445275.6086
CHLD 4 10.984375 1567445275.6087
CHLD 5 10.882812 1567445275.6087
MEM 728.406250 1567445275.7091
CHLD 0 694.164062 1567445275.7200
CHLD 1 685.757812 1567445275.7200
CHLD 2 709.863281 1567445275.7201
CHLD 3 10.859375 1567445275.7201
CHLD 4 10.984375 1567445275.7201
CHLD 5 10.882812 1567445275.7202
MEM 728.406250 1567445275.8206
CHLD 0 694.164062 1567445275.8294
CHLD 1 685.757812 1567445275.8294
CHLD 2 709.863281 1567445275.8295
CHLD 3 10.859375 1567445275.8295
CHLD 4 10.984375 1567445275.8295
CHLD 5 10.882812 1567445275.8296
MEM 728.406250 1567445275.9300
CHLD 0 694.164062 1567445275.9385
CHLD 1 685.757812 1567445275.9386
CHLD 2 709.863281 1567445275.9386
CHLD 3 10.859375 1567445275.9387
CHLD 4 10.984375 1567445275.9387
CHLD 5 10.882812 1567445275.9387
MEM 728.406250 1567445276.0393
CHLD 0 694.164062 1567445276.0520
CHLD 1 685.757812 1567445276.0521
CHLD 2 709.863281 1567445276.0521
CHLD 3 10.859375 1567445276.0522
CHLD 4 10.984375 1567445276.0522
CHLD 5 10.882812 1567445276.0523
MEM 728.406250 1567445276.1527
CHLD 0 694.164062 1567445276.1665
CHLD 1 685.757812 1567445276.1665
CHLD 2 709.863281 1567445276.1666
CHLD 3 10.859375 1567445276.1666
CHLD 4 10.984375 1567445276.1667
CHLD 5 10.882812 1567445276.1667
MEM 728.406250 1567445276.2672
CHLD 0 694.164062 1567445276.2800
CHLD 1 685.757812 1567445276.2801
CHLD 2 709.863281 1567445276.2801
CHLD 3 10.859375 1567445276.2801
CHLD 4 10.984375 1567445276.2802
CHLD 5 10.882812 1567445276.2802
MEM 728.406250 1567445276.3807
CHLD 0 694.164062 1567445276.3946
CHLD 1 685.757812 1567445276.3946
CHLD 2 709.863281 1567445276.3947
CHLD 3 10.859375 1567445276.3947
CHLD 4 10.984375 1567445276.3947
CHLD 5 10.882812 1567445276.3948
MEM 728.406250 1567445276.4953
CHLD 0 694.164062 1567445276.5086
CHLD 1 685.757812 1567445276.5087
CHLD 2 709.863281 1567445276.5088
CHLD 3 10.859375 1567445276.5088
CHLD 4 10.984375 1567445276.5089
CHLD 5 10.882812 1567445276.5089
MEM 728.406250 1567445276.6095
CHLD 0 694.164062 1567445276.6250
CHLD 1 685.757812 1567445276.6251
CHLD 2 709.863281 1567445276.6251
CHLD 3 10.859375 1567445276.6252
CHLD 4 10.984375 1567445276.6253
CHLD 5 10.882812 1567445276.6253
MEM 728.406250 1567445276.7258
CHLD 0 694.164062 1567445276.7378
CHLD 1 685.757812 1567445276.7378
CHLD 2 709.863281 1567445276.7378
CHLD 3 10.859375 1567445276.7379
CHLD 4 10.984375 1567445276.7379
CHLD 5 10.882812 1567445276.7379
MEM 728.406250 1567445276.8385
CHLD 0 694.164062 1567445276.8524
CHLD 1 685.757812 1567445276.8524
CHLD 2 709.863281 1567445276.8524
CHLD 3 10.859375 1567445276.8525
CHLD 4 10.984375 1567445276.8525
CHLD 5 10.882812 1567445276.8525
MEM 728.406250 1567445276.9530
CHLD 0 694.164062 1567445276.9667
CHLD 1 685.757812 1567445276.9668
CHLD 2 709.863281 1567445276.9668
CHLD 3 10.859375 1567445276.9669
CHLD 4 10.984375 1567445276.9669
CHLD 5 10.882812 1567445276.9669
MEM 728.406250 1567445277.0674
CHLD 0 694.164062 1567445277.0803
CHLD 1 685.757812 1567445277.0803
CHLD 2 709.863281 1567445277.0803
CHLD 3 10.859375 1567445277.0804
CHLD 4 10.984375 1567445277.0804
CHLD 5 10.882812 1567445277.0804
MEM 728.406250 1567445277.1808
CHLD 0 694.164062 1567445277.1948
CHLD 1 685.757812 1567445277.1949
CHLD 2 709.863281 1567445277.1949
CHLD 3 10.859375 1567445277.1950
CHLD 4 10.984375 1567445277.1950
CHLD 5 10.882812 1567445277.1951
MEM 728.406250 1567445277.2955
CHLD 0 694.164062 1567445277.3037
CHLD 1 685.757812 1567445277.3038
CHLD 2 709.863281 1567445277.3038
CHLD 3 10.859375 1567445277.3038
CHLD 4 10.984375 1567445277.3039
CHLD 5 10.882812 1567445277.3039
MEM 728.406250 1567445277.4042
CHLD 0 694.164062 1567445277.4123
CHLD 1 685.757812 1567445277.4123
CHLD 2 709.863281 1567445277.4123
CHLD 3 10.859375 1567445277.4124
CHLD 4 10.984375 1567445277.4124
CHLD 5 10.882812 1567445277.4124
MEM 728.406250 1567445277.5128
CHLD 0 694.164062 1567445277.5210
CHLD 1 685.757812 1567445277.5210
CHLD 2 709.863281 1567445277.5211
CHLD 3 10.859375 1567445277.5211
CHLD 4 10.984375 1567445277.5211
CHLD 5 10.882812 1567445277.5212
MEM 728.406250 1567445277.6216
CHLD 0 694.164062 1567445277.6347
CHLD 1 685.757812 1567445277.6348
CHLD 2 709.863281 1567445277.6348
CHLD 3 10.859375 1567445277.6348
CHLD 4 10.984375 1567445277.6349
CHLD 5 10.882812 1567445277.6349
MEM 728.406250 1567445277.7354
CHLD 0 694.164062 1567445277.7481
CHLD 1 685.757812 1567445277.7482
CHLD 2 709.863281 1567445277.7482
CHLD 3 10.859375 1567445277.7483
CHLD 4 10.984375 1567445277.7483
CHLD 5 10.882812 1567445277.7483
MEM 728.406250 1567445277.8487
CHLD 0 694.164062 1567445277.8625
CHLD 1 685.757812 1567445277.8626
CHLD 2 709.863281 1567445277.8626
CHLD 3 10.859375 1567445277.8626
CHLD 4 10.984375 1567445277.8627
CHLD 5 10.882812 1567445277.8627
MEM 728.406250 1567445277.9632
CHLD 0 694.164062 1567445277.9760
CHLD 1 685.757812 1567445277.9760
CHLD 2 709.863281 1567445277.9761
CHLD 3 10.859375 1567445277.9761
CHLD 4 10.984375 1567445277.9761
CHLD 5 10.882812 1567445277.9762
MEM 728.406250 1567445278.0767
CHLD 0 694.164062 1567445278.0907
CHLD 1 685.757812 1567445278.0907
CHLD 2 709.863281 1567445278.0908
CHLD 3 10.859375 1567445278.0908
CHLD 4 10.984375 1567445278.0908
CHLD 5 10.882812 1567445278.0909
MEM 728.406250 1567445278.1913
CHLD 0 694.164062 1567445278.1997
CHLD 1 685.757812 1567445278.1997
CHLD 2 709.863281 1567445278.1998
CHLD 3 10.859375 1567445278.1998
CHLD 4 10.984375 1567445278.1998
CHLD 5 10.882812 1567445278.1999
MEM 728.406250 1567445278.3003
CHLD 0 694.164062 1567445278.3143
CHLD 1 685.757812 1567445278.3144
CHLD 2 709.863281 1567445278.3144
CHLD 3 10.859375 1567445278.3145
CHLD 4 10.984375 1567445278.3145
CHLD 5 10.882812 1567445278.3145
