CMDLINE /home/dn16382/anaconda3/bin/python mnist_example.py
MEM 2.027344 1567439622.7461
MEM 13.578125 1567439622.8550
MEM 28.062500 1567439622.9773
MEM 37.800781 1567439623.0855
MEM 44.789062 1567439623.1935
MEM 64.890625 1567439623.3065
MEM 73.675781 1567439623.4219
MEM 80.304688 1567439623.5322
MEM 123.257812 1567439623.6403
MEM 161.269531 1567439623.7518
MEM 164.726562 1567439623.8611
MEM 167.320312 1567439623.9746
MEM 176.601562 1567439624.0877
MEM 182.359375 1567439624.2009
MEM 189.171875 1567439624.3141
MEM 201.539062 1567439624.4273
MEM 206.718750 1567439624.5415
MEM 215.156250 1567439624.6546
MEM 221.128906 1567439624.7665
MEM 231.097656 1567439624.8805
MEM 238.402344 1567439624.9939
MEM 254.503906 1567439625.1071
MEM 258.179688 1567439625.2151
MEM 265.421875 1567439625.3232
MEM 274.605469 1567439625.4312
MEM 290.847656 1567439625.5404
MEM 307.089844 1567439625.6486
MEM 376.812500 1567439625.7567
MEM 366.382812 1567439625.8650
MEM 462.804688 1567439625.9730
MEM 625.484375 1567439626.0813
MEM 680.464844 1567439626.1897
MEM 650.511719 1567439626.3024
MEM 711.722656 1567439626.4112
CHLD 0 601.027344 1567439626.4196
CHLD 1 601.027344 1567439626.4196
MEM 873.769531 1567439626.5201
CHLD 0 601.027344 1567439626.5285
CHLD 1 601.027344 1567439626.5285
CHLD 2 601.027344 1567439626.5286
CHLD 3 601.027344 1567439626.5286
MEM 1075.339844 1567439626.6290
CHLD 0 601.027344 1567439626.6373
CHLD 1 601.027344 1567439626.6373
CHLD 2 601.027344 1567439626.6374
CHLD 3 601.027344 1567439626.6374
MEM 1266.636719 1567439626.7378
CHLD 0 601.027344 1567439626.7460
CHLD 1 601.027344 1567439626.7461
CHLD 2 601.027344 1567439626.7461
CHLD 3 601.027344 1567439626.7461
MEM 1458.121094 1567439626.8466
CHLD 0 601.027344 1567439626.8548
CHLD 1 601.027344 1567439626.8548
CHLD 2 601.027344 1567439626.8548
CHLD 3 601.027344 1567439626.8549
MEM 1135.902344 1567439626.9553
CHLD 0 656.710938 1567439626.9662
CHLD 1 601.027344 1567439626.9663
CHLD 2 601.027344 1567439626.9664
CHLD 3 601.027344 1567439626.9664
MEM 1135.902344 1567439627.0668
CHLD 0 807.273438 1567439627.0815
CHLD 1 601.027344 1567439627.0816
CHLD 2 601.027344 1567439627.0816
CHLD 3 601.027344 1567439627.0817
MEM 1135.902344 1567439627.1822
CHLD 0 966.601562 1567439627.1940
CHLD 1 601.027344 1567439627.1941
CHLD 2 601.027344 1567439627.1942
CHLD 3 601.027344 1567439627.1942
MEM 788.234375 1567439627.2947
CHLD 0 1154.289062 1567439627.3093
CHLD 1 601.027344 1567439627.3094
CHLD 2 601.027344 1567439627.3095
CHLD 3 601.027344 1567439627.3096
MEM 989.328125 1567439627.4102
CHLD 0 1355.640625 1567439627.4252
CHLD 1 601.027344 1567439627.4252
CHLD 2 601.027344 1567439627.4253
CHLD 3 601.027344 1567439627.4254
MEM 1185.781250 1567439627.5259
CHLD 0 1105.312500 1567439627.5404
CHLD 1 601.042969 1567439627.5405
CHLD 2 601.027344 1567439627.5405
CHLD 3 601.027344 1567439627.5406
MEM 1383.007812 1567439627.6411
CHLD 0 1307.695312 1567439627.6594
CHLD 1 601.042969 1567439627.6595
CHLD 2 601.027344 1567439627.6596
CHLD 3 601.027344 1567439627.6596
MEM 1235.906250 1567439627.7600
CHLD 0 1024.371094 1567439627.7859
CHLD 1 623.996094 1567439627.7860
CHLD 2 601.027344 1567439627.7861
CHLD 3 601.027344 1567439627.7861
MEM 1135.906250 1567439627.8866
CHLD 0 1035.066406 1567439627.9018
CHLD 1 762.957031 1567439627.9018
CHLD 2 601.027344 1567439627.9019
CHLD 3 601.027344 1567439627.9020
CHLD 4 10.742188 1567439627.9020
MEM 1135.906250 1567439628.0025
CHLD 0 1037.429688 1567439628.0161
CHLD 1 927.699219 1567439628.0161
CHLD 2 601.027344 1567439628.0162
CHLD 3 601.027344 1567439628.0162
CHLD 4 10.742188 1567439628.0163
MEM 724.054688 1567439628.1167
CHLD 0 1041.921875 1567439628.1305
CHLD 1 1073.878906 1567439628.1306
CHLD 2 601.027344 1567439628.1306
CHLD 3 601.027344 1567439628.1307
CHLD 4 10.742188 1567439628.1307
MEM 924.632812 1567439628.2727
CHLD 0 1054.019531 1567439628.2969
CHLD 1 1261.824219 1567439628.2970
CHLD 2 601.027344 1567439628.2970
CHLD 3 601.027344 1567439628.2971
CHLD 4 10.742188 1567439628.2972
MEM 1075.968750 1567439628.3976
CHLD 0 1054.386719 1567439628.4184
CHLD 1 1382.480469 1567439628.4185
CHLD 2 601.027344 1567439628.4186
CHLD 3 601.027344 1567439628.4187
CHLD 4 10.742188 1567439628.4188
MEM 1198.687500 1567439628.5194
CHLD 0 1056.570312 1567439628.5346
CHLD 1 1073.355469 1567439628.5347
CHLD 2 601.042969 1567439628.5348
CHLD 3 601.027344 1567439628.5348
CHLD 4 10.742188 1567439628.5349
MEM 1333.007812 1567439628.6355
CHLD 0 1056.921875 1567439628.6517
CHLD 1 1224.433594 1567439628.6518
CHLD 2 601.042969 1567439628.6518
CHLD 3 601.027344 1567439628.6519
CHLD 4 10.742188 1567439628.6520
MEM 1524.851562 1567439628.7524
CHLD 0 1060.101562 1567439628.7676
CHLD 1 1382.269531 1567439628.7677
CHLD 2 601.042969 1567439628.7677
CHLD 3 601.027344 1567439628.7678
CHLD 4 10.742188 1567439628.7679
MEM 1135.914062 1567439628.8683
CHLD 0 1060.542969 1567439628.8826
CHLD 1 1024.367188 1567439628.8827
CHLD 2 722.480469 1567439628.8828
CHLD 3 601.027344 1567439628.8828
CHLD 4 10.742188 1567439628.8829
MEM 1135.914062 1567439628.9833
CHLD 0 1061.253906 1567439628.9980
CHLD 1 1028.898438 1567439628.9980
CHLD 2 853.707031 1567439628.9981
CHLD 3 601.027344 1567439628.9982
CHLD 4 10.027344 1567439628.9982
CHLD 5 10.742188 1567439629.0064
MEM 1135.914062 1567439629.1068
CHLD 0 1061.890625 1567439629.1318
CHLD 1 1036.878906 1567439629.1319
CHLD 2 1008.910156 1567439629.1319
CHLD 3 601.027344 1567439629.1320
CHLD 4 10.730469 1567439629.1321
CHLD 5 10.742188 1567439629.1321
MEM 751.906250 1567439629.2326
CHLD 0 1070.652344 1567439629.2576
CHLD 1 1037.425781 1567439629.2577
CHLD 2 1150.707031 1567439629.2577
CHLD 3 601.027344 1567439629.2578
CHLD 4 10.730469 1567439629.2579
CHLD 5 10.742188 1567439629.2579
MEM 871.789062 1567439629.3583
CHLD 0 1074.878906 1567439629.3848
CHLD 1 1040.582031 1567439629.3848
CHLD 2 1292.761719 1567439629.3849
CHLD 3 601.027344 1567439629.3850
CHLD 4 10.730469 1567439629.3850
CHLD 5 10.742188 1567439629.3851
MEM 972.335938 1567439629.4855
CHLD 0 1075.250000 1567439629.5128
CHLD 1 1042.730469 1567439629.5128
CHLD 2 1431.464844 1567439629.5129
CHLD 3 601.027344 1567439629.5130
CHLD 4 10.730469 1567439629.5130
CHLD 5 10.742188 1567439629.5131
MEM 1099.437500 1567439629.6136
CHLD 0 1075.347656 1567439629.6439
CHLD 1 1054.097656 1567439629.6439
CHLD 2 1134.714844 1567439629.6440
CHLD 3 601.042969 1567439629.6441
CHLD 4 10.730469 1567439629.6442
CHLD 5 10.742188 1567439629.6443
MEM 1241.492188 1567439629.7447
CHLD 0 1082.406250 1567439629.7741
CHLD 1 1054.500000 1567439629.7741
CHLD 2 1290.691406 1567439629.7742
CHLD 3 601.042969 1567439629.7743
CHLD 4 10.730469 1567439629.7743
CHLD 5 10.742188 1567439629.7744
MEM 1365.500000 1567439629.8749
CHLD 0 1083.179688 1567439629.8940
CHLD 1 1056.707031 1567439629.8941
CHLD 2 1415.269531 1567439629.8942
CHLD 3 601.042969 1567439629.8942
CHLD 4 10.730469 1567439629.8943
CHLD 5 10.742188 1567439629.8944
MEM 1487.992188 1567439629.9948
CHLD 0 1084.703125 1567439630.0159
CHLD 1 1059.031250 1567439630.0160
CHLD 2 1024.367188 1567439630.0160
CHLD 3 601.042969 1567439630.0161
CHLD 4 10.730469 1567439630.0161
CHLD 5 10.742188 1567439630.0162
MEM 1135.929688 1567439630.1166
CHLD 0 1084.703125 1567439630.1359
CHLD 1 1060.597656 1567439630.1360
CHLD 2 1026.593750 1567439630.1361
CHLD 3 625.546875 1567439630.1361
CHLD 4 6.464844 1567439630.1362
CHLD 5 10.730469 1567439630.1363
CHLD 6 10.742188 1567439630.1363
MEM 1135.929688 1567439630.2367
CHLD 0 1084.703125 1567439630.2510
CHLD 1 1060.914062 1567439630.2510
CHLD 2 1033.855469 1567439630.2511
CHLD 3 676.593750 1567439630.2512
CHLD 4 8.933594 1567439630.2512
CHLD 5 10.730469 1567439630.2513
CHLD 6 10.742188 1567439630.2513
MEM 1135.929688 1567439630.3517
CHLD 0 1084.703125 1567439630.3792
CHLD 1 1061.523438 1567439630.3792
CHLD 2 1037.226562 1567439630.3793
CHLD 3 732.281250 1567439630.3795
CHLD 4 10.703125 1567439630.3798
CHLD 5 10.730469 1567439630.3801
CHLD 6 10.742188 1567439630.3805
MEM 1135.929688 1567439630.4810
CHLD 0 1084.703125 1567439630.5105
CHLD 1 1062.156250 1567439630.5106
CHLD 2 1040.816406 1567439630.5106
CHLD 3 814.523438 1567439630.5107
CHLD 4 10.703125 1567439630.5108
CHLD 5 10.730469 1567439630.5108
CHLD 6 10.742188 1567439630.5109
MEM 1135.929688 1567439630.6113
CHLD 0 1084.703125 1567439630.6274
CHLD 1 1062.644531 1567439630.6274
CHLD 2 1049.453125 1567439630.6275
CHLD 3 902.179688 1567439630.6276
CHLD 4 10.703125 1567439630.6276
CHLD 5 10.730469 1567439630.6277
CHLD 6 10.742188 1567439630.6278
MEM 1135.929688 1567439630.7284
CHLD 0 1084.703125 1567439630.7516
CHLD 1 1063.281250 1567439630.7517
CHLD 2 1054.082031 1567439630.7517
CHLD 3 984.679688 1567439630.7518
CHLD 4 10.703125 1567439630.7519
CHLD 5 10.730469 1567439630.7519
CHLD 6 10.742188 1567439630.7520
MEM 717.117188 1567439630.8527
CHLD 0 1084.703125 1567439630.8691
CHLD 1 1064.089844 1567439630.8691
CHLD 2 1054.500000 1567439630.8692
CHLD 3 1065.890625 1567439630.8693
CHLD 4 10.703125 1567439630.8694
CHLD 5 10.730469 1567439630.8695
CHLD 6 10.742188 1567439630.8695
MEM 791.109375 1567439630.9700
CHLD 0 1084.703125 1567439630.9982
CHLD 1 1064.773438 1567439630.9983
CHLD 2 1054.738281 1567439630.9984
CHLD 3 1211.296875 1567439630.9985
CHLD 4 10.703125 1567439630.9985
CHLD 5 10.730469 1567439630.9986
CHLD 6 10.742188 1567439630.9987
MEM 867.937500 1567439631.1006
CHLD 0 1084.703125 1567439631.1417
CHLD 1 1065.406250 1567439631.1418
CHLD 2 1055.171875 1567439631.1418
CHLD 3 1353.351562 1567439631.1419
CHLD 4 10.703125 1567439631.1420
CHLD 5 10.730469 1567439631.1420
CHLD 6 10.742188 1567439631.1421
MEM 989.625000 1567439631.2429
CHLD 0 1084.703125 1567439631.2590
CHLD 1 1072.839844 1567439631.2590
CHLD 2 1055.171875 1567439631.2591
CHLD 3 1033.910156 1567439631.2591
CHLD 4 10.703125 1567439631.2592
CHLD 5 10.730469 1567439631.2593
CHLD 6 10.742188 1567439631.2593
MEM 1108.218750 1567439631.3598
CHLD 0 1084.703125 1567439631.3929
CHLD 1 1077.417969 1567439631.3930
CHLD 2 1056.625000 1567439631.3930
CHLD 3 1114.089844 1567439631.3931
CHLD 4 10.703125 1567439631.3932
CHLD 5 10.730469 1567439631.3932
CHLD 6 10.742188 1567439631.3933
MEM 1251.820312 1567439631.4937
CHLD 0 1084.703125 1567439631.5188
CHLD 1 1083.273438 1567439631.5188
CHLD 2 1060.054688 1567439631.5189
CHLD 3 1169.519531 1567439631.5189
CHLD 4 10.703125 1567439631.5190
CHLD 5 10.730469 1567439631.5190
CHLD 6 10.742188 1567439631.5191
MEM 1321.429688 1567439631.6195
CHLD 0 1084.703125 1567439631.6458
CHLD 1 1084.808594 1567439631.6459
CHLD 2 1060.523438 1567439631.6459
CHLD 3 1270.066406 1567439631.6460
CHLD 4 10.703125 1567439631.6461
CHLD 5 10.730469 1567439631.6461
CHLD 6 10.742188 1567439631.6462
MEM 1395.679688 1567439631.7466
CHLD 0 1084.703125 1567439631.7794
CHLD 1 1084.808594 1567439631.7795
CHLD 2 1060.835938 1567439631.7795
CHLD 3 1367.261719 1567439631.7796
CHLD 4 10.703125 1567439631.7796
CHLD 5 10.730469 1567439631.7797
CHLD 6 10.742188 1567439631.7798
MEM 1527.968750 1567439631.8802
CHLD 0 1084.703125 1567439631.9101
CHLD 1 1084.808594 1567439631.9102
CHLD 2 1060.835938 1567439631.9102
CHLD 3 1024.355469 1567439631.9103
CHLD 4 10.703125 1567439631.9104
CHLD 5 10.730469 1567439631.9104
CHLD 6 10.742188 1567439631.9105
MEM 1135.929688 1567439632.0110
CHLD 0 1084.703125 1567439632.0500
CHLD 1 1084.808594 1567439632.0501
CHLD 2 1061.265625 1567439632.0502
CHLD 3 1028.898438 1567439632.0587
CHLD 4 7.769531 1567439632.0588
CHLD 5 10.703125 1567439632.0588
CHLD 6 10.730469 1567439632.0589
CHLD 7 10.742188 1567439632.0589
MEM 1135.929688 1567439632.1596
CHLD 0 1084.703125 1567439632.1980
CHLD 1 1087.757812 1567439632.1980
CHLD 2 1061.597656 1567439632.1981
CHLD 3 1036.726562 1567439632.1981
CHLD 4 10.050781 1567439632.1982
CHLD 5 10.703125 1567439632.1982
CHLD 6 10.730469 1567439632.1983
CHLD 7 10.742188 1567439632.1984
MEM 1135.929688 1567439632.2988
CHLD 0 1084.703125 1567439632.3201
CHLD 1 1087.757812 1567439632.3202
CHLD 2 1061.996094 1567439632.3202
CHLD 3 1037.226562 1567439632.3203
CHLD 4 10.757812 1567439632.3203
CHLD 5 10.703125 1567439632.3204
CHLD 6 10.730469 1567439632.3204
CHLD 7 10.742188 1567439632.3205
MEM 1135.929688 1567439632.4211
CHLD 0 1084.703125 1567439632.4420
CHLD 1 1119.554688 1567439632.4421
CHLD 2 1062.328125 1567439632.4422
CHLD 3 1040.093750 1567439632.4422
CHLD 4 10.757812 1567439632.4423
CHLD 5 10.703125 1567439632.4424
CHLD 6 10.730469 1567439632.4425
CHLD 7 10.742188 1567439632.4425
MEM 1135.929688 1567439632.5548
CHLD 0 1084.703125 1567439632.5746
CHLD 1 1133.531250 1567439632.5747
CHLD 2 1062.617188 1567439632.5747
CHLD 3 1042.886719 1567439632.5748
CHLD 4 10.757812 1567439632.5749
CHLD 5 10.703125 1567439632.5749
CHLD 6 10.730469 1567439632.5750
CHLD 7 10.742188 1567439632.5751
MEM 1135.929688 1567439632.6755
CHLD 0 1084.703125 1567439632.6976
CHLD 1 1136.882812 1567439632.6976
CHLD 2 1070.152344 1567439632.6977
CHLD 3 1050.832031 1567439632.6977
CHLD 4 10.757812 1567439632.6978
CHLD 5 10.703125 1567439632.6979
CHLD 6 10.730469 1567439632.6979
CHLD 7 10.742188 1567439632.6980
MEM 1135.929688 1567439632.7984
CHLD 0 1084.703125 1567439632.8175
CHLD 1 1138.171875 1567439632.8176
CHLD 2 1073.621094 1567439632.8176
CHLD 3 1053.417969 1567439632.8177
CHLD 4 10.757812 1567439632.8178
CHLD 5 10.703125 1567439632.8178
CHLD 6 10.730469 1567439632.8179
CHLD 7 10.742188 1567439632.8180
MEM 1135.929688 1567439632.9185
CHLD 0 1084.703125 1567439632.9325
CHLD 1 1138.171875 1567439632.9326
CHLD 2 1075.781250 1567439632.9327
CHLD 3 1054.351562 1567439632.9327
CHLD 4 10.757812 1567439632.9328
CHLD 5 10.703125 1567439632.9329
CHLD 6 10.730469 1567439632.9329
CHLD 7 10.742188 1567439632.9330
MEM 1135.929688 1567439633.0334
CHLD 0 1084.703125 1567439633.0500
CHLD 1 1139.718750 1567439633.0501
CHLD 2 1079.175781 1567439633.0502
CHLD 3 1054.582031 1567439633.0568
CHLD 4 10.757812 1567439633.0582
CHLD 5 10.703125 1567439633.0583
CHLD 6 10.730469 1567439633.0584
CHLD 7 10.742188 1567439633.0585
MEM 1135.929688 1567439633.1590
CHLD 0 1084.703125 1567439633.1825
CHLD 1 1140.750000 1567439633.1826
CHLD 2 1082.375000 1567439633.1827
CHLD 3 1054.820312 1567439633.1827
CHLD 4 10.757812 1567439633.1828
CHLD 5 10.703125 1567439633.1828
CHLD 6 10.730469 1567439633.1829
CHLD 7 10.742188 1567439633.1830
MEM 1135.929688 1567439633.2835
CHLD 0 1084.703125 1567439633.3099
CHLD 1 1142.296875 1567439633.3100
CHLD 2 1082.375000 1567439633.3101
CHLD 3 1056.656250 1567439633.3102
CHLD 4 10.757812 1567439633.3102
CHLD 5 10.703125 1567439633.3103
CHLD 6 10.730469 1567439633.3104
CHLD 7 10.742188 1567439633.3104
MEM 1135.929688 1567439633.4111
CHLD 0 1084.703125 1567439633.4474
CHLD 1 1142.296875 1567439633.4474
CHLD 2 1082.375000 1567439633.4475
CHLD 3 1056.816406 1567439633.4476
CHLD 4 10.757812 1567439633.4476
CHLD 5 10.703125 1567439633.4477
CHLD 6 10.730469 1567439633.4477
CHLD 7 10.742188 1567439633.4478
MEM 1135.929688 1567439633.5485
CHLD 0 1084.703125 1567439633.5891
CHLD 1 1142.296875 1567439633.5891
CHLD 2 1082.375000 1567439633.5892
CHLD 3 1059.949219 1567439633.5893
CHLD 4 10.757812 1567439633.5893
CHLD 5 10.703125 1567439633.5894
CHLD 6 10.730469 1567439633.5945
CHLD 7 10.742188 1567439633.5946
MEM 1135.929688 1567439633.6950
CHLD 0 1084.703125 1567439633.7121
CHLD 1 1142.296875 1567439633.7121
CHLD 2 1105.824219 1567439633.7122
CHLD 3 1060.414062 1567439633.7123
CHLD 4 10.757812 1567439633.7123
CHLD 5 10.703125 1567439633.7124
CHLD 6 10.730469 1567439633.7124
CHLD 7 10.742188 1567439633.7125
MEM 1135.929688 1567439633.8137
CHLD 0 1084.703125 1567439633.8467
CHLD 1 1144.359375 1567439633.8468
CHLD 2 1112.011719 1567439633.8468
CHLD 3 1060.414062 1567439633.8469
CHLD 4 10.757812 1567439633.8469
CHLD 5 10.703125 1567439633.8470
CHLD 6 10.730469 1567439633.8500
CHLD 7 10.742188 1567439633.8501
MEM 1135.929688 1567439633.9506
CHLD 0 1084.703125 1567439633.9675
CHLD 1 1145.390625 1567439633.9675
CHLD 2 1113.042969 1567439633.9676
CHLD 3 1060.605469 1567439633.9677
CHLD 4 10.757812 1567439633.9678
CHLD 5 10.703125 1567439633.9678
CHLD 6 10.730469 1567439633.9679
CHLD 7 10.742188 1567439633.9680
MEM 1135.929688 1567439634.0684
CHLD 0 1084.703125 1567439634.1352
CHLD 1 1145.390625 1567439634.1353
CHLD 2 1115.878906 1567439634.1353
CHLD 3 1060.929688 1567439634.1354
CHLD 4 10.757812 1567439634.1354
CHLD 5 10.703125 1567439634.1355
CHLD 6 10.730469 1567439634.1356
CHLD 7 10.742188 1567439634.1356
MEM 1135.929688 1567439634.2386
CHLD 0 1084.703125 1567439634.3003
CHLD 1 1145.390625 1567439634.3004
CHLD 2 1115.878906 1567439634.3004
CHLD 3 1061.109375 1567439634.3005
CHLD 4 10.757812 1567439634.3005
CHLD 5 10.703125 1567439634.3006
CHLD 6 10.730469 1567439634.3007
CHLD 7 10.742188 1567439634.3007
MEM 1135.929688 1567439634.4012
CHLD 0 1084.703125 1567439634.4231
CHLD 1 1145.390625 1567439634.4232
CHLD 2 1116.910156 1567439634.4232
CHLD 3 1061.273438 1567439634.4233
CHLD 4 10.757812 1567439634.4234
CHLD 5 10.703125 1567439634.4234
CHLD 6 10.730469 1567439634.4235
CHLD 7 10.742188 1567439634.4235
MEM 1135.929688 1567439634.5240
CHLD 0 1084.703125 1567439634.5487
CHLD 1 1145.390625 1567439634.5487
CHLD 2 1116.910156 1567439634.5488
CHLD 3 1061.500000 1567439634.5488
CHLD 4 10.757812 1567439634.5488
CHLD 5 10.703125 1567439634.5489
CHLD 6 10.730469 1567439634.5489
CHLD 7 10.742188 1567439634.5489
MEM 1135.929688 1567439634.6494
CHLD 0 1084.703125 1567439634.6679
CHLD 1 1147.195312 1567439634.6680
CHLD 2 1119.230469 1567439634.6681
CHLD 3 1061.832031 1567439634.6682
CHLD 4 10.757812 1567439634.6682
CHLD 5 10.703125 1567439634.6683
CHLD 6 10.730469 1567439634.6683
CHLD 7 10.742188 1567439634.6684
MEM 1135.929688 1567439634.7688
CHLD 0 1084.703125 1567439634.7850
CHLD 1 1147.195312 1567439634.7851
CHLD 2 1119.230469 1567439634.7851
CHLD 3 1062.082031 1567439634.7852
CHLD 4 10.757812 1567439634.7853
CHLD 5 10.703125 1567439634.7853
CHLD 6 10.730469 1567439634.7854
CHLD 7 10.742188 1567439634.7855
MEM 1135.929688 1567439634.8860
CHLD 0 1084.703125 1567439634.9277
CHLD 1 1147.195312 1567439634.9343
CHLD 2 1119.230469 1567439634.9346
CHLD 3 1062.417969 1567439634.9347
CHLD 4 10.757812 1567439634.9347
CHLD 5 10.703125 1567439634.9348
CHLD 6 10.730469 1567439634.9348
CHLD 7 10.742188 1567439634.9349
MEM 1135.929688 1567439635.0357
CHLD 0 1084.875000 1567439635.0754
CHLD 1 1149.515625 1567439635.0755
CHLD 2 1119.230469 1567439635.0755
CHLD 3 1062.582031 1567439635.0756
CHLD 4 10.757812 1567439635.0756
CHLD 5 10.703125 1567439635.0757
CHLD 6 10.730469 1567439635.0758
CHLD 7 10.742188 1567439635.0758
MEM 1135.929688 1567439635.1765
CHLD 0 1084.875000 1567439635.2172
CHLD 1 1149.515625 1567439635.2180
CHLD 2 1119.230469 1567439635.2181
CHLD 3 1062.906250 1567439635.2182
CHLD 4 10.757812 1567439635.2183
CHLD 5 10.703125 1567439635.2183
CHLD 6 10.730469 1567439635.2184
CHLD 7 10.742188 1567439635.2185
MEM 1135.929688 1567439635.3190
CHLD 0 1084.875000 1567439635.3434
CHLD 1 1149.515625 1567439635.3435
CHLD 2 1119.230469 1567439635.3435
CHLD 3 1063.277344 1567439635.3436
CHLD 4 10.757812 1567439635.3436
CHLD 5 10.703125 1567439635.3437
CHLD 6 10.730469 1567439635.3438
CHLD 7 10.742188 1567439635.3438
MEM 1135.929688 1567439635.4446
CHLD 0 1084.875000 1567439635.4730
CHLD 1 1151.062500 1567439635.4731
CHLD 2 1119.230469 1567439635.4731
CHLD 3 1063.460938 1567439635.4732
CHLD 4 10.757812 1567439635.4732
CHLD 5 10.703125 1567439635.4733
CHLD 6 10.730469 1567439635.4733
CHLD 7 10.742188 1567439635.4734
MEM 1135.929688 1567439635.5740
CHLD 0 1084.875000 1567439635.5989
CHLD 1 1152.609375 1567439635.5991
CHLD 2 1120.261719 1567439635.6000
CHLD 3 1063.796875 1567439635.6001
CHLD 4 10.757812 1567439635.6002
CHLD 5 10.703125 1567439635.6002
CHLD 6 10.730469 1567439635.6003
CHLD 7 10.742188 1567439635.6004
MEM 1135.929688 1567439635.7010
CHLD 0 1084.875000 1567439635.7186
CHLD 1 1152.609375 1567439635.7187
CHLD 2 1120.261719 1567439635.7187
CHLD 3 1063.984375 1567439635.7188
CHLD 4 10.757812 1567439635.7188
CHLD 5 10.703125 1567439635.7189
CHLD 6 10.730469 1567439635.7190
CHLD 7 10.742188 1567439635.7190
MEM 1135.929688 1567439635.8241
CHLD 0 1084.960938 1567439635.8672
CHLD 1 1152.609375 1567439635.8673
CHLD 2 1120.261719 1567439635.8674
CHLD 3 1064.167969 1567439635.8674
CHLD 4 10.757812 1567439635.8675
CHLD 5 10.703125 1567439635.8675
CHLD 6 10.730469 1567439635.8676
CHLD 7 10.742188 1567439635.8677
MEM 1135.929688 1567439635.9687
CHLD 0 1084.960938 1567439636.0007
CHLD 1 1152.609375 1567439636.0089
CHLD 2 1120.261719 1567439636.0091
CHLD 3 1064.500000 1567439636.0092
CHLD 4 10.757812 1567439636.0093
CHLD 5 10.703125 1567439636.0094
CHLD 6 10.730469 1567439636.0095
CHLD 7 10.742188 1567439636.0095
MEM 1135.929688 1567439636.1100
CHLD 0 1084.960938 1567439636.1459
CHLD 1 1152.609375 1567439636.1460
CHLD 2 1120.519531 1567439636.1550
CHLD 3 1072.292969 1567439636.1552
CHLD 4 10.757812 1567439636.1553
CHLD 5 10.703125 1567439636.1553
CHLD 6 10.730469 1567439636.1554
CHLD 7 10.742188 1567439636.1555
MEM 1135.929688 1567439636.2559
CHLD 0 1084.960938 1567439636.2935
CHLD 1 1152.609375 1567439636.2949
CHLD 2 1120.519531 1567439636.2950
CHLD 3 1074.484375 1567439636.2951
CHLD 4 10.757812 1567439636.2951
CHLD 5 10.703125 1567439636.2952
CHLD 6 10.730469 1567439636.2953
CHLD 7 10.742188 1567439636.2953
MEM 1135.929688 1567439636.3958
CHLD 0 1084.960938 1567439636.4493
CHLD 1 1152.609375 1567439636.4495
CHLD 2 1120.519531 1567439636.4496
CHLD 3 1077.417969 1567439636.4497
CHLD 4 10.757812 1567439636.4498
CHLD 5 10.703125 1567439636.4499
CHLD 6 10.730469 1567439636.4500
CHLD 7 10.742188 1567439636.4501
MEM 1135.929688 1567439636.5507
CHLD 0 1084.960938 1567439636.5753
CHLD 1 1152.867188 1567439636.5754
CHLD 2 1120.519531 1567439636.5755
CHLD 3 1077.601562 1567439636.5755
CHLD 4 10.757812 1567439636.5756
CHLD 5 10.703125 1567439636.5756
CHLD 6 10.730469 1567439636.5757
CHLD 7 10.742188 1567439636.5758
MEM 1135.929688 1567439636.6763
CHLD 0 1084.960938 1567439636.7271
CHLD 1 1152.867188 1567439636.7272
CHLD 2 1120.519531 1567439636.7273
CHLD 3 1077.667969 1567439636.7273
CHLD 4 10.757812 1567439636.7274
CHLD 5 10.703125 1567439636.7275
CHLD 6 10.730469 1567439636.7275
CHLD 7 10.742188 1567439636.7276
MEM 1135.929688 1567439636.8289
CHLD 0 1084.960938 1567439636.8639
CHLD 1 1152.867188 1567439636.8639
CHLD 2 1120.519531 1567439636.8640
CHLD 3 1078.792969 1567439636.8646
CHLD 4 10.757812 1567439636.8727
CHLD 5 10.703125 1567439636.8728
CHLD 6 10.730469 1567439636.8729
CHLD 7 10.742188 1567439636.8729
MEM 1135.929688 1567439636.9735
CHLD 0 1084.960938 1567439636.9959
CHLD 1 1152.867188 1567439636.9960
CHLD 2 1120.519531 1567439636.9961
CHLD 3 1079.992188 1567439636.9961
CHLD 4 10.757812 1567439636.9962
CHLD 5 10.703125 1567439636.9962
CHLD 6 10.730469 1567439636.9963
CHLD 7 10.742188 1567439636.9964
MEM 1135.929688 1567439637.0968
CHLD 0 1084.960938 1567439637.1496
CHLD 1 1152.867188 1567439637.1497
CHLD 2 1120.519531 1567439637.1498
CHLD 3 1079.992188 1567439637.1498
CHLD 4 10.757812 1567439637.1499
CHLD 5 10.703125 1567439637.1500
CHLD 6 10.730469 1567439637.1500
CHLD 7 10.742188 1567439637.1501
MEM 1135.929688 1567439637.2506
CHLD 0 1084.960938 1567439637.2661
CHLD 1 1152.867188 1567439637.2662
CHLD 2 1121.808594 1567439637.2662
CHLD 3 1079.992188 1567439637.2735
CHLD 4 10.757812 1567439637.2736
CHLD 5 10.703125 1567439637.2794
CHLD 6 10.730469 1567439637.2795
CHLD 7 10.742188 1567439637.2795
MEM 1135.929688 1567439637.3800
CHLD 0 1084.960938 1567439637.4127
CHLD 1 1152.867188 1567439637.4128
CHLD 2 1121.808594 1567439637.4128
CHLD 3 1082.714844 1567439637.4129
CHLD 4 10.757812 1567439637.4130
CHLD 5 10.703125 1567439637.4130
CHLD 6 10.730469 1567439637.4131
CHLD 7 10.742188 1567439637.4132
MEM 1135.929688 1567439637.5136
CHLD 0 1084.960938 1567439637.5609
CHLD 1 1152.867188 1567439637.5609
CHLD 2 1121.808594 1567439637.5610
CHLD 3 1082.714844 1567439637.5611
CHLD 4 10.757812 1567439637.5611
CHLD 5 10.703125 1567439637.5612
CHLD 6 10.730469 1567439637.5612
CHLD 7 10.742188 1567439637.5613
MEM 1135.929688 1567439637.6619
CHLD 0 1084.960938 1567439637.6935
CHLD 1 1152.867188 1567439637.6936
CHLD 2 1121.808594 1567439637.6937
CHLD 3 1082.714844 1567439637.6937
CHLD 4 10.757812 1567439637.6938
CHLD 5 10.703125 1567439637.6938
CHLD 6 10.730469 1567439637.6939
CHLD 7 10.742188 1567439637.6940
MEM 1135.929688 1567439637.7949
CHLD 0 1084.960938 1567439637.8282
CHLD 1 1152.867188 1567439637.8283
CHLD 2 1122.839844 1567439637.8284
CHLD 3 1082.714844 1567439637.8284
CHLD 4 10.757812 1567439637.8285
CHLD 5 10.703125 1567439637.8286
CHLD 6 10.730469 1567439637.8286
CHLD 7 10.742188 1567439637.8287
MEM 1135.929688 1567439637.9293
CHLD 0 1084.960938 1567439637.9736
CHLD 1 1153.382812 1567439637.9736
CHLD 2 1122.839844 1567439637.9737
CHLD 3 1098.078125 1567439637.9738
CHLD 4 10.757812 1567439637.9738
CHLD 5 10.703125 1567439637.9739
CHLD 6 10.730469 1567439637.9740
CHLD 7 10.742188 1567439637.9740
MEM 1135.929688 1567439638.0746
CHLD 0 1084.960938 1567439638.1337
CHLD 1 1153.382812 1567439638.1338
CHLD 2 1122.839844 1567439638.1339
CHLD 3 1109.480469 1567439638.1339
CHLD 4 10.757812 1567439638.1340
CHLD 5 10.703125 1567439638.1341
CHLD 6 10.730469 1567439638.1342
CHLD 7 10.742188 1567439638.1342
MEM 1135.929688 1567439638.2347
CHLD 0 1084.960938 1567439638.2644
CHLD 1 1153.382812 1567439638.2645
CHLD 2 1122.839844 1567439638.2645
CHLD 3 1111.800781 1567439638.2646
CHLD 4 10.757812 1567439638.2646
CHLD 5 10.703125 1567439638.2647
CHLD 6 10.730469 1567439638.2647
CHLD 7 10.742188 1567439638.2648
MEM 1135.929688 1567439638.3654
CHLD 0 1084.960938 1567439638.3936
CHLD 1 1153.382812 1567439638.3936
CHLD 2 1123.355469 1567439638.3937
CHLD 3 1113.863281 1567439638.3937
CHLD 4 10.757812 1567439638.3938
CHLD 5 10.703125 1567439638.3939
CHLD 6 10.730469 1567439638.3939
CHLD 7 10.742188 1567439638.3940
MEM 1135.929688 1567439638.4945
CHLD 0 1084.960938 1567439638.5316
CHLD 1 1153.382812 1567439638.5323
CHLD 2 1123.355469 1567439638.5348
CHLD 3 1113.863281 1567439638.5350
CHLD 4 10.757812 1567439638.5357
CHLD 5 10.703125 1567439638.5359
CHLD 6 10.730469 1567439638.5361
CHLD 7 10.742188 1567439638.5362
MEM 1135.929688 1567439638.6368
CHLD 0 1084.960938 1567439638.6824
CHLD 1 1153.382812 1567439638.6825
CHLD 2 1123.355469 1567439638.6825
CHLD 3 1113.863281 1567439638.6826
CHLD 4 10.757812 1567439638.6827
CHLD 5 10.703125 1567439638.6827
CHLD 6 10.730469 1567439638.6828
CHLD 7 10.742188 1567439638.6828
MEM 1135.929688 1567439638.7877
CHLD 0 1084.960938 1567439638.8523
CHLD 1 1153.382812 1567439638.8524
CHLD 2 1123.355469 1567439638.8525
CHLD 3 1115.410156 1567439638.8526
CHLD 4 10.757812 1567439638.8527
CHLD 5 10.703125 1567439638.8602
CHLD 6 10.730469 1567439638.8604
CHLD 7 10.742188 1567439638.8605
MEM 1135.929688 1567439638.9613
CHLD 0 1084.960938 1567439638.9967
CHLD 1 1153.382812 1567439638.9968
CHLD 2 1123.355469 1567439638.9968
CHLD 3 1115.410156 1567439638.9969
CHLD 4 10.757812 1567439638.9969
CHLD 5 10.703125 1567439638.9970
CHLD 6 10.730469 1567439638.9971
CHLD 7 10.742188 1567439638.9971
MEM 1135.929688 1567439639.0977
CHLD 0 1084.960938 1567439639.1258
CHLD 1 1153.382812 1567439639.1258
CHLD 2 1123.355469 1567439639.1259
CHLD 3 1115.410156 1567439639.1260
CHLD 4 10.757812 1567439639.1260
CHLD 5 10.703125 1567439639.1340
CHLD 6 10.730469 1567439639.1341
CHLD 7 10.742188 1567439639.1342
MEM 1135.929688 1567439639.2346
CHLD 0 1084.960938 1567439639.2593
CHLD 1 1153.382812 1567439639.2594
CHLD 2 1123.355469 1567439639.2594
CHLD 3 1115.410156 1567439639.2595
CHLD 4 10.757812 1567439639.2595
CHLD 5 10.703125 1567439639.2596
CHLD 6 10.730469 1567439639.2597
CHLD 7 10.742188 1567439639.2597
MEM 1135.929688 1567439639.3602
CHLD 0 1084.960938 1567439639.3813
CHLD 1 1153.382812 1567439639.3814
CHLD 2 1123.355469 1567439639.3815
CHLD 3 1115.410156 1567439639.3816
CHLD 4 10.757812 1567439639.3816
CHLD 5 10.703125 1567439639.3817
CHLD 6 10.730469 1567439639.3818
CHLD 7 10.742188 1567439639.3818
MEM 1135.929688 1567439639.4827
CHLD 0 1084.960938 1567439639.5239
CHLD 1 1153.382812 1567439639.5240
CHLD 2 1123.355469 1567439639.5240
CHLD 3 1115.667969 1567439639.5241
CHLD 4 10.757812 1567439639.5241
CHLD 5 10.703125 1567439639.5241
CHLD 6 10.730469 1567439639.5242
CHLD 7 10.742188 1567439639.5242
MEM 1135.929688 1567439639.6247
CHLD 0 1084.960938 1567439639.6493
CHLD 1 1153.382812 1567439639.6493
CHLD 2 1123.355469 1567439639.6494
CHLD 3 1115.667969 1567439639.6494
CHLD 4 10.757812 1567439639.6495
CHLD 5 10.703125 1567439639.6495
CHLD 6 10.730469 1567439639.6495
CHLD 7 10.742188 1567439639.6496
MEM 1135.929688 1567439639.7501
CHLD 0 1084.960938 1567439639.7983
CHLD 1 1153.382812 1567439639.7984
CHLD 2 1123.355469 1567439639.7984
CHLD 3 1116.183594 1567439639.7985
CHLD 4 10.757812 1567439639.7986
CHLD 5 10.703125 1567439639.7986
CHLD 6 10.730469 1567439639.7987
CHLD 7 10.742188 1567439639.7987
MEM 1135.929688 1567439639.8991
CHLD 0 1084.960938 1567439639.9324
CHLD 1 1154.929688 1567439639.9325
CHLD 2 1123.355469 1567439639.9325
CHLD 3 1116.183594 1567439639.9326
CHLD 4 10.757812 1567439639.9326
CHLD 5 10.703125 1567439639.9327
CHLD 6 10.730469 1567439639.9328
CHLD 7 10.742188 1567439639.9328
MEM 1135.929688 1567439640.0332
CHLD 0 1084.960938 1567439640.0634
CHLD 1 1154.929688 1567439640.0635
CHLD 2 1123.355469 1567439640.0635
CHLD 3 1116.183594 1567439640.0636
CHLD 4 10.757812 1567439640.0637
CHLD 5 10.703125 1567439640.0638
CHLD 6 10.730469 1567439640.0638
CHLD 7 10.742188 1567439640.0639
MEM 1135.929688 1567439640.1644
CHLD 0 1084.960938 1567439640.2008
CHLD 1 1154.929688 1567439640.2009
CHLD 2 1123.355469 1567439640.2009
CHLD 3 1116.441406 1567439640.2010
CHLD 4 10.757812 1567439640.2011
CHLD 5 10.703125 1567439640.2011
CHLD 6 10.730469 1567439640.2012
CHLD 7 10.742188 1567439640.2012
MEM 1135.929688 1567439640.3017
CHLD 0 1084.960938 1567439640.3363
CHLD 1 1154.929688 1567439640.3365
CHLD 2 1123.355469 1567439640.3366
CHLD 3 1116.441406 1567439640.3367
CHLD 4 10.757812 1567439640.3367
CHLD 5 10.703125 1567439640.3368
CHLD 6 10.730469 1567439640.3368
CHLD 7 10.742188 1567439640.3369
MEM 1135.929688 1567439640.4375
CHLD 0 1084.960938 1567439640.4800
CHLD 1 1154.929688 1567439640.4801
CHLD 2 1123.355469 1567439640.4801
CHLD 3 1116.953125 1567439640.4802
CHLD 4 10.757812 1567439640.4802
CHLD 5 10.703125 1567439640.4803
CHLD 6 10.730469 1567439640.4833
CHLD 7 10.742188 1567439640.4834
MEM 1135.929688 1567439640.5838
CHLD 0 1084.960938 1567439640.6206
CHLD 1 1154.929688 1567439640.6211
CHLD 2 1123.355469 1567439640.6212
CHLD 3 1116.953125 1567439640.6212
CHLD 4 10.757812 1567439640.6213
CHLD 5 10.703125 1567439640.6214
CHLD 6 10.730469 1567439640.6214
CHLD 7 10.742188 1567439640.6215
MEM 1135.929688 1567439640.7221
CHLD 0 1084.960938 1567439640.7508
CHLD 1 1154.929688 1567439640.7509
CHLD 2 1123.355469 1567439640.7509
CHLD 3 1117.726562 1567439640.7510
CHLD 4 10.757812 1567439640.7510
CHLD 5 10.703125 1567439640.7511
CHLD 6 10.730469 1567439640.7511
CHLD 7 10.742188 1567439640.7512
MEM 1135.929688 1567439640.8517
CHLD 0 1084.960938 1567439640.8878
CHLD 1 1154.929688 1567439640.8878
CHLD 2 1123.355469 1567439640.8879
CHLD 3 1117.726562 1567439640.8880
CHLD 4 10.757812 1567439640.8880
CHLD 5 10.703125 1567439640.8881
CHLD 6 10.730469 1567439640.8881
CHLD 7 10.742188 1567439640.8882
MEM 1135.929688 1567439640.9906
CHLD 0 1103.890625 1567439641.0132
CHLD 1 1154.929688 1567439641.0133
CHLD 2 1123.613281 1567439641.0134
CHLD 3 1118.500000 1567439641.0135
CHLD 4 10.757812 1567439641.0136
CHLD 5 10.703125 1567439641.0136
CHLD 6 10.730469 1567439641.0137
CHLD 7 10.742188 1567439641.0137
MEM 1135.929688 1567439641.1147
CHLD 0 1133.281250 1567439641.2082
CHLD 1 1154.929688 1567439641.2083
CHLD 2 1123.613281 1567439641.2084
CHLD 3 1118.500000 1567439641.2084
CHLD 4 10.757812 1567439641.2085
CHLD 5 10.703125 1567439641.2086
CHLD 6 10.730469 1567439641.2086
CHLD 7 10.742188 1567439641.2087
MEM 1135.929688 1567439641.3105
CHLD 0 1150.554688 1567439641.3269
CHLD 1 1154.929688 1567439641.3269
CHLD 2 1123.613281 1567439641.3270
CHLD 3 1118.500000 1567439641.3270
CHLD 4 10.757812 1567439641.3271
CHLD 5 10.703125 1567439641.3272
CHLD 6 10.730469 1567439641.3272
CHLD 7 10.742188 1567439641.3273
MEM 1135.929688 1567439641.4281
CHLD 0 1184.070312 1567439641.4707
CHLD 1 1154.929688 1567439641.4707
CHLD 2 1123.613281 1567439641.4708
CHLD 3 1118.500000 1567439641.4709
CHLD 4 10.757812 1567439641.4709
CHLD 5 10.703125 1567439641.4710
CHLD 6 10.730469 1567439641.4711
CHLD 7 10.742188 1567439641.4711
MEM 1135.929688 1567439641.5722
CHLD 0 1210.367188 1567439641.6098
CHLD 1 1154.929688 1567439641.6099
CHLD 2 1123.613281 1567439641.6099
CHLD 3 1118.500000 1567439641.6100
CHLD 4 10.757812 1567439641.6100
CHLD 5 10.703125 1567439641.6101
CHLD 6 10.730469 1567439641.6101
CHLD 7 10.742188 1567439641.6102
MEM 1135.929688 1567439641.7107
CHLD 0 1240.015625 1567439641.7478
CHLD 1 1154.929688 1567439641.7478
CHLD 2 1123.613281 1567439641.7479
CHLD 3 1119.273438 1567439641.7480
CHLD 4 10.757812 1567439641.7480
CHLD 5 10.703125 1567439641.7490
CHLD 6 10.730469 1567439641.7491
CHLD 7 10.742188 1567439641.7495
MEM 1135.929688 1567439641.8500
CHLD 0 1262.445312 1567439641.8807
CHLD 1 1154.929688 1567439641.8808
CHLD 2 1123.613281 1567439641.8808
CHLD 3 1119.273438 1567439641.8809
CHLD 4 10.757812 1567439641.8824
CHLD 5 10.703125 1567439641.8825
CHLD 6 10.730469 1567439641.8825
CHLD 7 10.742188 1567439641.8856
MEM 1135.929688 1567439641.9863
CHLD 0 1293.640625 1567439642.0144
CHLD 1 1154.929688 1567439642.0146
CHLD 2 1123.613281 1567439642.0146
CHLD 3 1120.304688 1567439642.0147
CHLD 4 10.757812 1567439642.0148
CHLD 5 10.703125 1567439642.0148
CHLD 6 10.730469 1567439642.0149
CHLD 7 10.742188 1567439642.0150
MEM 1135.929688 1567439642.1157
CHLD 0 1321.742188 1567439642.1493
CHLD 1 1154.929688 1567439642.1494
CHLD 2 1123.613281 1567439642.1495
CHLD 3 1120.304688 1567439642.1496
CHLD 4 10.757812 1567439642.1496
CHLD 5 10.703125 1567439642.1497
CHLD 6 10.730469 1567439642.1497
CHLD 7 10.742188 1567439642.1498
MEM 1135.929688 1567439642.2502
CHLD 0 1373.562500 1567439642.2720
CHLD 1 1154.929688 1567439642.2721
CHLD 2 1123.613281 1567439642.2722
CHLD 3 1120.304688 1567439642.2722
CHLD 4 10.757812 1567439642.2723
CHLD 5 10.703125 1567439642.2723
CHLD 6 10.730469 1567439642.2724
CHLD 7 10.742188 1567439642.2725
MEM 1135.929688 1567439642.3731
CHLD 0 1411.203125 1567439642.3896
CHLD 1 1154.929688 1567439642.3897
CHLD 2 1123.613281 1567439642.3897
CHLD 3 1120.304688 1567439642.3898
CHLD 4 10.757812 1567439642.3898
CHLD 5 10.703125 1567439642.3899
CHLD 6 10.730469 1567439642.3899
CHLD 7 10.742188 1567439642.3900
MEM 1135.929688 1567439642.4914
CHLD 0 1443.945312 1567439642.5224
CHLD 1 1154.929688 1567439642.5224
CHLD 2 1123.613281 1567439642.5225
CHLD 3 1120.304688 1567439642.5226
CHLD 4 10.757812 1567439642.5226
CHLD 5 10.703125 1567439642.5227
CHLD 6 10.730469 1567439642.5228
CHLD 7 10.742188 1567439642.5229
MEM 1135.929688 1567439642.6234
CHLD 0 1488.031250 1567439642.6389
CHLD 1 1154.929688 1567439642.6390
CHLD 2 1123.613281 1567439642.6390
CHLD 3 1120.304688 1567439642.6391
CHLD 4 10.757812 1567439642.6391
CHLD 5 10.703125 1567439642.6392
CHLD 6 10.730469 1567439642.6393
CHLD 7 10.742188 1567439642.6393
MEM 756.398438 1567439642.7400
CHLD 0 1530.312500 1567439642.7748
CHLD 1 1154.929688 1567439642.7749
CHLD 2 1123.613281 1567439642.7750
CHLD 3 1120.304688 1567439642.7751
CHLD 4 10.757812 1567439642.7751
CHLD 5 10.703125 1567439642.7752
CHLD 6 10.730469 1567439642.7753
CHLD 7 10.742188 1567439642.7754
MEM 750.375000 1567439642.8758
CHLD 0 1576.460938 1567439642.9153
CHLD 1 1154.929688 1567439642.9154
CHLD 2 1123.613281 1567439642.9154
CHLD 3 1120.304688 1567439642.9155
CHLD 4 10.757812 1567439642.9156
CHLD 5 10.703125 1567439642.9156
CHLD 6 10.730469 1567439642.9287
CHLD 7 10.742188 1567439642.9289
MEM 808.125000 1567439643.0293
CHLD 0 1636.531250 1567439643.0679
CHLD 1 1154.929688 1567439643.0680
CHLD 2 1123.613281 1567439643.0681
CHLD 3 1120.304688 1567439643.0682
CHLD 4 10.757812 1567439643.0682
CHLD 5 10.703125 1567439643.0683
CHLD 6 10.730469 1567439643.0683
CHLD 7 10.742188 1567439643.0684
MEM 840.351562 1567439643.1694
CHLD 0 1706.398438 1567439643.1868
CHLD 1 1154.929688 1567439643.1869
CHLD 2 1123.613281 1567439643.1870
CHLD 3 1120.304688 1567439643.1870
CHLD 4 10.757812 1567439643.1871
CHLD 5 10.703125 1567439643.1872
CHLD 6 10.730469 1567439643.1872
CHLD 7 10.742188 1567439643.1873
MEM 868.968750 1567439643.2878
CHLD 0 1772.398438 1567439643.3295
CHLD 1 1154.929688 1567439643.3335
CHLD 2 1123.613281 1567439643.3403
CHLD 3 1120.562500 1567439643.3404
CHLD 4 10.757812 1567439643.3405
CHLD 5 10.703125 1567439643.3406
CHLD 6 10.730469 1567439643.3407
CHLD 7 10.742188 1567439643.3407
MEM 954.820312 1567439643.4412
CHLD 0 1849.742188 1567439643.4801
CHLD 1 1154.929688 1567439643.4801
CHLD 2 1123.613281 1567439643.4802
CHLD 3 1120.562500 1567439643.4803
CHLD 4 10.757812 1567439643.4803
CHLD 5 10.703125 1567439643.4804
CHLD 6 10.730469 1567439643.4805
CHLD 7 10.742188 1567439643.4805
MEM 1005.351562 1567439643.5811
CHLD 0 1518.554688 1567439643.6093
CHLD 1 1154.929688 1567439643.6094
CHLD 2 1123.613281 1567439643.6094
CHLD 3 1120.562500 1567439643.6095
CHLD 4 10.757812 1567439643.6096
CHLD 5 10.703125 1567439643.6096
CHLD 6 10.730469 1567439643.6097
CHLD 7 10.742188 1567439643.6098
MEM 1055.109375 1567439643.7146
CHLD 0 1631.734375 1567439643.7894
CHLD 1 1154.929688 1567439643.7930
CHLD 2 1123.613281 1567439643.7931
CHLD 3 1120.562500 1567439643.7931
CHLD 4 10.757812 1567439643.7932
CHLD 5 10.703125 1567439643.7939
CHLD 6 10.730469 1567439643.7946
CHLD 7 10.742188 1567439643.7951
MEM 1127.812500 1567439643.8957
CHLD 0 1689.484375 1567439643.9589
CHLD 1 1154.929688 1567439643.9590
CHLD 2 1123.613281 1567439643.9590
CHLD 3 1121.851562 1567439643.9591
CHLD 4 10.757812 1567439643.9591
CHLD 5 10.703125 1567439643.9591
CHLD 6 10.730469 1567439643.9592
CHLD 7 10.742188 1567439643.9592
MEM 1244.343750 1567439644.0598
CHLD 0 1776.367188 1567439644.0866
CHLD 1 1154.929688 1567439644.0866
CHLD 2 1123.613281 1567439644.0867
CHLD 3 1121.851562 1567439644.0868
CHLD 4 10.757812 1567439644.0868
CHLD 5 10.703125 1567439644.0869
CHLD 6 10.730469 1567439644.0870
CHLD 7 10.742188 1567439644.0870
MEM 1308.796875 1567439644.1875
CHLD 0 1913.480469 1567439644.2281
CHLD 1 1154.929688 1567439644.2282
CHLD 2 1123.613281 1567439644.2284
CHLD 3 1121.851562 1567439644.2284
CHLD 4 10.757812 1567439644.2285
CHLD 5 10.703125 1567439644.2286
CHLD 6 10.730469 1567439644.2287
CHLD 7 10.742188 1567439644.2287
MEM 1380.210938 1567439644.3292
CHLD 0 1504.562500 1567439644.3794
CHLD 1 1154.929688 1567439644.3794
CHLD 2 1123.613281 1567439644.3795
CHLD 3 1121.851562 1567439644.3796
CHLD 4 10.757812 1567439644.3797
CHLD 5 10.703125 1567439644.3797
CHLD 6 10.730469 1567439644.3798
CHLD 7 10.742188 1567439644.3798
MEM 1448.046875 1567439644.4804
CHLD 0 1504.820312 1567439644.5167
CHLD 1 1154.929688 1567439644.5168
CHLD 2 1123.613281 1567439644.5168
CHLD 3 1121.851562 1567439644.5169
CHLD 4 10.757812 1567439644.5170
CHLD 5 10.703125 1567439644.5170
CHLD 6 10.730469 1567439644.5171
CHLD 7 10.742188 1567439644.5172
MEM 1343.304688 1567439644.6177
CHLD 0 1505.078125 1567439644.6409
CHLD 1 1162.292969 1567439644.6410
CHLD 2 1123.613281 1567439644.6411
CHLD 3 1121.851562 1567439644.6411
CHLD 4 10.757812 1567439644.6412
CHLD 5 10.703125 1567439644.6413
CHLD 6 10.730469 1567439644.6413
CHLD 7 10.742188 1567439644.6414
MEM 1135.945312 1567439644.7418
CHLD 0 1505.457031 1567439644.7744
CHLD 1 1220.300781 1567439644.7745
CHLD 2 1123.613281 1567439644.7746
CHLD 3 1121.851562 1567439644.7746
CHLD 4 10.757812 1567439644.7747
CHLD 5 10.703125 1567439644.7747
CHLD 6 10.730469 1567439644.7748
CHLD 7 10.742188 1567439644.7749
MEM 1135.945312 1567439644.8754
CHLD 0 1505.707031 1567439644.9056
CHLD 1 1269.027344 1567439644.9057
CHLD 2 1123.613281 1567439644.9058
CHLD 3 1121.851562 1567439644.9058
CHLD 4 10.757812 1567439644.9059
CHLD 5 10.703125 1567439644.9059
CHLD 6 10.730469 1567439644.9060
CHLD 7 10.742188 1567439644.9061
MEM 1135.945312 1567439645.0070
CHLD 0 1506.207031 1567439645.0339
CHLD 1 1318.527344 1567439645.0340
CHLD 2 1123.613281 1567439645.0341
CHLD 3 1121.851562 1567439645.0341
CHLD 4 10.757812 1567439645.0398
CHLD 5 10.703125 1567439645.0399
CHLD 6 10.730469 1567439645.0399
CHLD 7 10.742188 1567439645.0418
MEM 1135.945312 1567439645.1430
CHLD 0 1506.457031 1567439645.1791
CHLD 1 1369.316406 1567439645.1792
CHLD 2 1123.613281 1567439645.1793
CHLD 3 1121.851562 1567439645.1793
CHLD 4 10.757812 1567439645.1794
CHLD 5 10.703125 1567439645.1795
CHLD 6 10.730469 1567439645.1795
CHLD 7 10.742188 1567439645.1796
MEM 1135.945312 1567439645.2800
CHLD 0 1506.457031 1567439645.2943
CHLD 1 1421.136719 1567439645.2944
CHLD 2 1123.613281 1567439645.2945
CHLD 3 1122.367188 1567439645.2945
CHLD 4 10.757812 1567439645.2946
CHLD 5 10.703125 1567439645.2947
CHLD 6 10.730469 1567439645.2947
CHLD 7 10.742188 1567439645.2948
MEM 1135.945312 1567439645.3952
CHLD 0 1506.707031 1567439645.4141
CHLD 1 1475.792969 1567439645.4141
CHLD 2 1123.613281 1567439645.4142
CHLD 3 1123.398438 1567439645.4142
CHLD 4 10.757812 1567439645.4185
CHLD 5 10.703125 1567439645.4186
CHLD 6 10.730469 1567439645.4186
CHLD 7 10.742188 1567439645.4187
MEM 1135.945312 1567439645.5191
CHLD 0 1507.207031 1567439645.5398
CHLD 1 1548.496094 1567439645.5398
CHLD 2 1125.347656 1567439645.5399
CHLD 3 1123.398438 1567439645.5400
CHLD 4 10.757812 1567439645.5400
CHLD 5 10.703125 1567439645.5401
CHLD 6 10.730469 1567439645.5402
CHLD 7 10.742188 1567439645.5402
MEM 746.265625 1567439645.6408
CHLD 0 1507.460938 1567439645.6601
CHLD 1 1626.355469 1567439645.6609
CHLD 2 1125.347656 1567439645.6609
CHLD 3 1123.398438 1567439645.6626
CHLD 4 10.757812 1567439645.6638
CHLD 5 10.703125 1567439645.6657
CHLD 6 10.730469 1567439645.6658
CHLD 7 10.742188 1567439645.6658
MEM 857.125000 1567439645.7678
CHLD 0 1507.960938 1567439645.8080
CHLD 1 1748.300781 1567439645.8081
CHLD 2 1125.347656 1567439645.8081
CHLD 3 1123.398438 1567439645.8082
CHLD 4 10.757812 1567439645.8083
CHLD 5 10.703125 1567439645.8083
CHLD 6 10.730469 1567439645.8084
CHLD 7 10.742188 1567439645.8085
MEM 935.242188 1567439645.9089
CHLD 0 1508.457031 1567439645.9336
CHLD 1 1828.996094 1567439645.9337
CHLD 2 1125.347656 1567439645.9338
CHLD 3 1123.398438 1567439645.9338
CHLD 4 10.757812 1567439645.9339
CHLD 5 10.703125 1567439645.9340
CHLD 6 10.730469 1567439645.9340
CHLD 7 10.742188 1567439645.9341
MEM 1053.320312 1567439646.0346
CHLD 0 1508.710938 1567439646.0849
CHLD 1 1944.496094 1567439646.0850
CHLD 2 1125.347656 1567439646.0851
CHLD 3 1123.398438 1567439646.0851
CHLD 4 10.757812 1567439646.0852
CHLD 5 10.703125 1567439646.0852
CHLD 6 10.730469 1567439646.0853
CHLD 7 10.742188 1567439646.0854
MEM 1252.351562 1567439646.1858
CHLD 0 1509.468750 1567439646.2122
CHLD 1 1578.257812 1567439646.2122
CHLD 2 1125.347656 1567439646.2123
CHLD 3 1123.398438 1567439646.2124
CHLD 4 10.757812 1567439646.2124
CHLD 5 10.703125 1567439646.2125
CHLD 6 10.730469 1567439646.2126
CHLD 7 10.742188 1567439646.2126
MEM 1370.945312 1567439646.3130
CHLD 0 1510.906250 1567439646.3315
CHLD 1 1734.234375 1567439646.3316
CHLD 2 1125.347656 1567439646.3325
CHLD 3 1123.398438 1567439646.3363
CHLD 4 10.757812 1567439646.3365
CHLD 5 10.703125 1567439646.3379
CHLD 6 10.730469 1567439646.3380
CHLD 7 10.742188 1567439646.3380
MEM 1451.156250 1567439646.4386
CHLD 0 1514.773438 1567439646.4641
CHLD 1 1917.796875 1567439646.4641
CHLD 2 1125.347656 1567439646.4642
CHLD 3 1123.398438 1567439646.4643
CHLD 4 10.757812 1567439646.4643
CHLD 5 10.703125 1567439646.4644
CHLD 6 10.730469 1567439646.4645
CHLD 7 10.742188 1567439646.4645
MEM 1135.957031 1567439646.5649
CHLD 0 1515.031250 1567439646.5949
CHLD 1 1576.105469 1567439646.5950
CHLD 2 1152.566406 1567439646.5950
CHLD 3 1123.398438 1567439646.5951
CHLD 4 10.757812 1567439646.5951
CHLD 5 10.703125 1567439646.5951
CHLD 6 10.730469 1567439646.5952
CHLD 7 10.742188 1567439646.5952
MEM 1135.957031 1567439646.6956
CHLD 0 1517.351562 1567439646.7322
CHLD 1 1576.605469 1567439646.7322
CHLD 2 1209.800781 1567439646.7323
CHLD 3 1123.398438 1567439646.7323
CHLD 4 10.757812 1567439646.7324
CHLD 5 10.703125 1567439646.7325
CHLD 6 10.730469 1567439646.7342
CHLD 7 10.742188 1567439646.7343
MEM 1135.957031 1567439646.8348
CHLD 0 1517.609375 1567439646.8652
CHLD 1 1577.109375 1567439646.8653
CHLD 2 1271.675781 1567439646.8653
CHLD 3 1123.398438 1567439646.8654
CHLD 4 10.757812 1567439646.8654
CHLD 5 10.703125 1567439646.8655
CHLD 6 10.730469 1567439646.8656
CHLD 7 10.742188 1567439646.8656
MEM 1135.957031 1567439646.9660
CHLD 0 1520.187500 1567439646.9853
CHLD 1 1577.367188 1567439646.9854
CHLD 2 1370.675781 1567439646.9854
CHLD 3 1123.398438 1567439646.9855
CHLD 4 10.757812 1567439646.9855
CHLD 5 10.703125 1567439646.9856
CHLD 6 10.730469 1567439646.9857
CHLD 7 10.742188 1567439646.9857
MEM 1135.957031 1567439647.0862
CHLD 0 1520.187500 1567439647.1005
CHLD 1 1577.882812 1567439647.1006
CHLD 2 1462.457031 1567439647.1006
CHLD 3 1123.398438 1567439647.1007
CHLD 4 10.757812 1567439647.1008
CHLD 5 10.703125 1567439647.1008
CHLD 6 10.730469 1567439647.1009
CHLD 7 10.742188 1567439647.1010
MEM 1135.957031 1567439647.2013
CHLD 0 1520.187500 1567439647.2292
CHLD 1 1578.132812 1567439647.2292
CHLD 2 1532.066406 1567439647.2293
CHLD 3 1123.398438 1567439647.2294
CHLD 4 10.757812 1567439647.2294
CHLD 5 10.703125 1567439647.2295
CHLD 6 10.730469 1567439647.2295
CHLD 7 10.742188 1567439647.2296
MEM 787.785156 1567439647.3300
CHLD 0 1520.187500 1567439647.3561
CHLD 1 1578.605469 1567439647.3561
CHLD 2 1656.589844 1567439647.3562
CHLD 3 1125.171875 1567439647.3563
CHLD 4 10.757812 1567439647.3563
CHLD 5 10.703125 1567439647.3564
CHLD 6 10.730469 1567439647.3564
CHLD 7 10.742188 1567439647.3565
MEM 952.527344 1567439647.4569
CHLD 0 1520.187500 1567439647.4854
CHLD 1 1579.109375 1567439647.4903
CHLD 2 1756.105469 1567439647.4904
CHLD 3 1125.171875 1567439647.4905
CHLD 4 10.757812 1567439647.4905
CHLD 5 10.703125 1567439647.4906
CHLD 6 10.730469 1567439647.4907
CHLD 7 10.742188 1567439647.4907
MEM 1129.902344 1567439647.5912
CHLD 0 1520.187500 1567439647.6208
CHLD 1 1579.597656 1567439647.6208
CHLD 2 1869.542969 1567439647.6209
CHLD 3 1125.171875 1567439647.6210
CHLD 4 10.757812 1567439647.6210
CHLD 5 10.703125 1567439647.6211
CHLD 6 10.730469 1567439647.6212
CHLD 7 10.742188 1567439647.6212
MEM 1310.886719 1567439647.7222
CHLD 0 1520.187500 1567439647.7452
CHLD 1 1580.371094 1567439647.7452
CHLD 2 1816.781250 1567439647.7453
CHLD 3 1125.171875 1567439647.7454
CHLD 4 10.757812 1567439647.7454
CHLD 5 10.703125 1567439647.7455
CHLD 6 10.730469 1567439647.7456
CHLD 7 10.742188 1567439647.7456
MEM 1466.894531 1567439647.8461
CHLD 0 1520.187500 1567439647.8954
CHLD 1 1581.140625 1567439647.8954
CHLD 2 1737.707031 1567439647.8984
CHLD 3 1125.171875 1567439647.8985
CHLD 4 10.757812 1567439647.8986
CHLD 5 10.703125 1567439647.8986
CHLD 6 10.730469 1567439647.8987
CHLD 7 10.742188 1567439647.8988
MEM 1135.957031 1567439647.9993
CHLD 0 1520.187500 1567439648.0428
CHLD 1 1582.171875 1567439648.0428
CHLD 2 1940.863281 1567439648.0429
CHLD 3 1211.777344 1567439648.0430
CHLD 4 10.757812 1567439648.0430
CHLD 5 10.703125 1567439648.0431
CHLD 6 10.730469 1567439648.0432
CHLD 7 10.742188 1567439648.0432
MEM 1135.957031 1567439648.1437
CHLD 0 1520.187500 1567439648.1584
CHLD 1 1582.945312 1567439648.1585
CHLD 2 1546.542969 1567439648.1585
CHLD 3 1297.628906 1567439648.1586
CHLD 4 10.757812 1567439648.1587
CHLD 5 10.703125 1567439648.1587
CHLD 6 10.730469 1567439648.1588
CHLD 7 10.742188 1567439648.1588
MEM 1135.957031 1567439648.2593
CHLD 0 1520.187500 1567439648.2735
CHLD 1 1584.750000 1567439648.2736
CHLD 2 1547.027344 1567439648.2736
CHLD 3 1358.214844 1567439648.2737
CHLD 4 10.757812 1567439648.2738
CHLD 5 10.703125 1567439648.2738
CHLD 6 10.730469 1567439648.2739
CHLD 7 10.742188 1567439648.2739
MEM 1135.957031 1567439648.3746
CHLD 0 1520.187500 1567439648.4181
CHLD 1 1584.750000 1567439648.4181
CHLD 2 1547.542969 1567439648.4182
CHLD 3 1421.378906 1567439648.4182
CHLD 4 10.757812 1567439648.4183
CHLD 5 10.703125 1567439648.4184
CHLD 6 10.730469 1567439648.4184
CHLD 7 10.742188 1567439648.4185
MEM 1135.957031 1567439648.5192
CHLD 0 1520.187500 1567439648.5599
CHLD 1 1584.750000 1567439648.5599
CHLD 2 1547.800781 1567439648.5600
CHLD 3 1488.152344 1567439648.5601
CHLD 4 10.757812 1567439648.5601
CHLD 5 10.703125 1567439648.5602
CHLD 6 10.730469 1567439648.5603
CHLD 7 10.742188 1567439648.5603
MEM 946.542969 1567439648.6609
CHLD 0 1520.187500 1567439648.6966
CHLD 1 1584.750000 1567439648.6966
CHLD 2 1548.273438 1567439648.6967
CHLD 3 1578.128906 1567439648.6968
CHLD 4 10.757812 1567439648.6968
CHLD 5 10.703125 1567439648.6969
CHLD 6 10.730469 1567439648.6969
CHLD 7 10.742188 1567439648.6970
MEM 714.570312 1567439648.7974
CHLD 0 1520.187500 1567439648.8225
CHLD 1 1584.750000 1567439648.8226
CHLD 2 1548.785156 1567439648.8226
CHLD 3 1697.496094 1567439648.8227
CHLD 4 10.757812 1567439648.8227
CHLD 5 10.703125 1567439648.8228
CHLD 6 10.730469 1567439648.8228
CHLD 7 10.742188 1567439648.8229
MEM 714.570312 1567439648.9238
CHLD 0 1520.187500 1567439648.9400
CHLD 1 1584.750000 1567439648.9400
CHLD 2 1549.042969 1567439648.9401
CHLD 3 1806.808594 1567439648.9401
CHLD 4 10.757812 1567439648.9402
CHLD 5 10.703125 1567439648.9403
CHLD 6 10.730469 1567439648.9403
CHLD 7 10.742188 1567439648.9404
MEM 714.570312 1567439649.0408
CHLD 0 1520.187500 1567439649.0625
CHLD 1 1584.750000 1567439649.0625
CHLD 2 1549.558594 1567439649.0626
CHLD 3 1935.714844 1567439649.0626
CHLD 4 10.757812 1567439649.0627
CHLD 5 10.703125 1567439649.0627
CHLD 6 10.730469 1567439649.0628
CHLD 7 10.742188 1567439649.0629
MEM 714.570312 1567439649.1633
CHLD 0 1520.187500 1567439649.1929
CHLD 1 1584.750000 1567439649.1930
CHLD 2 1550.589844 1567439649.1930
CHLD 3 1607.664062 1567439649.1931
CHLD 4 10.757812 1567439649.1932
CHLD 5 10.703125 1567439649.1932
CHLD 6 10.730469 1567439649.1933
CHLD 7 10.742188 1567439649.1933
MEM 714.570312 1567439649.2968
CHLD 0 1520.187500 1567439649.3092
CHLD 1 1584.750000 1567439649.3093
CHLD 2 1550.589844 1567439649.3094
CHLD 3 1748.171875 1567439649.3094
CHLD 4 10.757812 1567439649.3095
CHLD 5 10.703125 1567439649.3095
CHLD 6 10.730469 1567439649.3096
CHLD 7 10.742188 1567439649.3096
MEM 714.570312 1567439649.4101
CHLD 0 1520.187500 1567439649.4236
CHLD 1 1584.750000 1567439649.4236
CHLD 2 1550.589844 1567439649.4237
CHLD 3 1881.460938 1567439649.4238
CHLD 4 10.757812 1567439649.4238
CHLD 5 10.703125 1567439649.4239
CHLD 6 10.730469 1567439649.4239
CHLD 7 10.742188 1567439649.4240
MEM 714.570312 1567439649.5249
CHLD 0 1520.187500 1567439649.5429
CHLD 1 1584.750000 1567439649.5430
CHLD 2 1550.589844 1567439649.5430
CHLD 3 1890.847656 1567439649.5431
CHLD 4 10.757812 1567439649.5432
CHLD 5 10.703125 1567439649.5432
CHLD 6 10.730469 1567439649.5433
CHLD 7 10.742188 1567439649.5433
MEM 714.570312 1567439649.6438
CHLD 0 1520.187500 1567439649.6672
CHLD 1 1584.750000 1567439649.6673
CHLD 2 1550.589844 1567439649.6673
CHLD 3 1545.230469 1567439649.6674
CHLD 4 10.757812 1567439649.6674
CHLD 5 10.703125 1567439649.6675
CHLD 6 10.730469 1567439649.6676
CHLD 7 10.742188 1567439649.6676
MEM 714.570312 1567439649.7681
CHLD 0 1520.187500 1567439649.7908
CHLD 1 1584.750000 1567439649.7909
CHLD 2 1550.589844 1567439649.7909
CHLD 3 1545.742188 1567439649.7910
CHLD 4 10.757812 1567439649.7910
CHLD 5 10.703125 1567439649.7911
CHLD 6 10.730469 1567439649.7912
CHLD 7 10.742188 1567439649.7912
MEM 714.570312 1567439649.8920
CHLD 0 1520.187500 1567439649.9100
CHLD 1 1584.750000 1567439649.9101
CHLD 2 1550.589844 1567439649.9102
CHLD 3 1546.230469 1567439649.9102
CHLD 4 10.757812 1567439649.9103
CHLD 5 10.703125 1567439649.9104
CHLD 6 10.730469 1567439649.9224
CHLD 7 10.742188 1567439649.9225
MEM 714.570312 1567439650.0237
CHLD 0 1520.187500 1567439650.0381
CHLD 1 1584.750000 1567439650.0381
CHLD 2 1550.589844 1567439650.0382
CHLD 3 1546.742188 1567439650.0552
CHLD 4 10.757812 1567439650.0553
CHLD 5 10.703125 1567439650.0553
CHLD 6 10.730469 1567439650.0554
CHLD 7 10.742188 1567439650.0555
MEM 714.570312 1567439650.1559
CHLD 0 1520.187500 1567439650.1913
CHLD 1 1584.750000 1567439650.1913
CHLD 2 1550.589844 1567439650.1914
CHLD 3 1547.253906 1567439650.1914
CHLD 4 10.757812 1567439650.1944
CHLD 5 10.703125 1567439650.1945
CHLD 6 10.730469 1567439650.1946
CHLD 7 10.742188 1567439650.1946
MEM 714.570312 1567439650.2950
CHLD 0 1520.187500 1567439650.3176
CHLD 1 1584.750000 1567439650.3177
CHLD 2 1550.589844 1567439650.3177
CHLD 3 1547.703125 1567439650.3178
CHLD 4 10.757812 1567439650.3179
CHLD 5 10.703125 1567439650.3179
CHLD 6 10.730469 1567439650.3180
CHLD 7 10.742188 1567439650.3180
MEM 714.570312 1567439650.4185
CHLD 0 1520.187500 1567439650.4380
CHLD 1 1584.750000 1567439650.4380
CHLD 2 1550.589844 1567439650.4381
CHLD 3 1547.960938 1567439650.4381
CHLD 4 10.757812 1567439650.4382
CHLD 5 10.703125 1567439650.4383
CHLD 6 10.730469 1567439650.4384
CHLD 7 10.742188 1567439650.4412
MEM 714.570312 1567439650.5416
CHLD 0 1520.187500 1567439650.5575
CHLD 1 1584.750000 1567439650.5576
CHLD 2 1550.589844 1567439650.5576
CHLD 3 1549.761719 1567439650.5577
CHLD 4 10.757812 1567439650.5577
CHLD 5 10.703125 1567439650.5578
CHLD 6 10.730469 1567439650.5579
CHLD 7 10.742188 1567439650.5579
MEM 714.570312 1567439650.6626
CHLD 0 1520.187500 1567439650.7435
CHLD 1 1584.750000 1567439650.7436
CHLD 2 1550.589844 1567439650.7436
CHLD 3 1550.535156 1567439650.7437
CHLD 4 10.757812 1567439650.7438
CHLD 5 10.703125 1567439650.7438
CHLD 6 10.730469 1567439650.7439
CHLD 7 10.742188 1567439650.7440
MEM 714.570312 1567439650.8445
CHLD 0 1520.187500 1567439650.8643
CHLD 1 1584.750000 1567439650.8644
CHLD 2 1550.589844 1567439650.8644
CHLD 3 1550.535156 1567439650.8645
CHLD 4 10.757812 1567439650.8645
CHLD 5 10.703125 1567439650.8646
CHLD 6 10.730469 1567439650.8647
CHLD 7 10.742188 1567439650.8647
MEM 714.570312 1567439650.9654
CHLD 0 1520.187500 1567439651.0021
CHLD 1 1584.750000 1567439651.0022
CHLD 2 1550.589844 1567439651.0022
CHLD 3 1550.535156 1567439651.0023
CHLD 4 10.757812 1567439651.0024
CHLD 5 10.703125 1567439651.0024
CHLD 6 10.730469 1567439651.0025
CHLD 7 10.742188 1567439651.0025
MEM 714.570312 1567439651.1030
CHLD 0 1520.187500 1567439651.1181
CHLD 1 1584.750000 1567439651.1182
CHLD 2 1550.589844 1567439651.1183
CHLD 3 1550.535156 1567439651.1183
CHLD 4 10.757812 1567439651.1184
CHLD 5 10.703125 1567439651.1185
CHLD 6 10.730469 1567439651.1185
CHLD 7 10.742188 1567439651.1186
MEM 714.570312 1567439651.2239
CHLD 0 1520.187500 1567439651.2433
CHLD 1 1584.750000 1567439651.2434
CHLD 2 1550.589844 1567439651.2435
CHLD 3 1550.535156 1567439651.2435
CHLD 4 10.757812 1567439651.2436
CHLD 5 10.703125 1567439651.2437
CHLD 6 10.730469 1567439651.2438
CHLD 7 10.742188 1567439651.2439
MEM 714.570312 1567439651.3443
CHLD 0 1520.187500 1567439651.3688
CHLD 1 1584.750000 1567439651.3689
CHLD 2 1550.589844 1567439651.3690
CHLD 3 1550.535156 1567439651.3691
CHLD 4 10.757812 1567439651.3691
CHLD 5 10.703125 1567439651.3754
CHLD 6 10.730469 1567439651.3755
CHLD 7 10.742188 1567439651.3755
MEM 714.570312 1567439651.4770
CHLD 0 1520.187500 1567439651.4933
CHLD 1 1584.750000 1567439651.4934
CHLD 2 1550.589844 1567439651.4935
CHLD 3 1550.535156 1567439651.4935
CHLD 4 10.757812 1567439651.4936
CHLD 5 10.703125 1567439651.4936
CHLD 6 10.730469 1567439651.4937
CHLD 7 10.742188 1567439651.4937
MEM 714.570312 1567439651.5943
CHLD 0 1520.187500 1567439651.6282
CHLD 1 1584.750000 1567439651.6282
CHLD 2 1550.589844 1567439651.6283
CHLD 3 1550.535156 1567439651.6284
CHLD 4 10.757812 1567439651.6284
CHLD 5 10.703125 1567439651.6285
CHLD 6 10.730469 1567439651.6286
CHLD 7 10.742188 1567439651.6286
MEM 714.570312 1567439651.7291
CHLD 0 1520.187500 1567439651.7433
CHLD 1 1584.750000 1567439651.7433
CHLD 2 1550.589844 1567439651.7434
CHLD 3 1550.535156 1567439651.7435
CHLD 4 10.757812 1567439651.7435
CHLD 5 10.703125 1567439651.7436
CHLD 6 10.730469 1567439651.7436
CHLD 7 10.742188 1567439651.7437
MEM 714.570312 1567439651.8442
CHLD 0 1520.187500 1567439651.8744
CHLD 1 1584.750000 1567439651.8745
CHLD 2 1550.589844 1567439651.8746
CHLD 3 1550.535156 1567439651.8747
CHLD 4 10.757812 1567439651.8747
CHLD 5 10.703125 1567439651.8748
CHLD 6 10.730469 1567439651.8749
CHLD 7 10.742188 1567439651.8749
MEM 714.570312 1567439651.9764
CHLD 0 1520.187500 1567439651.9966
CHLD 1 1584.750000 1567439651.9967
CHLD 2 1550.589844 1567439651.9968
CHLD 3 1550.535156 1567439651.9968
CHLD 4 10.757812 1567439651.9969
CHLD 5 10.703125 1567439651.9970
CHLD 6 10.730469 1567439651.9970
CHLD 7 10.742188 1567439651.9971
MEM 714.570312 1567439652.0975
CHLD 0 1520.187500 1567439652.1227
CHLD 1 1584.750000 1567439652.1228
CHLD 2 1550.589844 1567439652.1229
CHLD 3 1550.535156 1567439652.1229
CHLD 4 10.757812 1567439652.1230
CHLD 5 10.703125 1567439652.1230
CHLD 6 10.730469 1567439652.1231
CHLD 7 10.742188 1567439652.1232
MEM 714.570312 1567439652.2248
CHLD 0 1520.187500 1567439652.2532
CHLD 1 1584.750000 1567439652.2533
CHLD 2 1550.589844 1567439652.2533
CHLD 3 1550.535156 1567439652.2534
CHLD 4 10.757812 1567439652.2534
CHLD 5 10.703125 1567439652.2535
CHLD 6 10.730469 1567439652.2535
CHLD 7 10.742188 1567439652.2536
MEM 714.570312 1567439652.3540
CHLD 0 1520.187500 1567439652.3795
CHLD 1 1584.750000 1567439652.3796
CHLD 2 1550.589844 1567439652.3797
CHLD 3 1550.535156 1567439652.3797
CHLD 4 10.757812 1567439652.3798
CHLD 5 10.703125 1567439652.3804
CHLD 6 10.730469 1567439652.3805
CHLD 7 10.742188 1567439652.3806
MEM 714.570312 1567439652.4810
CHLD 0 1520.187500 1567439652.5053
CHLD 1 1584.750000 1567439652.5054
CHLD 2 1550.589844 1567439652.5054
CHLD 3 1550.535156 1567439652.5055
CHLD 4 10.757812 1567439652.5055
CHLD 5 10.703125 1567439652.5056
CHLD 6 10.730469 1567439652.5056
CHLD 7 10.742188 1567439652.5057
MEM 714.570312 1567439652.6061
CHLD 0 1520.187500 1567439652.6390
CHLD 1 1584.750000 1567439652.6391
CHLD 2 1550.589844 1567439652.6392
CHLD 3 1550.535156 1567439652.6392
CHLD 4 10.757812 1567439652.6393
CHLD 5 10.703125 1567439652.6393
CHLD 6 10.730469 1567439652.6394
CHLD 7 10.742188 1567439652.6395
MEM 714.570312 1567439652.7408
CHLD 0 1520.187500 1567439652.7589
CHLD 1 1584.750000 1567439652.7590
CHLD 2 1550.589844 1567439652.7591
CHLD 3 1550.535156 1567439652.7591
CHLD 4 10.757812 1567439652.7592
CHLD 5 10.703125 1567439652.7592
CHLD 6 10.730469 1567439652.7593
CHLD 7 10.742188 1567439652.7593
MEM 714.570312 1567439652.8598
CHLD 0 1520.187500 1567439652.8872
CHLD 1 1584.750000 1567439652.8873
CHLD 2 1550.589844 1567439652.8874
CHLD 3 1550.535156 1567439652.8874
CHLD 4 10.757812 1567439652.8875
CHLD 5 10.703125 1567439652.8875
CHLD 6 10.730469 1567439652.8876
CHLD 7 10.742188 1567439652.8877
MEM 714.570312 1567439652.9881
CHLD 0 1520.187500 1567439653.0212
CHLD 1 1584.750000 1567439653.0212
CHLD 2 1550.589844 1567439653.0213
CHLD 3 1550.535156 1567439653.0214
CHLD 4 10.757812 1567439653.0214
CHLD 5 10.703125 1567439653.0215
CHLD 6 10.730469 1567439653.0216
CHLD 7 10.742188 1567439653.0216
MEM 714.570312 1567439653.1221
CHLD 0 1520.187500 1567439653.1372
CHLD 1 1584.750000 1567439653.1373
CHLD 2 1550.589844 1567439653.1373
CHLD 3 1550.535156 1567439653.1374
CHLD 4 10.757812 1567439653.1375
CHLD 5 10.703125 1567439653.1375
CHLD 6 10.730469 1567439653.1376
CHLD 7 10.742188 1567439653.1376
MEM 714.570312 1567439653.2390
CHLD 0 1520.187500 1567439653.2672
CHLD 1 1584.750000 1567439653.2672
CHLD 2 1550.589844 1567439653.2673
CHLD 3 1550.535156 1567439653.2674
CHLD 4 10.757812 1567439653.2674
CHLD 5 10.703125 1567439653.2675
CHLD 6 10.730469 1567439653.2676
CHLD 7 10.742188 1567439653.2676
MEM 714.570312 1567439653.3685
CHLD 0 1520.187500 1567439653.3961
CHLD 1 1584.750000 1567439653.3962
CHLD 2 1550.589844 1567439653.3962
CHLD 3 1550.535156 1567439653.3963
CHLD 4 10.757812 1567439653.3964
CHLD 5 10.703125 1567439653.3964
CHLD 6 10.730469 1567439653.3965
CHLD 7 10.742188 1567439653.3965
MEM 714.570312 1567439653.4970
CHLD 0 1520.187500 1567439653.5276
CHLD 1 1584.750000 1567439653.5277
CHLD 2 1550.589844 1567439653.5297
CHLD 3 1550.535156 1567439653.5298
CHLD 4 10.757812 1567439653.5298
CHLD 5 10.703125 1567439653.5299
CHLD 6 10.730469 1567439653.5300
CHLD 7 10.742188 1567439653.5300
MEM 714.570312 1567439653.6305
CHLD 0 1520.187500 1567439653.6568
CHLD 1 1584.750000 1567439653.6569
CHLD 2 1550.589844 1567439653.6569
CHLD 3 1550.535156 1567439653.6570
CHLD 4 10.757812 1567439653.6571
CHLD 5 10.703125 1567439653.6571
CHLD 6 10.730469 1567439653.6572
CHLD 7 10.742188 1567439653.6572
MEM 714.570312 1567439653.7577
CHLD 0 1520.187500 1567439653.7857
CHLD 1 1584.750000 1567439653.7857
CHLD 2 1550.589844 1567439653.7858
CHLD 3 1550.535156 1567439653.7858
CHLD 4 10.757812 1567439653.7859
CHLD 5 10.703125 1567439653.7860
CHLD 6 10.730469 1567439653.7860
CHLD 7 10.742188 1567439653.7861
MEM 714.570312 1567439653.8865
CHLD 0 1520.187500 1567439653.9040
CHLD 1 1584.750000 1567439653.9041
CHLD 2 1550.589844 1567439653.9042
CHLD 3 1550.535156 1567439653.9042
CHLD 4 10.757812 1567439653.9043
CHLD 5 10.703125 1567439653.9043
CHLD 6 10.730469 1567439653.9044
CHLD 7 10.742188 1567439653.9044
MEM 714.570312 1567439654.0049
CHLD 0 1520.187500 1567439654.0553
CHLD 1 1584.750000 1567439654.0554
CHLD 2 1550.589844 1567439654.0554
CHLD 3 1550.535156 1567439654.0555
CHLD 4 10.757812 1567439654.0556
CHLD 5 10.703125 1567439654.0556
CHLD 6 10.730469 1567439654.0557
CHLD 7 10.742188 1567439654.0557
MEM 714.570312 1567439654.1569
CHLD 0 1520.187500 1567439654.1763
CHLD 1 1584.750000 1567439654.1763
CHLD 2 1550.589844 1567439654.1764
CHLD 3 1550.535156 1567439654.1765
CHLD 4 10.757812 1567439654.1765
CHLD 5 10.703125 1567439654.1766
CHLD 6 10.730469 1567439654.1766
CHLD 7 10.742188 1567439654.1767
MEM 714.570312 1567439654.2780
CHLD 0 1520.187500 1567439654.3014
CHLD 1 1584.750000 1567439654.3015
CHLD 2 1550.589844 1567439654.3015
CHLD 3 1550.535156 1567439654.3016
CHLD 4 10.757812 1567439654.3016
CHLD 5 10.703125 1567439654.3017
CHLD 6 10.730469 1567439654.3018
CHLD 7 10.742188 1567439654.3018
MEM 714.570312 1567439654.4025
CHLD 0 1520.187500 1567439654.4377
CHLD 1 1584.750000 1567439654.4378
CHLD 2 1550.589844 1567439654.4378
CHLD 3 1550.535156 1567439654.4379
CHLD 4 10.757812 1567439654.4380
CHLD 5 10.703125 1567439654.4380
CHLD 6 10.730469 1567439654.4381
CHLD 7 10.742188 1567439654.4381
MEM 714.570312 1567439654.5386
CHLD 0 1520.187500 1567439654.5520
CHLD 1 1584.750000 1567439654.5520
CHLD 2 1550.589844 1567439654.5521
CHLD 3 1550.535156 1567439654.5522
CHLD 4 10.757812 1567439654.5522
CHLD 5 10.703125 1567439654.5523
CHLD 6 10.730469 1567439654.5523
CHLD 7 10.742188 1567439654.5524
MEM 714.570312 1567439654.6528
CHLD 0 1520.187500 1567439654.7061
CHLD 1 1584.750000 1567439654.7062
CHLD 2 1550.589844 1567439654.7063
CHLD 3 1550.535156 1567439654.7064
CHLD 4 10.757812 1567439654.7064
CHLD 5 10.703125 1567439654.7065
CHLD 6 10.730469 1567439654.7065
CHLD 7 10.742188 1567439654.7066
MEM 714.570312 1567439654.8070
CHLD 0 1520.187500 1567439654.8561
CHLD 1 1584.750000 1567439654.8562
CHLD 2 1550.589844 1567439654.8563
CHLD 3 1550.535156 1567439654.8563
CHLD 4 10.757812 1567439654.8564
CHLD 5 10.703125 1567439654.8565
CHLD 6 10.730469 1567439654.8565
CHLD 7 10.742188 1567439654.8566
MEM 714.570312 1567439654.9570
CHLD 0 1520.187500 1567439654.9694
CHLD 1 1584.750000 1567439654.9694
CHLD 2 1550.589844 1567439654.9695
CHLD 3 1550.535156 1567439654.9696
CHLD 4 10.757812 1567439654.9696
CHLD 5 10.703125 1567439654.9697
CHLD 6 10.730469 1567439654.9697
CHLD 7 10.742188 1567439654.9698
MEM 714.570312 1567439655.0702
CHLD 0 1520.187500 1567439655.1077
CHLD 1 1584.750000 1567439655.1078
CHLD 2 1550.589844 1567439655.1079
CHLD 3 1550.535156 1567439655.1079
CHLD 4 10.757812 1567439655.1080
CHLD 5 10.703125 1567439655.1080
CHLD 6 10.730469 1567439655.1081
CHLD 7 10.742188 1567439655.1081
MEM 714.570312 1567439655.2096
CHLD 0 1520.187500 1567439655.2429
CHLD 1 1584.750000 1567439655.2430
CHLD 2 1550.589844 1567439655.2431
CHLD 3 1550.535156 1567439655.2431
CHLD 4 10.757812 1567439655.2432
CHLD 5 10.703125 1567439655.2432
CHLD 6 10.730469 1567439655.2433
CHLD 7 10.742188 1567439655.2433
MEM 714.570312 1567439655.3439
CHLD 0 1520.187500 1567439655.3659
CHLD 1 1584.750000 1567439655.3660
CHLD 2 1550.589844 1567439655.3661
CHLD 3 1550.535156 1567439655.3661
CHLD 4 10.757812 1567439655.3662
CHLD 5 10.703125 1567439655.3662
CHLD 6 10.730469 1567439655.3663
CHLD 7 10.742188 1567439655.3663
MEM 714.570312 1567439655.4671
CHLD 0 1520.187500 1567439655.4952
CHLD 1 1584.750000 1567439655.4953
CHLD 2 1550.589844 1567439655.4954
CHLD 3 1550.535156 1567439655.4954
CHLD 4 10.757812 1567439655.4955
CHLD 5 10.703125 1567439655.4955
CHLD 6 10.730469 1567439655.4956
CHLD 7 10.742188 1567439655.4956
MEM 714.570312 1567439655.6026
CHLD 0 1520.187500 1567439655.6712
CHLD 1 1584.750000 1567439655.6713
CHLD 2 1550.589844 1567439655.6714
CHLD 3 1550.535156 1567439655.6714
CHLD 4 10.757812 1567439655.6715
CHLD 5 10.703125 1567439655.6716
CHLD 6 10.730469 1567439655.6716
CHLD 7 10.742188 1567439655.6717
MEM 714.570312 1567439655.7721
CHLD 0 1520.187500 1567439655.8044
CHLD 1 1584.750000 1567439655.8045
CHLD 2 1550.589844 1567439655.8045
CHLD 3 1550.535156 1567439655.8046
CHLD 4 10.757812 1567439655.8046
CHLD 5 10.703125 1567439655.8047
CHLD 6 10.730469 1567439655.8048
CHLD 7 10.742188 1567439655.8048
MEM 714.570312 1567439655.9057
CHLD 0 1520.187500 1567439655.9316
CHLD 1 1584.750000 1567439655.9316
CHLD 2 1550.589844 1567439655.9317
CHLD 3 1550.535156 1567439655.9317
CHLD 4 10.757812 1567439655.9318
CHLD 5 10.703125 1567439655.9319
CHLD 6 10.730469 1567439655.9319
CHLD 7 10.742188 1567439655.9320
MEM 714.570312 1567439656.0326
CHLD 0 1520.187500 1567439656.0480
CHLD 1 1584.750000 1567439656.0481
CHLD 2 1550.589844 1567439656.0481
CHLD 3 1550.535156 1567439656.0482
CHLD 4 10.757812 1567439656.0482
CHLD 5 10.703125 1567439656.0483
CHLD 6 10.730469 1567439656.0484
CHLD 7 10.742188 1567439656.0484
MEM 714.570312 1567439656.1489
CHLD 0 1520.187500 1567439656.1905
CHLD 1 1584.750000 1567439656.1906
CHLD 2 1550.589844 1567439656.1906
CHLD 3 1550.535156 1567439656.1907
CHLD 4 10.757812 1567439656.1908
CHLD 5 10.703125 1567439656.1908
CHLD 6 10.730469 1567439656.1909
CHLD 7 10.742188 1567439656.1910
MEM 714.570312 1567439656.2914
CHLD 0 1520.187500 1567439656.3065
CHLD 1 1584.750000 1567439656.3066
CHLD 2 1550.589844 1567439656.3066
CHLD 3 1550.535156 1567439656.3067
CHLD 4 10.757812 1567439656.3067
CHLD 5 10.703125 1567439656.3068
CHLD 6 10.730469 1567439656.3069
CHLD 7 10.742188 1567439656.3069
MEM 714.570312 1567439656.4076
CHLD 0 1520.187500 1567439656.4288
CHLD 1 1584.750000 1567439656.4288
CHLD 2 1550.589844 1567439656.4289
CHLD 3 1550.535156 1567439656.4289
CHLD 4 10.757812 1567439656.4290
CHLD 5 10.703125 1567439656.4290
CHLD 6 10.730469 1567439656.4291
CHLD 7 10.742188 1567439656.4292
MEM 714.570312 1567439656.5299
CHLD 0 1520.187500 1567439656.5517
CHLD 1 1584.750000 1567439656.5518
CHLD 2 1550.589844 1567439656.5518
CHLD 3 1550.535156 1567439656.5519
CHLD 4 10.757812 1567439656.5519
CHLD 5 10.703125 1567439656.5520
CHLD 6 10.730469 1567439656.5521
CHLD 7 10.742188 1567439656.5521
MEM 714.570312 1567439656.6529
CHLD 0 1520.187500 1567439656.6725
CHLD 1 1584.750000 1567439656.6726
CHLD 2 1550.589844 1567439656.6726
CHLD 3 1550.535156 1567439656.6727
CHLD 4 10.757812 1567439656.6727
CHLD 5 10.703125 1567439656.6728
CHLD 6 10.730469 1567439656.6729
CHLD 7 10.742188 1567439656.6729
MEM 714.570312 1567439656.7737
CHLD 0 1520.187500 1567439656.8000
CHLD 1 1584.750000 1567439656.8001
CHLD 2 1550.589844 1567439656.8001
CHLD 3 1550.535156 1567439656.8002
CHLD 4 10.757812 1567439656.8003
CHLD 5 10.703125 1567439656.8003
CHLD 6 10.730469 1567439656.8004
CHLD 7 10.742188 1567439656.8004
MEM 714.570312 1567439656.9010
CHLD 0 1520.187500 1567439656.9186
CHLD 1 1584.750000 1567439656.9187
CHLD 2 1550.589844 1567439656.9187
CHLD 3 1550.535156 1567439656.9188
CHLD 4 10.757812 1567439656.9189
CHLD 5 10.703125 1567439656.9189
CHLD 6 10.730469 1567439656.9190
CHLD 7 10.742188 1567439656.9191
MEM 714.570312 1567439657.0196
CHLD 0 1520.187500 1567439657.0451
CHLD 1 1584.750000 1567439657.0452
CHLD 2 1550.589844 1567439657.0452
CHLD 3 1550.535156 1567439657.0453
CHLD 4 10.757812 1567439657.0454
CHLD 5 10.703125 1567439657.0454
CHLD 6 10.730469 1567439657.0455
CHLD 7 10.742188 1567439657.0455
MEM 714.570312 1567439657.1459
CHLD 0 1520.187500 1567439657.1691
CHLD 1 1584.750000 1567439657.1692
CHLD 2 1550.589844 1567439657.1692
CHLD 3 1550.535156 1567439657.1693
CHLD 4 10.757812 1567439657.1694
CHLD 5 10.703125 1567439657.1694
CHLD 6 10.730469 1567439657.1695
CHLD 7 10.742188 1567439657.1724
MEM 714.570312 1567439657.2728
CHLD 0 1520.187500 1567439657.2867
CHLD 1 1584.750000 1567439657.2867
CHLD 2 1550.589844 1567439657.2868
CHLD 3 1550.535156 1567439657.2868
CHLD 4 10.757812 1567439657.2868
CHLD 5 10.703125 1567439657.2869
CHLD 6 10.730469 1567439657.2869
CHLD 7 10.742188 1567439657.2869
MEM 714.570312 1567439657.3874
CHLD 0 1520.187500 1567439657.4056
CHLD 1 1584.750000 1567439657.4057
CHLD 2 1550.589844 1567439657.4057
CHLD 3 1550.535156 1567439657.4058
CHLD 4 10.757812 1567439657.4058
CHLD 5 10.703125 1567439657.4059
CHLD 6 10.730469 1567439657.4062
CHLD 7 10.742188 1567439657.4062
MEM 714.570312 1567439657.5065
CHLD 0 1520.187500 1567439657.5191
CHLD 1 1584.750000 1567439657.5192
CHLD 2 1550.589844 1567439657.5192
CHLD 3 1550.535156 1567439657.5193
CHLD 4 10.757812 1567439657.5193
CHLD 5 10.703125 1567439657.5194
CHLD 6 10.730469 1567439657.5194
CHLD 7 10.742188 1567439657.5195
MEM 714.570312 1567439657.6199
CHLD 0 1520.187500 1567439657.6375
CHLD 1 1584.750000 1567439657.6376
CHLD 2 1550.589844 1567439657.6376
CHLD 3 1550.535156 1567439657.6377
CHLD 4 10.757812 1567439657.6378
CHLD 5 10.703125 1567439657.6378
CHLD 6 10.730469 1567439657.6379
CHLD 7 10.742188 1567439657.6379
MEM 714.570312 1567439657.7384
CHLD 0 1520.187500 1567439657.7492
CHLD 1 1584.750000 1567439657.7493
CHLD 2 1550.589844 1567439657.7493
CHLD 3 1550.535156 1567439657.7494
CHLD 4 10.757812 1567439657.7495
CHLD 5 10.703125 1567439657.7495
CHLD 6 10.730469 1567439657.7496
CHLD 7 10.742188 1567439657.7496
MEM 714.570312 1567439657.8501
CHLD 0 1520.187500 1567439657.8636
CHLD 1 1584.750000 1567439657.8637
CHLD 2 1550.589844 1567439657.8637
CHLD 3 1550.535156 1567439657.8638
CHLD 4 10.757812 1567439657.8638
CHLD 5 10.703125 1567439657.8639
CHLD 6 10.730469 1567439657.8640
CHLD 7 10.742188 1567439657.8640
MEM 714.570312 1567439657.9665
CHLD 0 1520.187500 1567439658.0618
CHLD 1 1584.750000 1567439658.0619
CHLD 2 1550.589844 1567439658.0619
CHLD 3 1550.535156 1567439658.0620
CHLD 4 10.757812 1567439658.0621
CHLD 5 10.703125 1567439658.0621
CHLD 6 10.730469 1567439658.0622
CHLD 7 10.742188 1567439658.0623
MEM 714.570312 1567439658.1627
CHLD 0 1520.187500 1567439658.1852
CHLD 1 1584.750000 1567439658.1853
CHLD 2 1550.589844 1567439658.1853
CHLD 3 1550.535156 1567439658.1854
CHLD 4 10.757812 1567439658.1854
CHLD 5 10.703125 1567439658.1855
CHLD 6 10.730469 1567439658.1855
CHLD 7 10.742188 1567439658.1856
MEM 714.570312 1567439658.2861
CHLD 0 1520.187500 1567439658.2992
CHLD 1 1584.750000 1567439658.2993
CHLD 2 1550.589844 1567439658.2994
CHLD 3 1550.535156 1567439658.2994
CHLD 4 10.757812 1567439658.2995
CHLD 5 10.703125 1567439658.2995
CHLD 6 10.730469 1567439658.2996
CHLD 7 10.742188 1567439658.2996
MEM 714.570312 1567439658.4001
CHLD 0 1520.187500 1567439658.4115
CHLD 1 1584.750000 1567439658.4116
CHLD 2 1550.589844 1567439658.4116
CHLD 3 1550.535156 1567439658.4117
CHLD 4 10.757812 1567439658.4117
CHLD 5 10.703125 1567439658.4118
CHLD 6 10.730469 1567439658.4118
CHLD 7 10.742188 1567439658.4119
MEM 714.570312 1567439658.5123
CHLD 0 1520.187500 1567439658.5241
CHLD 1 1584.750000 1567439658.5241
CHLD 2 1550.589844 1567439658.5242
CHLD 3 1550.535156 1567439658.5242
CHLD 4 10.757812 1567439658.5243
CHLD 5 10.703125 1567439658.5244
CHLD 6 10.730469 1567439658.5244
CHLD 7 10.742188 1567439658.5245
MEM 714.570312 1567439658.6249
CHLD 0 1520.187500 1567439658.6370
CHLD 1 1584.750000 1567439658.6371
CHLD 2 1550.589844 1567439658.6371
CHLD 3 1550.535156 1567439658.6372
CHLD 4 10.757812 1567439658.6372
CHLD 5 10.703125 1567439658.6373
CHLD 6 10.730469 1567439658.6373
CHLD 7 10.742188 1567439658.6374
MEM 714.570312 1567439658.7379
CHLD 0 1520.187500 1567439658.7518
CHLD 1 1584.750000 1567439658.7524
CHLD 2 1550.589844 1567439658.7525
CHLD 3 1550.535156 1567439658.7525
CHLD 4 10.757812 1567439658.7526
CHLD 5 10.703125 1567439658.7526
CHLD 6 10.730469 1567439658.7527
CHLD 7 10.742188 1567439658.7528
MEM 714.570312 1567439658.8532
CHLD 0 1520.187500 1567439658.8659
CHLD 1 1584.750000 1567439658.8660
CHLD 2 1550.589844 1567439658.8660
CHLD 3 1550.535156 1567439658.8661
CHLD 4 10.757812 1567439658.8661
CHLD 5 10.703125 1567439658.8662
CHLD 6 10.730469 1567439658.8663
CHLD 7 10.742188 1567439658.8663
MEM 714.570312 1567439658.9668
CHLD 0 1520.187500 1567439658.9810
CHLD 1 1584.750000 1567439658.9810
CHLD 2 1550.589844 1567439658.9811
CHLD 3 1550.535156 1567439658.9811
CHLD 4 10.757812 1567439658.9812
CHLD 5 10.703125 1567439658.9812
CHLD 6 10.730469 1567439658.9813
CHLD 7 10.742188 1567439658.9814
MEM 714.570312 1567439659.0818
CHLD 0 1520.187500 1567439659.0942
CHLD 1 1584.750000 1567439659.0942
CHLD 2 1550.589844 1567439659.0943
CHLD 3 1550.535156 1567439659.0944
CHLD 4 10.757812 1567439659.0944
CHLD 5 10.703125 1567439659.0945
CHLD 6 10.730469 1567439659.0945
CHLD 7 10.742188 1567439659.0946
MEM 714.570312 1567439659.1950
CHLD 0 1520.187500 1567439659.2081
CHLD 1 1584.750000 1567439659.2082
CHLD 2 1550.589844 1567439659.2082
CHLD 3 1550.535156 1567439659.2083
CHLD 4 10.757812 1567439659.2083
CHLD 5 10.703125 1567439659.2084
CHLD 6 10.730469 1567439659.2084
CHLD 7 10.742188 1567439659.2085
MEM 714.570312 1567439659.3089
CHLD 0 1520.187500 1567439659.3223
CHLD 1 1584.750000 1567439659.3224
CHLD 2 1550.589844 1567439659.3225
CHLD 3 1551.371094 1567439659.3225
CHLD 4 10.757812 1567439659.3226
CHLD 5 10.703125 1567439659.3226
CHLD 6 10.730469 1567439659.3227
CHLD 7 10.742188 1567439659.3228
MEM 714.570312 1567439659.4232
CHLD 0 1520.187500 1567439659.4379
CHLD 1 1584.750000 1567439659.4380
CHLD 2 1550.589844 1567439659.4380
CHLD 3 1551.371094 1567439659.4381
CHLD 4 10.757812 1567439659.4382
CHLD 5 10.703125 1567439659.4382
CHLD 6 10.730469 1567439659.4383
CHLD 7 10.742188 1567439659.4384
MEM 714.570312 1567439659.5426
CHLD 0 1520.187500 1567439659.5576
CHLD 1 1584.750000 1567439659.5577
CHLD 2 1550.589844 1567439659.5578
CHLD 3 1551.371094 1567439659.5578
CHLD 4 10.757812 1567439659.5579
CHLD 5 10.703125 1567439659.5580
CHLD 6 10.730469 1567439659.5580
CHLD 7 10.742188 1567439659.5581
MEM 714.570312 1567439659.6586
CHLD 0 1520.187500 1567439659.6729
CHLD 1 1584.750000 1567439659.6730
CHLD 2 1550.589844 1567439659.6731
CHLD 3 1551.371094 1567439659.6731
CHLD 4 10.757812 1567439659.6732
CHLD 5 10.703125 1567439659.6732
CHLD 6 10.730469 1567439659.6732
CHLD 7 10.742188 1567439659.6733
MEM 714.570312 1567439659.7738
CHLD 0 1520.187500 1567439659.7888
CHLD 1 1584.750000 1567439659.7889
CHLD 2 1550.589844 1567439659.7889
CHLD 3 1551.628906 1567439659.7890
CHLD 4 10.757812 1567439659.7891
CHLD 5 10.703125 1567439659.7891
CHLD 6 10.730469 1567439659.7892
CHLD 7 10.742188 1567439659.7892
MEM 714.570312 1567439659.8896
CHLD 0 1520.187500 1567439659.9050
CHLD 1 1584.750000 1567439659.9050
CHLD 2 1550.589844 1567439659.9051
CHLD 3 1551.628906 1567439659.9052
CHLD 4 10.757812 1567439659.9052
CHLD 5 10.703125 1567439659.9053
CHLD 6 10.730469 1567439659.9053
CHLD 7 10.742188 1567439659.9054
MEM 714.570312 1567439660.0059
CHLD 0 1520.187500 1567439660.0201
CHLD 1 1584.750000 1567439660.0202
CHLD 2 1550.589844 1567439660.0203
CHLD 3 1551.628906 1567439660.0203
CHLD 4 10.757812 1567439660.0204
CHLD 5 10.703125 1567439660.0204
CHLD 6 10.730469 1567439660.0205
CHLD 7 10.742188 1567439660.0206
MEM 714.570312 1567439660.1210
CHLD 0 1520.187500 1567439660.1356
CHLD 1 1584.750000 1567439660.1357
CHLD 2 1550.589844 1567439660.1357
CHLD 3 1551.628906 1567439660.1358
CHLD 4 10.757812 1567439660.1358
CHLD 5 10.703125 1567439660.1359
CHLD 6 10.730469 1567439660.1360
CHLD 7 10.742188 1567439660.1360
MEM 714.570312 1567439660.2365
CHLD 0 1520.187500 1567439660.2482
CHLD 1 1584.750000 1567439660.2482
CHLD 2 1550.589844 1567439660.2483
CHLD 3 1551.628906 1567439660.2484
CHLD 4 10.757812 1567439660.2484
CHLD 5 10.703125 1567439660.2485
CHLD 6 10.730469 1567439660.2486
CHLD 7 10.742188 1567439660.2486
MEM 714.570312 1567439660.3491
CHLD 0 1520.187500 1567439660.3640
CHLD 1 1584.750000 1567439660.3640
CHLD 2 1550.589844 1567439660.3641
CHLD 3 1551.628906 1567439660.3642
CHLD 4 10.757812 1567439660.3642
CHLD 5 10.703125 1567439660.3643
CHLD 6 10.730469 1567439660.3644
CHLD 7 10.742188 1567439660.3644
MEM 714.570312 1567439660.4648
CHLD 0 1520.187500 1567439660.4769
CHLD 1 1584.750000 1567439660.4769
CHLD 2 1550.589844 1567439660.4769
CHLD 3 1551.628906 1567439660.4770
CHLD 4 10.757812 1567439660.4770
CHLD 5 10.703125 1567439660.4771
CHLD 6 10.730469 1567439660.4771
CHLD 7 10.742188 1567439660.4771
MEM 714.570312 1567439660.5777
CHLD 0 1520.187500 1567439660.5936
CHLD 1 1584.750000 1567439660.5937
CHLD 2 1550.589844 1567439660.5938
CHLD 3 1551.628906 1567439660.5938
CHLD 4 10.757812 1567439660.5939
CHLD 5 10.703125 1567439660.5940
CHLD 6 10.730469 1567439660.5940
CHLD 7 10.742188 1567439660.5941
MEM 714.570312 1567439660.6946
CHLD 0 1520.187500 1567439660.7082
CHLD 1 1584.750000 1567439660.7083
CHLD 2 1550.589844 1567439660.7083
CHLD 3 1551.628906 1567439660.7084
CHLD 4 10.757812 1567439660.7084
CHLD 5 10.703125 1567439660.7084
CHLD 6 10.730469 1567439660.7085
CHLD 7 10.742188 1567439660.7086
MEM 714.777344 1567439660.8090
CHLD 0 0.000000 1567439660.8337
CHLD 1 0.000000 1567439660.8337
CHLD 2 0.000000 1567439660.8338
CHLD 3 0.000000 1567439660.8338
CHLD 4 10.757812 1567439660.8339
CHLD 5 10.703125 1567439660.8339
CHLD 6 10.742188 1567439660.8340
MEM 729.167969 1567439660.9344
MEM 731.339844 1567439661.0425
MEM 731.910156 1567439661.1505
MEM 732.187500 1567439661.2597
MEM 732.000000 1567439661.3681
MEM 313.296875 1567439661.4763
