CMDLINE /home/dn16382/anaconda3/bin/python mnist_example.py
MEM 1.917969 1567451669.6374
MEM 17.980469 1567451669.7596
MEM 33.042969 1567451669.8832
MEM 38.726562 1567451670.0064
MEM 45.367188 1567451670.1287
MEM 69.847656 1567451670.2443
MEM 79.121094 1567451670.3605
MEM 119.625000 1567451670.4762
MEM 160.859375 1567451670.5917
MEM 163.160156 1567451670.7086
MEM 170.300781 1567451670.8245
MEM 178.070312 1567451670.9408
MEM 183.042969 1567451671.0578
MEM 190.320312 1567451671.1806
MEM 201.425781 1567451671.3048
MEM 205.929688 1567451671.4338
MEM 213.238281 1567451671.5600
MEM 221.683594 1567451671.6778
MEM 232.476562 1567451671.7939
MEM 245.054688 1567451671.9153
MEM 252.988281 1567451672.0370
MEM 261.777344 1567451672.1549
MEM 264.414062 1567451672.2797
MEM 278.960938 1567451672.4057
MEM 295.718750 1567451672.5313
MEM 343.824219 1567451672.6573
MEM 332.410156 1567451672.7845
MEM 414.910156 1567451672.9096
MEM 581.714844 1567451673.0323
MEM 677.949219 1567451673.1545
MEM 633.085938 1567451673.2774
MEM 709.031250 1567451673.3953
MEM 5538.394531 1567451673.5358
CHLD 0 601.179688 1567451673.5608
CHLD 1 601.179688 1567451673.5609
CHLD 2 601.179688 1567451673.5610
CHLD 3 601.179688 1567451673.5610
CHLD 4 609.621094 1567451673.5611
CHLD 5 605.781250 1567451673.5611
CHLD 6 606.035156 1567451673.5612
CHLD 7 605.832031 1567451673.5613
CHLD 8 0.007812 1567451673.5613
MEM 5578.351562 1567451673.6829
CHLD 0 601.179688 1567451673.7107
CHLD 1 601.179688 1567451673.7108
CHLD 2 601.179688 1567451673.7108
CHLD 3 601.179688 1567451673.7109
CHLD 4 614.421875 1567451673.7110
CHLD 5 612.406250 1567451673.7110
CHLD 6 609.417969 1567451673.7111
CHLD 7 608.535156 1567451673.7111
CHLD 8 4.878906 1567451673.7112
CHLD 9 8.464844 1567451673.7113
CHLD 10 8.339844 1567451673.7113
CHLD 11 7.332031 1567451673.7114
MEM 5606.484375 1567451673.8351
CHLD 0 601.179688 1567451673.9086
CHLD 1 601.179688 1567451673.9087
CHLD 2 601.179688 1567451673.9087
CHLD 3 601.179688 1567451673.9088
CHLD 4 618.117188 1567451673.9088
CHLD 5 618.527344 1567451673.9089
CHLD 6 611.761719 1567451673.9089
CHLD 7 612.347656 1567451673.9090
CHLD 8 9.292969 1567451673.9091
CHLD 9 9.250000 1567451673.9091
CHLD 10 10.980469 1567451673.9092
CHLD 11 8.558594 1567451673.9092
MEM 5628.523438 1567451674.0247
CHLD 0 601.179688 1567451674.0389
CHLD 1 601.179688 1567451674.0390
CHLD 2 601.179688 1567451674.0390
CHLD 3 601.179688 1567451674.0391
CHLD 4 618.464844 1567451674.0391
CHLD 5 618.898438 1567451674.0392
CHLD 6 618.089844 1567451674.0392
CHLD 7 618.152344 1567451674.0393
CHLD 8 10.875000 1567451674.0393
CHLD 9 10.835938 1567451674.0394
CHLD 10 10.980469 1567451674.0394
CHLD 11 10.925781 1567451674.0395
MEM 5637.949219 1567451674.1654
CHLD 0 601.179688 1567451674.1931
CHLD 1 601.179688 1567451674.1932
CHLD 2 601.179688 1567451674.1933
CHLD 3 601.179688 1567451674.1933
CHLD 4 621.269531 1567451674.1934
CHLD 5 623.609375 1567451674.1934
CHLD 6 618.960938 1567451674.1935
CHLD 7 618.757812 1567451674.1936
CHLD 8 10.875000 1567451674.1936
CHLD 9 10.835938 1567451674.1937
CHLD 10 10.980469 1567451674.1937
CHLD 11 10.925781 1567451674.1938
MEM 5661.453125 1567451674.3091
CHLD 0 601.179688 1567451674.3441
CHLD 1 601.179688 1567451674.3441
CHLD 2 601.179688 1567451674.3442
CHLD 3 601.179688 1567451674.3443
CHLD 4 630.656250 1567451674.3443
CHLD 5 635.101562 1567451674.3444
CHLD 6 623.906250 1567451674.3444
CHLD 7 623.238281 1567451674.3445
CHLD 8 10.875000 1567451674.3446
CHLD 9 10.835938 1567451674.3446
CHLD 10 10.980469 1567451674.3447
CHLD 11 10.925781 1567451674.3447
MEM 5693.968750 1567451674.4803
CHLD 0 601.179688 1567451674.5139
CHLD 1 601.179688 1567451674.5140
CHLD 2 601.179688 1567451674.5140
CHLD 3 601.179688 1567451674.5141
CHLD 4 635.820312 1567451674.5141
CHLD 5 635.898438 1567451674.5142
CHLD 6 634.296875 1567451674.5143
CHLD 7 634.464844 1567451674.5143
CHLD 8 10.875000 1567451674.5144
CHLD 9 10.835938 1567451674.5145
CHLD 10 10.980469 1567451674.5145
CHLD 11 10.925781 1567451674.5146
MEM 5704.859375 1567451674.6303
CHLD 0 601.179688 1567451674.6725
CHLD 1 601.179688 1567451674.6726
CHLD 2 601.179688 1567451674.6726
CHLD 3 601.179688 1567451674.6727
CHLD 4 638.230469 1567451674.6728
CHLD 5 638.199219 1567451674.6728
CHLD 6 635.550781 1567451674.6729
CHLD 7 635.695312 1567451674.6729
CHLD 8 10.875000 1567451674.6730
CHLD 9 10.835938 1567451674.6730
CHLD 10 10.980469 1567451674.6731
CHLD 11 10.925781 1567451674.6732
MEM 5713.039062 1567451674.7937
CHLD 0 601.179688 1567451674.8209
CHLD 1 601.179688 1567451674.8210
CHLD 2 601.179688 1567451674.8210
CHLD 3 601.179688 1567451674.8211
CHLD 4 641.550781 1567451674.8211
CHLD 5 639.324219 1567451674.8212
CHLD 6 637.992188 1567451674.8213
CHLD 7 638.398438 1567451674.8213
CHLD 8 10.875000 1567451674.8214
CHLD 9 10.835938 1567451674.8214
CHLD 10 10.980469 1567451674.8215
CHLD 11 10.925781 1567451674.8216
MEM 5719.046875 1567451674.9363
CHLD 0 601.179688 1567451674.9664
CHLD 1 601.179688 1567451674.9665
CHLD 2 601.179688 1567451674.9665
CHLD 3 601.179688 1567451674.9666
CHLD 4 642.136719 1567451674.9666
CHLD 5 641.585938 1567451674.9667
CHLD 6 638.648438 1567451674.9667
CHLD 7 639.156250 1567451674.9668
CHLD 8 10.875000 1567451674.9668
CHLD 9 10.835938 1567451674.9669
CHLD 10 10.980469 1567451674.9669
CHLD 11 10.925781 1567451674.9670
MEM 5725.781250 1567451675.0825
CHLD 0 601.179688 1567451675.1148
CHLD 1 601.179688 1567451675.1149
CHLD 2 601.179688 1567451675.1150
CHLD 3 601.179688 1567451675.1150
CHLD 4 642.808594 1567451675.1151
CHLD 5 642.214844 1567451675.1151
CHLD 6 641.601562 1567451675.1152
CHLD 7 641.847656 1567451675.1153
CHLD 8 10.875000 1567451675.1153
CHLD 9 10.835938 1567451675.1154
CHLD 10 10.980469 1567451675.1154
CHLD 11 10.925781 1567451675.1155
MEM 5729.832031 1567451675.2408
CHLD 0 601.179688 1567451675.2562
CHLD 1 601.179688 1567451675.2563
CHLD 2 601.179688 1567451675.2563
CHLD 3 601.179688 1567451675.2564
CHLD 4 643.636719 1567451675.2564
CHLD 5 649.894531 1567451675.2565
CHLD 6 642.414062 1567451675.2565
CHLD 7 642.515625 1567451675.2566
CHLD 8 10.875000 1567451675.2566
CHLD 9 10.835938 1567451675.2567
CHLD 10 10.980469 1567451675.2568
CHLD 11 10.925781 1567451675.2568
MEM 5754.519531 1567451675.3789
CHLD 0 601.179688 1567451675.4133
CHLD 1 601.179688 1567451675.4134
CHLD 2 601.179688 1567451675.4134
CHLD 3 601.179688 1567451675.4135
CHLD 4 655.878906 1567451675.4136
CHLD 5 657.261719 1567451675.4136
CHLD 6 643.218750 1567451675.4137
CHLD 7 643.242188 1567451675.4137
CHLD 8 10.875000 1567451675.4138
CHLD 9 10.835938 1567451675.4139
CHLD 10 10.980469 1567451675.4139
CHLD 11 10.925781 1567451675.4140
MEM 5766.394531 1567451675.5338
CHLD 0 601.179688 1567451675.5693
CHLD 1 601.179688 1567451675.5694
CHLD 2 601.179688 1567451675.5695
CHLD 3 601.179688 1567451675.5695
CHLD 4 656.699219 1567451675.5696
CHLD 5 659.511719 1567451675.5696
CHLD 6 651.359375 1567451675.5697
CHLD 7 645.378906 1567451675.5697
CHLD 8 10.875000 1567451675.5698
CHLD 9 10.835938 1567451675.5698
CHLD 10 10.980469 1567451675.5699
CHLD 11 10.925781 1567451675.5700
MEM 5803.535156 1567451675.6892
CHLD 0 601.179688 1567451675.7076
CHLD 1 601.179688 1567451675.7077
CHLD 2 601.179688 1567451675.7077
CHLD 3 601.179688 1567451675.7122
CHLD 4 657.949219 1567451675.7124
CHLD 5 679.515625 1567451675.7124
CHLD 6 656.285156 1567451675.7125
CHLD 7 654.109375 1567451675.7125
CHLD 8 10.875000 1567451675.7126
CHLD 9 10.835938 1567451675.7127
CHLD 10 10.980469 1567451675.7127
CHLD 11 10.925781 1567451675.7128
MEM 5818.644531 1567451675.8291
CHLD 0 601.179688 1567451675.8866
CHLD 1 601.179688 1567451675.8867
CHLD 2 601.179688 1567451675.8950
CHLD 3 601.179688 1567451675.8951
CHLD 4 664.312500 1567451675.8952
CHLD 5 686.476562 1567451675.8952
CHLD 6 656.613281 1567451675.8953
CHLD 7 657.195312 1567451675.8953
CHLD 8 10.875000 1567451675.8954
CHLD 9 10.835938 1567451675.8954
CHLD 10 10.980469 1567451675.8955
CHLD 11 10.925781 1567451675.8956
MEM 5824.042969 1567451676.0270
CHLD 0 601.179688 1567451676.0409
CHLD 1 601.179688 1567451676.0409
CHLD 2 601.179688 1567451676.0410
CHLD 3 601.179688 1567451676.0410
CHLD 4 664.570312 1567451676.0411
CHLD 5 688.023438 1567451676.0411
CHLD 6 656.792969 1567451676.0412
CHLD 7 657.195312 1567451676.0413
CHLD 8 10.875000 1567451676.0414
CHLD 9 10.835938 1567451676.0414
CHLD 10 10.980469 1567451676.0415
CHLD 11 10.925781 1567451676.0415
MEM 5826.953125 1567451676.1983
CHLD 0 601.179688 1567451676.2462
CHLD 1 601.179688 1567451676.2463
CHLD 2 601.179688 1567451676.2464
CHLD 3 601.179688 1567451676.2465
CHLD 4 664.828125 1567451676.2465
CHLD 5 691.890625 1567451676.2466
CHLD 6 656.792969 1567451676.2467
CHLD 7 670.421875 1567451676.2467
CHLD 8 10.875000 1567451676.2468
CHLD 9 10.835938 1567451676.2468
CHLD 10 10.980469 1567451676.2469
CHLD 11 10.925781 1567451676.2470
MEM 5844.710938 1567451676.3689
CHLD 0 601.179688 1567451676.4125
CHLD 1 601.179688 1567451676.4126
CHLD 2 601.179688 1567451676.4127
CHLD 3 601.179688 1567451676.4127
CHLD 4 665.085938 1567451676.4128
CHLD 5 691.890625 1567451676.4128
CHLD 6 656.792969 1567451676.4129
CHLD 7 674.074219 1567451676.4129
CHLD 8 10.875000 1567451676.4130
CHLD 9 10.835938 1567451676.4130
CHLD 10 10.980469 1567451676.4136
CHLD 11 10.925781 1567451676.4158
MEM 5861.546875 1567451676.5383
CHLD 0 601.179688 1567451676.5800
CHLD 1 601.179688 1567451676.5800
CHLD 2 601.179688 1567451676.5800
CHLD 3 601.179688 1567451676.5801
CHLD 4 665.343750 1567451676.5802
CHLD 5 691.890625 1567451676.5803
CHLD 6 670.277344 1567451676.5803
CHLD 7 676.652344 1567451676.5804
CHLD 8 10.875000 1567451676.5804
CHLD 9 10.835938 1567451676.5805
CHLD 10 10.980469 1567451676.5805
CHLD 11 10.925781 1567451676.5806
MEM 5866.187500 1567451676.7345
CHLD 0 601.179688 1567451676.8154
CHLD 1 601.179688 1567451676.8155
CHLD 2 601.179688 1567451676.8156
CHLD 3 601.179688 1567451676.8156
CHLD 4 665.343750 1567451676.8157
CHLD 5 693.437500 1567451676.8158
CHLD 6 673.113281 1567451676.8158
CHLD 7 677.683594 1567451676.8159
CHLD 8 10.875000 1567451676.8159
CHLD 9 10.835938 1567451676.8160
CHLD 10 10.980469 1567451676.8161
CHLD 11 10.925781 1567451676.8161
MEM 5869.023438 1567451676.9373
CHLD 0 601.179688 1567451676.9800
CHLD 1 601.179688 1567451676.9801
CHLD 2 601.179688 1567451676.9802
CHLD 3 601.179688 1567451676.9802
CHLD 4 665.343750 1567451676.9803
CHLD 5 694.984375 1567451676.9803
CHLD 6 673.113281 1567451676.9804
CHLD 7 678.199219 1567451676.9804
CHLD 8 10.875000 1567451676.9805
CHLD 9 10.835938 1567451676.9805
CHLD 10 10.980469 1567451676.9806
CHLD 11 10.925781 1567451676.9806
MEM 5870.312500 1567451677.1424
CHLD 0 601.179688 1567451677.1957
CHLD 1 601.179688 1567451677.1958
CHLD 2 601.179688 1567451677.1959
CHLD 3 601.179688 1567451677.1959
CHLD 4 665.343750 1567451677.1960
CHLD 5 695.242188 1567451677.1961
CHLD 6 673.371094 1567451677.1982
CHLD 7 678.714844 1567451677.1983
CHLD 8 10.875000 1567451677.1996
CHLD 9 10.835938 1567451677.1997
CHLD 10 10.980469 1567451677.1998
CHLD 11 10.925781 1567451677.1998
MEM 5871.085938 1567451677.3459
CHLD 0 601.179688 1567451677.4122
CHLD 1 601.179688 1567451677.4123
CHLD 2 601.179688 1567451677.4124
CHLD 3 601.179688 1567451677.4124
CHLD 4 665.601562 1567451677.4125
CHLD 5 695.242188 1567451677.4155
CHLD 6 673.628906 1567451677.4156
CHLD 7 679.230469 1567451677.4157
CHLD 8 10.875000 1567451677.4157
CHLD 9 10.835938 1567451677.4158
CHLD 10 10.980469 1567451677.4159
CHLD 11 10.925781 1567451677.4159
MEM 5871.343750 1567451677.5976
CHLD 0 601.179688 1567451677.6973
CHLD 1 601.179688 1567451677.6974
CHLD 2 601.179688 1567451677.6975
CHLD 3 601.179688 1567451677.6975
CHLD 4 665.601562 1567451677.6976
CHLD 5 695.242188 1567451677.6976
CHLD 6 673.628906 1567451677.6977
CHLD 7 679.230469 1567451677.6978
CHLD 8 10.875000 1567451677.6978
CHLD 9 10.835938 1567451677.6979
CHLD 10 10.980469 1567451677.6979
CHLD 11 10.925781 1567451677.6980
MEM 5871.601562 1567451677.8477
CHLD 0 601.179688 1567451677.8964
CHLD 1 601.179688 1567451677.8964
CHLD 2 601.179688 1567451677.8965
CHLD 3 601.179688 1567451677.8966
CHLD 4 665.601562 1567451677.8966
CHLD 5 695.242188 1567451677.8967
CHLD 6 673.886719 1567451677.8968
CHLD 7 679.230469 1567451677.8968
CHLD 8 10.875000 1567451677.8969
CHLD 9 10.835938 1567451677.8969
CHLD 10 10.980469 1567451677.8970
CHLD 11 10.925781 1567451677.8971
MEM 5872.117188 1567451678.0461
CHLD 0 601.179688 1567451678.1646
CHLD 1 601.179688 1567451678.1647
CHLD 2 601.179688 1567451678.1648
CHLD 3 601.179688 1567451678.1648
CHLD 4 665.601562 1567451678.1649
CHLD 5 695.242188 1567451678.1649
CHLD 6 674.402344 1567451678.1650
CHLD 7 679.230469 1567451678.1650
CHLD 8 10.875000 1567451678.1651
CHLD 9 10.835938 1567451678.1651
CHLD 10 10.980469 1567451678.1652
CHLD 11 10.925781 1567451678.1652
MEM 5872.117188 1567451678.2817
CHLD 0 601.179688 1567451678.3041
CHLD 1 601.179688 1567451678.3042
CHLD 2 601.179688 1567451678.3043
CHLD 3 601.179688 1567451678.3043
CHLD 4 665.601562 1567451678.3044
CHLD 5 695.242188 1567451678.3045
CHLD 6 674.402344 1567451678.3045
CHLD 7 679.230469 1567451678.3046
CHLD 8 10.875000 1567451678.3046
CHLD 9 10.835938 1567451678.3047
CHLD 10 10.980469 1567451678.3047
CHLD 11 10.925781 1567451678.3048
MEM 5872.117188 1567451678.5669
CHLD 0 601.179688 1567451678.6523
CHLD 1 601.179688 1567451678.6524
CHLD 2 601.179688 1567451678.6524
CHLD 3 601.179688 1567451678.6525
CHLD 4 665.601562 1567451678.6525
CHLD 5 695.242188 1567451678.6526
CHLD 6 674.402344 1567451678.6527
CHLD 7 679.230469 1567451678.6527
CHLD 8 10.875000 1567451678.6628
CHLD 9 10.835938 1567451678.6630
CHLD 10 10.980469 1567451678.6630
CHLD 11 10.925781 1567451678.6631
MEM 5872.632812 1567451678.7856
CHLD 0 601.179688 1567451678.8157
CHLD 1 601.179688 1567451678.8158
CHLD 2 601.179688 1567451678.8159
CHLD 3 601.179688 1567451678.8159
CHLD 4 665.601562 1567451678.8160
CHLD 5 695.242188 1567451678.8160
CHLD 6 674.660156 1567451678.8161
CHLD 7 679.488281 1567451678.8161
CHLD 8 10.875000 1567451678.8162
CHLD 9 10.835938 1567451678.8162
CHLD 10 10.980469 1567451678.8163
CHLD 11 10.925781 1567451678.8163
MEM 5872.890625 1567451678.9476
CHLD 0 601.179688 1567451678.9809
CHLD 1 601.179688 1567451678.9810
CHLD 2 601.179688 1567451678.9810
CHLD 3 601.179688 1567451678.9811
CHLD 4 665.601562 1567451678.9812
CHLD 5 695.242188 1567451678.9812
CHLD 6 674.917969 1567451678.9813
CHLD 7 679.488281 1567451678.9813
CHLD 8 10.875000 1567451678.9814
CHLD 9 10.835938 1567451678.9814
CHLD 10 10.980469 1567451678.9815
CHLD 11 10.925781 1567451678.9815
MEM 5872.890625 1567451679.1684
CHLD 0 601.179688 1567451679.2056
CHLD 1 601.179688 1567451679.2057
CHLD 2 601.179688 1567451679.2058
CHLD 3 601.179688 1567451679.2058
CHLD 4 665.601562 1567451679.2059
CHLD 5 695.242188 1567451679.2059
CHLD 6 674.917969 1567451679.2060
CHLD 7 679.488281 1567451679.2061
CHLD 8 10.875000 1567451679.2061
CHLD 9 10.835938 1567451679.2062
CHLD 10 10.980469 1567451679.2062
CHLD 11 10.925781 1567451679.2064
MEM 5872.890625 1567451679.3487
CHLD 0 601.179688 1567451679.4039
CHLD 1 601.179688 1567451679.4039
CHLD 2 601.179688 1567451679.4040
CHLD 3 601.179688 1567451679.4040
CHLD 4 665.601562 1567451679.4041
CHLD 5 695.242188 1567451679.4042
CHLD 6 674.917969 1567451679.4042
CHLD 7 679.488281 1567451679.4043
CHLD 8 10.875000 1567451679.4043
CHLD 9 10.835938 1567451679.4044
CHLD 10 10.980469 1567451679.4044
CHLD 11 10.925781 1567451679.4045
MEM 5872.890625 1567451679.5530
CHLD 0 601.179688 1567451679.6002
CHLD 1 601.179688 1567451679.6002
CHLD 2 601.179688 1567451679.6003
CHLD 3 601.179688 1567451679.6004
CHLD 4 665.601562 1567451679.6004
CHLD 5 695.242188 1567451679.6005
CHLD 6 675.949219 1567451679.6005
CHLD 7 679.488281 1567451679.6006
CHLD 8 10.875000 1567451679.6008
CHLD 9 10.835938 1567451679.6009
CHLD 10 10.980469 1567451679.6010
CHLD 11 10.925781 1567451679.6010
MEM 5875.726562 1567451679.7525
CHLD 0 601.179688 1567451679.7798
CHLD 1 601.179688 1567451679.7798
CHLD 2 601.179688 1567451679.7799
CHLD 3 601.179688 1567451679.7800
CHLD 4 665.859375 1567451679.7800
CHLD 5 696.531250 1567451679.7801
CHLD 6 676.207031 1567451679.7801
CHLD 7 679.488281 1567451679.7802
CHLD 8 10.875000 1567451679.7802
CHLD 9 10.835938 1567451679.7803
CHLD 10 10.980469 1567451679.7804
CHLD 11 10.925781 1567451679.7804
MEM 5875.726562 1567451679.9389
CHLD 0 601.179688 1567451680.0109
CHLD 1 601.179688 1567451680.0109
CHLD 2 601.179688 1567451680.0110
CHLD 3 601.179688 1567451680.0111
CHLD 4 665.859375 1567451680.0111
CHLD 5 696.531250 1567451680.0112
CHLD 6 676.207031 1567451680.0112
CHLD 7 679.488281 1567451680.0113
CHLD 8 10.875000 1567451680.0113
CHLD 9 10.835938 1567451680.0114
CHLD 10 10.980469 1567451680.0115
CHLD 11 10.925781 1567451680.0115
MEM 5875.984375 1567451680.1458
CHLD 0 601.179688 1567451680.1865
CHLD 1 601.179688 1567451680.1866
CHLD 2 601.179688 1567451680.1866
CHLD 3 601.179688 1567451680.1867
CHLD 4 666.117188 1567451680.1868
CHLD 5 696.531250 1567451680.1868
CHLD 6 676.207031 1567451680.1869
CHLD 7 679.488281 1567451680.1869
CHLD 8 10.875000 1567451680.1870
CHLD 9 10.835938 1567451680.1870
CHLD 10 10.980469 1567451680.1871
CHLD 11 10.925781 1567451680.1872
MEM 5876.500000 1567451680.3374
CHLD 0 601.179688 1567451680.4091
CHLD 1 601.179688 1567451680.4092
CHLD 2 601.179688 1567451680.4092
CHLD 3 601.179688 1567451680.4093
CHLD 4 666.117188 1567451680.4093
CHLD 5 696.789062 1567451680.4094
CHLD 6 676.207031 1567451680.4094
CHLD 7 680.003906 1567451680.4095
CHLD 8 10.875000 1567451680.4114
CHLD 9 10.835938 1567451680.4115
CHLD 10 10.980469 1567451680.4116
CHLD 11 10.925781 1567451680.4116
MEM 5876.757812 1567451680.5399
CHLD 0 601.179688 1567451680.5861
CHLD 1 601.179688 1567451680.5862
CHLD 2 601.179688 1567451680.5862
CHLD 3 601.179688 1567451680.5863
CHLD 4 666.117188 1567451680.5864
CHLD 5 696.789062 1567451680.5864
CHLD 6 676.207031 1567451680.5865
CHLD 7 680.003906 1567451680.5865
CHLD 8 10.875000 1567451680.5866
CHLD 9 10.835938 1567451680.5866
CHLD 10 10.980469 1567451680.5867
CHLD 11 10.925781 1567451680.5867
MEM 5877.015625 1567451680.7360
CHLD 0 601.179688 1567451680.8596
CHLD 1 601.179688 1567451680.8597
CHLD 2 601.179688 1567451680.8597
CHLD 3 601.179688 1567451680.8598
CHLD 4 666.117188 1567451680.8598
CHLD 5 696.789062 1567451680.8599
CHLD 6 676.207031 1567451680.8600
CHLD 7 680.261719 1567451680.8600
CHLD 8 10.875000 1567451680.8601
CHLD 9 10.835938 1567451680.8602
CHLD 10 10.980469 1567451680.8602
CHLD 11 10.925781 1567451680.8603
MEM 5879.335938 1567451680.9984
CHLD 0 601.179688 1567451681.0252
CHLD 1 601.179688 1567451681.0253
CHLD 2 601.179688 1567451681.0253
CHLD 3 601.179688 1567451681.0254
CHLD 4 666.117188 1567451681.0254
CHLD 5 698.593750 1567451681.0255
CHLD 6 676.722656 1567451681.0255
CHLD 7 680.261719 1567451681.0256
CHLD 8 10.875000 1567451681.0256
CHLD 9 10.835938 1567451681.0257
CHLD 10 10.980469 1567451681.0258
CHLD 11 10.925781 1567451681.0258
MEM 5879.335938 1567451681.1645
CHLD 0 601.179688 1567451681.2037
CHLD 1 601.179688 1567451681.2038
CHLD 2 601.179688 1567451681.2038
CHLD 3 601.179688 1567451681.2039
CHLD 4 666.117188 1567451681.2040
CHLD 5 698.593750 1567451681.2040
CHLD 6 676.722656 1567451681.2041
CHLD 7 680.261719 1567451681.2041
CHLD 8 10.875000 1567451681.2042
CHLD 9 10.835938 1567451681.2042
CHLD 10 10.980469 1567451681.2080
CHLD 11 10.925781 1567451681.2081
MEM 5879.335938 1567451681.3359
CHLD 0 601.179688 1567451681.3965
CHLD 1 601.179688 1567451681.4018
CHLD 2 601.179688 1567451681.4019
CHLD 3 601.179688 1567451681.4020
CHLD 4 666.117188 1567451681.4020
CHLD 5 698.593750 1567451681.4021
CHLD 6 676.722656 1567451681.4021
CHLD 7 680.261719 1567451681.4022
CHLD 8 10.875000 1567451681.4022
CHLD 9 10.835938 1567451681.4023
CHLD 10 10.980469 1567451681.4195
CHLD 11 10.925781 1567451681.4196
MEM 5879.335938 1567451681.5553
CHLD 0 601.179688 1567451681.5982
CHLD 1 601.179688 1567451681.6032
CHLD 2 601.179688 1567451681.6033
CHLD 3 601.179688 1567451681.6033
CHLD 4 666.117188 1567451681.6033
CHLD 5 698.593750 1567451681.6034
CHLD 6 676.722656 1567451681.6034
CHLD 7 680.261719 1567451681.6034
CHLD 8 10.875000 1567451681.6035
CHLD 9 10.835938 1567451681.6035
CHLD 10 10.980469 1567451681.6036
CHLD 11 10.925781 1567451681.6037
MEM 5879.851562 1567451681.7713
CHLD 0 601.179688 1567451681.8483
CHLD 1 601.179688 1567451681.8484
CHLD 2 601.179688 1567451681.8484
CHLD 3 601.179688 1567451681.8485
CHLD 4 666.117188 1567451681.8486
CHLD 5 698.593750 1567451681.8486
CHLD 6 677.238281 1567451681.8487
CHLD 7 680.261719 1567451681.8487
CHLD 8 10.875000 1567451681.8488
CHLD 9 10.835938 1567451681.8489
CHLD 10 10.980469 1567451681.8489
CHLD 11 10.925781 1567451681.8490
MEM 5879.851562 1567451681.9712
CHLD 0 601.179688 1567451682.0071
CHLD 1 601.179688 1567451682.0072
CHLD 2 601.179688 1567451682.0072
CHLD 3 601.179688 1567451682.0073
CHLD 4 666.117188 1567451682.0073
CHLD 5 699.625000 1567451682.0074
CHLD 6 677.238281 1567451682.0074
CHLD 7 680.261719 1567451682.0075
CHLD 8 10.875000 1567451682.0076
CHLD 9 10.835938 1567451682.0076
CHLD 10 10.980469 1567451682.0077
CHLD 11 10.925781 1567451682.0077
MEM 5880.882812 1567451682.1243
CHLD 0 601.179688 1567451682.1527
CHLD 1 601.179688 1567451682.1528
CHLD 2 601.179688 1567451682.1529
CHLD 3 601.179688 1567451682.1529
CHLD 4 666.117188 1567451682.1530
CHLD 5 699.625000 1567451682.1530
CHLD 6 677.238281 1567451682.1531
CHLD 7 680.261719 1567451682.1531
CHLD 8 10.875000 1567451682.1532
CHLD 9 10.835938 1567451682.1533
CHLD 10 10.980469 1567451682.1533
CHLD 11 10.925781 1567451682.1534
MEM 5881.656250 1567451682.2851
CHLD 0 601.179688 1567451682.3140
CHLD 1 601.179688 1567451682.3140
CHLD 2 601.179688 1567451682.3141
CHLD 3 601.179688 1567451682.3142
CHLD 4 666.117188 1567451682.3142
CHLD 5 699.625000 1567451682.3143
CHLD 6 677.238281 1567451682.3144
CHLD 7 681.035156 1567451682.3144
CHLD 8 10.875000 1567451682.3145
CHLD 9 10.835938 1567451682.3145
CHLD 10 10.980469 1567451682.3146
CHLD 11 10.925781 1567451682.3146
MEM 5881.656250 1567451682.4355
CHLD 0 601.179688 1567451682.4655
CHLD 1 601.179688 1567451682.4656
CHLD 2 601.179688 1567451682.4656
CHLD 3 601.179688 1567451682.4656
CHLD 4 666.117188 1567451682.4657
CHLD 5 699.625000 1567451682.4657
CHLD 6 677.238281 1567451682.4657
CHLD 7 681.035156 1567451682.4658
CHLD 8 10.875000 1567451682.4658
CHLD 9 10.835938 1567451682.4658
CHLD 10 10.980469 1567451682.4659
CHLD 11 10.925781 1567451682.4659
MEM 5881.656250 1567451682.6209
CHLD 0 601.179688 1567451682.6700
CHLD 1 601.179688 1567451682.6701
CHLD 2 601.179688 1567451682.6701
CHLD 3 601.179688 1567451682.6702
CHLD 4 666.117188 1567451682.6702
CHLD 5 699.625000 1567451682.6708
CHLD 6 677.238281 1567451682.6709
CHLD 7 681.035156 1567451682.6709
CHLD 8 10.875000 1567451682.6710
CHLD 9 10.835938 1567451682.6710
CHLD 10 10.980469 1567451682.6711
CHLD 11 10.925781 1567451682.6712
MEM 5881.656250 1567451682.7995
CHLD 0 601.179688 1567451682.8755
CHLD 1 601.179688 1567451682.8755
CHLD 2 601.179688 1567451682.8756
CHLD 3 601.179688 1567451682.8756
CHLD 4 666.117188 1567451682.8756
CHLD 5 699.625000 1567451682.8757
CHLD 6 677.238281 1567451682.8757
CHLD 7 681.035156 1567451682.8757
CHLD 8 10.875000 1567451682.8758
CHLD 9 10.835938 1567451682.8758
CHLD 10 10.980469 1567451682.8759
CHLD 11 10.925781 1567451682.8759
MEM 5881.656250 1567451683.0200
CHLD 0 601.179688 1567451683.1485
CHLD 1 601.179688 1567451683.1486
CHLD 2 601.179688 1567451683.1486
CHLD 3 601.179688 1567451683.1487
CHLD 4 666.117188 1567451683.1488
CHLD 5 699.625000 1567451683.1488
CHLD 6 677.238281 1567451683.1489
CHLD 7 681.808594 1567451683.1489
CHLD 8 10.875000 1567451683.1490
CHLD 9 10.835938 1567451683.1490
CHLD 10 10.980469 1567451683.1491
CHLD 11 10.925781 1567451683.1491
MEM 5883.203125 1567451683.2910
CHLD 0 601.179688 1567451683.3541
CHLD 1 601.179688 1567451683.3541
CHLD 2 601.179688 1567451683.3542
CHLD 3 601.179688 1567451683.3543
CHLD 4 666.117188 1567451683.3665
CHLD 5 700.398438 1567451683.3666
CHLD 6 677.238281 1567451683.3733
CHLD 7 681.808594 1567451683.3734
CHLD 8 10.875000 1567451683.3734
CHLD 9 10.835938 1567451683.3735
CHLD 10 10.980469 1567451683.3736
CHLD 11 10.925781 1567451683.3736
MEM 5883.203125 1567451683.5088
CHLD 0 601.179688 1567451683.5445
CHLD 1 601.179688 1567451683.5445
CHLD 2 601.179688 1567451683.5446
CHLD 3 601.179688 1567451683.5447
CHLD 4 666.117188 1567451683.5447
CHLD 5 700.398438 1567451683.5448
CHLD 6 677.238281 1567451683.5448
CHLD 7 681.808594 1567451683.5449
CHLD 8 10.875000 1567451683.5449
CHLD 9 10.835938 1567451683.5450
CHLD 10 10.980469 1567451683.5465
CHLD 11 10.925781 1567451683.5467
MEM 5883.203125 1567451683.6685
CHLD 0 601.179688 1567451683.7092
CHLD 1 601.179688 1567451683.7093
CHLD 2 601.179688 1567451683.7093
CHLD 3 601.179688 1567451683.7094
CHLD 4 666.117188 1567451683.7094
CHLD 5 700.398438 1567451683.7095
CHLD 6 677.238281 1567451683.7095
CHLD 7 681.808594 1567451683.7096
CHLD 8 10.875000 1567451683.7097
CHLD 9 10.835938 1567451683.7097
CHLD 10 10.980469 1567451683.7098
CHLD 11 10.925781 1567451683.7098
MEM 5883.203125 1567451683.8390
CHLD 0 601.179688 1567451683.9085
CHLD 1 601.179688 1567451683.9086
CHLD 2 601.179688 1567451683.9086
CHLD 3 601.179688 1567451683.9087
CHLD 4 666.117188 1567451683.9087
CHLD 5 700.398438 1567451683.9087
CHLD 6 677.238281 1567451683.9088
CHLD 7 681.808594 1567451683.9088
CHLD 8 10.875000 1567451683.9088
CHLD 9 10.835938 1567451683.9089
CHLD 10 10.980469 1567451683.9089
CHLD 11 10.925781 1567451683.9089
MEM 5883.203125 1567451684.0458
CHLD 0 601.179688 1567451684.0967
CHLD 1 601.179688 1567451684.0968
CHLD 2 601.179688 1567451684.0969
CHLD 3 601.179688 1567451684.0969
CHLD 4 666.117188 1567451684.0970
CHLD 5 700.398438 1567451684.0971
CHLD 6 677.238281 1567451684.0972
CHLD 7 681.808594 1567451684.0972
CHLD 8 10.875000 1567451684.0973
CHLD 9 10.835938 1567451684.0973
CHLD 10 10.980469 1567451684.0974
CHLD 11 10.925781 1567451684.0975
MEM 5883.203125 1567451684.2369
CHLD 0 601.179688 1567451684.2679
CHLD 1 601.179688 1567451684.2679
CHLD 2 601.179688 1567451684.2680
CHLD 3 601.179688 1567451684.2680
CHLD 4 666.117188 1567451684.2681
CHLD 5 700.398438 1567451684.2681
CHLD 6 677.238281 1567451684.2682
CHLD 7 681.808594 1567451684.2682
CHLD 8 10.875000 1567451684.2683
CHLD 9 10.835938 1567451684.2684
CHLD 10 10.980469 1567451684.2684
CHLD 11 10.925781 1567451684.2685
MEM 5883.203125 1567451684.3889
CHLD 0 601.179688 1567451684.4339
CHLD 1 601.179688 1567451684.4339
CHLD 2 601.179688 1567451684.4340
CHLD 3 601.179688 1567451684.4340
CHLD 4 666.117188 1567451684.4341
CHLD 5 700.398438 1567451684.4342
CHLD 6 677.238281 1567451684.4342
CHLD 7 681.808594 1567451684.4343
CHLD 8 10.875000 1567451684.4343
CHLD 9 10.835938 1567451684.4344
CHLD 10 10.980469 1567451684.4345
CHLD 11 10.925781 1567451684.4345
MEM 5884.492188 1567451684.5749
CHLD 0 601.179688 1567451684.6087
CHLD 1 601.179688 1567451684.6088
CHLD 2 601.179688 1567451684.6088
CHLD 3 601.179688 1567451684.6089
CHLD 4 666.117188 1567451684.6089
CHLD 5 701.687500 1567451684.6090
CHLD 6 677.238281 1567451684.6090
CHLD 7 681.808594 1567451684.6091
CHLD 8 10.875000 1567451684.6091
CHLD 9 10.835938 1567451684.6092
CHLD 10 10.980469 1567451684.6093
CHLD 11 10.925781 1567451684.6093
MEM 5884.492188 1567451684.7493
CHLD 0 601.179688 1567451684.8574
CHLD 1 601.179688 1567451684.8574
CHLD 2 601.179688 1567451684.8575
CHLD 3 601.179688 1567451684.8605
CHLD 4 666.117188 1567451684.8606
CHLD 5 701.687500 1567451684.8607
CHLD 6 677.238281 1567451684.8608
CHLD 7 681.808594 1567451684.8608
CHLD 8 10.875000 1567451684.8609
CHLD 9 10.835938 1567451684.8609
CHLD 10 10.980469 1567451684.8610
CHLD 11 10.925781 1567451684.8610
MEM 5884.492188 1567451684.9995
CHLD 0 601.179688 1567451685.1031
CHLD 1 601.179688 1567451685.1031
CHLD 2 601.179688 1567451685.1032
CHLD 3 601.179688 1567451685.1032
CHLD 4 666.117188 1567451685.1032
CHLD 5 701.687500 1567451685.1033
CHLD 6 677.238281 1567451685.1033
CHLD 7 681.808594 1567451685.1034
CHLD 8 10.875000 1567451685.1034
CHLD 9 10.835938 1567451685.1035
CHLD 10 10.980469 1567451685.1036
CHLD 11 10.925781 1567451685.1036
MEM 5884.492188 1567451685.2234
CHLD 0 601.179688 1567451685.2743
CHLD 1 601.179688 1567451685.2744
CHLD 2 601.179688 1567451685.2744
CHLD 3 601.179688 1567451685.2793
CHLD 4 666.117188 1567451685.2794
CHLD 5 701.687500 1567451685.2795
CHLD 6 677.753906 1567451685.2796
CHLD 7 681.808594 1567451685.2796
CHLD 8 10.875000 1567451685.2797
CHLD 9 10.835938 1567451685.2797
CHLD 10 10.980469 1567451685.2798
CHLD 11 10.925781 1567451685.2799
MEM 5885.265625 1567451685.3999
CHLD 0 601.179688 1567451685.5656
CHLD 1 601.179688 1567451685.5657
CHLD 2 601.179688 1567451685.5658
CHLD 3 601.179688 1567451685.5658
CHLD 4 666.117188 1567451685.5659
CHLD 5 701.687500 1567451685.5660
CHLD 6 678.011719 1567451685.5660
CHLD 7 681.808594 1567451685.5661
CHLD 8 10.875000 1567451685.5662
CHLD 9 10.835938 1567451685.5662
CHLD 10 10.980469 1567451685.5663
CHLD 11 10.925781 1567451685.5664
MEM 5885.265625 1567451685.7089
CHLD 0 601.179688 1567451685.7759
CHLD 1 601.179688 1567451685.7759
CHLD 2 601.179688 1567451685.7760
CHLD 3 601.179688 1567451685.7761
CHLD 4 666.117188 1567451685.7761
CHLD 5 701.687500 1567451685.7762
CHLD 6 678.011719 1567451685.7762
CHLD 7 681.808594 1567451685.7763
CHLD 8 10.875000 1567451685.7763
CHLD 9 10.835938 1567451685.7764
CHLD 10 10.980469 1567451685.7765
CHLD 11 10.925781 1567451685.7765
MEM 5885.265625 1567451685.9239
CHLD 0 601.179688 1567451685.9901
CHLD 1 601.179688 1567451685.9902
CHLD 2 601.179688 1567451685.9902
CHLD 3 601.179688 1567451685.9903
CHLD 4 666.117188 1567451685.9904
CHLD 5 701.687500 1567451685.9904
CHLD 6 678.011719 1567451685.9905
CHLD 7 681.808594 1567451685.9905
CHLD 8 10.875000 1567451685.9906
CHLD 9 10.835938 1567451685.9907
CHLD 10 10.980469 1567451685.9907
CHLD 11 10.925781 1567451685.9908
MEM 5885.265625 1567451686.1241
CHLD 0 601.179688 1567451686.1694
CHLD 1 601.179688 1567451686.1694
CHLD 2 601.179688 1567451686.1695
CHLD 3 601.179688 1567451686.1696
CHLD 4 666.117188 1567451686.1696
CHLD 5 701.687500 1567451686.1697
CHLD 6 678.011719 1567451686.1698
CHLD 7 681.808594 1567451686.1698
CHLD 8 10.875000 1567451686.1699
CHLD 9 10.835938 1567451686.1699
CHLD 10 10.980469 1567451686.1700
CHLD 11 10.925781 1567451686.1700
MEM 5885.265625 1567451686.2916
CHLD 0 601.179688 1567451686.3629
CHLD 1 601.179688 1567451686.3629
CHLD 2 601.179688 1567451686.3630
CHLD 3 601.179688 1567451686.3630
CHLD 4 666.117188 1567451686.3630
CHLD 5 701.687500 1567451686.3631
CHLD 6 678.011719 1567451686.3631
CHLD 7 681.808594 1567451686.3631
CHLD 8 10.875000 1567451686.3632
CHLD 9 10.835938 1567451686.3632
CHLD 10 10.980469 1567451686.3632
CHLD 11 10.925781 1567451686.3633
MEM 5885.265625 1567451686.4925
CHLD 0 601.179688 1567451686.5411
CHLD 1 601.179688 1567451686.5412
CHLD 2 601.179688 1567451686.5413
CHLD 3 601.179688 1567451686.5413
CHLD 4 666.117188 1567451686.5414
CHLD 5 701.687500 1567451686.5414
CHLD 6 678.011719 1567451686.5415
CHLD 7 681.808594 1567451686.5415
CHLD 8 10.875000 1567451686.5416
CHLD 9 10.835938 1567451686.5417
CHLD 10 10.980469 1567451686.5586
CHLD 11 10.925781 1567451686.5588
MEM 5885.265625 1567451686.6778
CHLD 0 601.179688 1567451686.7700
CHLD 1 601.179688 1567451686.7701
CHLD 2 601.179688 1567451686.7701
CHLD 3 601.179688 1567451686.7701
CHLD 4 666.117188 1567451686.7702
CHLD 5 701.687500 1567451686.7702
CHLD 6 678.011719 1567451686.7702
CHLD 7 681.808594 1567451686.7703
CHLD 8 10.875000 1567451686.7704
CHLD 9 10.835938 1567451686.7704
CHLD 10 10.980469 1567451686.7705
CHLD 11 10.925781 1567451686.7705
MEM 5885.265625 1567451686.8933
CHLD 0 601.179688 1567451686.9524
CHLD 1 601.179688 1567451686.9524
CHLD 2 601.179688 1567451686.9525
CHLD 3 601.179688 1567451686.9526
CHLD 4 666.117188 1567451686.9526
CHLD 5 701.687500 1567451686.9544
CHLD 6 678.011719 1567451686.9586
CHLD 7 681.808594 1567451686.9680
CHLD 8 10.875000 1567451686.9681
CHLD 9 10.835938 1567451686.9681
CHLD 10 10.980469 1567451686.9682
CHLD 11 10.925781 1567451686.9683
MEM 5885.265625 1567451687.1136
CHLD 0 601.179688 1567451687.1859
CHLD 1 601.179688 1567451687.1859
CHLD 2 601.179688 1567451687.1860
CHLD 3 601.179688 1567451687.1861
CHLD 4 666.117188 1567451687.1861
CHLD 5 701.687500 1567451687.1862
CHLD 6 678.011719 1567451687.1862
CHLD 7 681.808594 1567451687.1878
CHLD 8 10.875000 1567451687.2006
CHLD 9 10.835938 1567451687.2007
CHLD 10 10.980469 1567451687.2008
CHLD 11 10.925781 1567451687.2008
MEM 5886.039062 1567451687.3317
CHLD 0 601.179688 1567451687.3651
CHLD 1 601.179688 1567451687.3651
CHLD 2 601.179688 1567451687.3652
CHLD 3 601.179688 1567451687.3652
CHLD 4 666.117188 1567451687.3653
CHLD 5 702.460938 1567451687.3653
CHLD 6 678.011719 1567451687.3654
CHLD 7 681.808594 1567451687.3655
CHLD 8 10.875000 1567451687.3655
CHLD 9 10.835938 1567451687.3656
CHLD 10 10.980469 1567451687.3656
CHLD 11 10.925781 1567451687.3657
MEM 5886.039062 1567451687.5076
CHLD 0 601.179688 1567451687.5506
CHLD 1 601.179688 1567451687.5506
CHLD 2 601.179688 1567451687.5507
CHLD 3 601.179688 1567451687.5507
CHLD 4 666.117188 1567451687.5508
CHLD 5 702.460938 1567451687.5508
CHLD 6 678.011719 1567451687.5531
CHLD 7 681.808594 1567451687.5532
CHLD 8 10.875000 1567451687.5532
CHLD 9 10.835938 1567451687.5533
CHLD 10 10.980469 1567451687.5534
CHLD 11 10.925781 1567451687.5534
MEM 5886.039062 1567451687.6778
CHLD 0 601.179688 1567451687.7106
CHLD 1 601.179688 1567451687.7107
CHLD 2 601.179688 1567451687.7108
CHLD 3 601.179688 1567451687.7108
CHLD 4 666.117188 1567451687.7109
CHLD 5 702.460938 1567451687.7256
CHLD 6 678.011719 1567451687.7257
CHLD 7 681.808594 1567451687.7258
CHLD 8 10.875000 1567451687.7258
CHLD 9 10.835938 1567451687.7259
CHLD 10 10.980469 1567451687.7260
CHLD 11 10.925781 1567451687.7260
MEM 5886.296875 1567451687.8595
CHLD 0 601.179688 1567451687.9649
CHLD 1 601.179688 1567451687.9650
CHLD 2 601.179688 1567451687.9650
CHLD 3 601.179688 1567451687.9651
CHLD 4 666.117188 1567451687.9651
CHLD 5 702.460938 1567451687.9652
CHLD 6 678.011719 1567451687.9653
CHLD 7 682.066406 1567451687.9653
CHLD 8 10.875000 1567451687.9654
CHLD 9 10.835938 1567451687.9654
CHLD 10 10.980469 1567451687.9655
CHLD 11 10.925781 1567451687.9656
MEM 5886.296875 1567451688.1038
CHLD 0 601.179688 1567451688.1398
CHLD 1 601.179688 1567451688.1398
CHLD 2 601.179688 1567451688.1399
CHLD 3 601.179688 1567451688.1400
CHLD 4 666.117188 1567451688.1400
CHLD 5 702.460938 1567451688.1401
CHLD 6 678.011719 1567451688.1401
CHLD 7 682.066406 1567451688.1402
CHLD 8 10.875000 1567451688.1402
CHLD 9 10.835938 1567451688.1403
CHLD 10 10.980469 1567451688.1403
CHLD 11 10.925781 1567451688.1404
MEM 5887.328125 1567451688.2607
CHLD 0 601.179688 1567451688.3038
CHLD 1 601.179688 1567451688.3039
CHLD 2 601.179688 1567451688.3040
CHLD 3 601.179688 1567451688.3040
CHLD 4 666.117188 1567451688.3041
CHLD 5 702.460938 1567451688.3041
CHLD 6 679.042969 1567451688.3042
CHLD 7 682.066406 1567451688.3042
CHLD 8 10.875000 1567451688.3043
CHLD 9 10.835938 1567451688.3043
CHLD 10 10.980469 1567451688.3044
CHLD 11 10.925781 1567451688.3044
MEM 5887.328125 1567451688.4401
CHLD 0 601.179688 1567451688.4803
CHLD 1 601.179688 1567451688.4803
CHLD 2 601.179688 1567451688.4804
CHLD 3 601.179688 1567451688.4804
CHLD 4 666.117188 1567451688.4919
CHLD 5 702.460938 1567451688.4920
CHLD 6 679.042969 1567451688.4921
CHLD 7 682.066406 1567451688.4921
CHLD 8 10.875000 1567451688.4922
CHLD 9 10.835938 1567451688.4923
CHLD 10 10.980469 1567451688.4923
CHLD 11 10.925781 1567451688.4924
MEM 5887.328125 1567451688.6369
CHLD 0 601.179688 1567451688.7091
CHLD 1 601.179688 1567451688.7092
CHLD 2 601.179688 1567451688.7093
CHLD 3 601.179688 1567451688.7093
CHLD 4 666.117188 1567451688.7094
CHLD 5 702.460938 1567451688.7094
CHLD 6 679.042969 1567451688.7095
CHLD 7 682.066406 1567451688.7095
CHLD 8 10.875000 1567451688.7096
CHLD 9 10.835938 1567451688.7097
CHLD 10 10.980469 1567451688.7097
CHLD 11 10.925781 1567451688.7098
MEM 5888.359375 1567451688.8910
CHLD 0 601.179688 1567451688.9775
CHLD 1 601.179688 1567451688.9776
CHLD 2 601.179688 1567451688.9776
CHLD 3 601.179688 1567451688.9777
CHLD 4 666.117188 1567451688.9777
CHLD 5 703.492188 1567451688.9778
CHLD 6 679.042969 1567451688.9779
CHLD 7 682.066406 1567451688.9779
CHLD 8 10.875000 1567451688.9780
CHLD 9 10.835938 1567451688.9780
CHLD 10 10.980469 1567451688.9781
CHLD 11 10.925781 1567451688.9781
MEM 5888.359375 1567451689.0966
CHLD 0 601.179688 1567451689.1546
CHLD 1 601.179688 1567451689.1584
CHLD 2 601.179688 1567451689.1614
CHLD 3 601.179688 1567451689.1616
CHLD 4 666.117188 1567451689.1617
CHLD 5 703.492188 1567451689.1617
CHLD 6 679.042969 1567451689.1618
CHLD 7 682.066406 1567451689.1618
CHLD 8 10.875000 1567451689.1619
CHLD 9 10.835938 1567451689.1620
CHLD 10 10.980469 1567451689.1620
CHLD 11 10.925781 1567451689.1621
MEM 5888.359375 1567451689.3260
CHLD 0 601.179688 1567451689.3852
CHLD 1 601.179688 1567451689.3853
CHLD 2 601.179688 1567451689.3853
CHLD 3 601.179688 1567451689.3854
CHLD 4 666.117188 1567451689.3854
CHLD 5 703.492188 1567451689.3855
CHLD 6 679.042969 1567451689.3856
CHLD 7 682.066406 1567451689.3856
CHLD 8 10.875000 1567451689.3857
CHLD 9 10.835938 1567451689.3857
CHLD 10 10.980469 1567451689.3858
CHLD 11 10.925781 1567451689.3858
MEM 5888.359375 1567451689.5059
CHLD 0 601.179688 1567451689.5392
CHLD 1 601.179688 1567451689.5416
CHLD 2 601.179688 1567451689.5425
CHLD 3 601.179688 1567451689.5426
CHLD 4 666.117188 1567451689.5426
CHLD 5 703.492188 1567451689.5427
CHLD 6 679.042969 1567451689.5427
CHLD 7 682.066406 1567451689.5428
CHLD 8 10.875000 1567451689.5429
CHLD 9 10.835938 1567451689.5429
CHLD 10 10.980469 1567451689.5430
CHLD 11 10.925781 1567451689.5430
MEM 5888.359375 1567451689.6883
CHLD 0 601.179688 1567451689.7479
CHLD 1 601.179688 1567451689.7480
CHLD 2 601.179688 1567451689.7481
CHLD 3 601.179688 1567451689.7481
CHLD 4 666.117188 1567451689.7482
CHLD 5 703.492188 1567451689.7483
CHLD 6 679.042969 1567451689.7483
CHLD 7 682.066406 1567451689.7484
CHLD 8 10.875000 1567451689.7485
CHLD 9 10.835938 1567451689.7485
CHLD 10 10.980469 1567451689.7486
CHLD 11 10.925781 1567451689.7486
MEM 5888.359375 1567451689.9020
CHLD 0 601.179688 1567451689.9295
CHLD 1 601.179688 1567451689.9296
CHLD 2 601.179688 1567451689.9296
CHLD 3 601.179688 1567451689.9297
CHLD 4 666.117188 1567451689.9297
CHLD 5 703.492188 1567451689.9298
CHLD 6 679.042969 1567451689.9299
CHLD 7 682.066406 1567451689.9299
CHLD 8 10.875000 1567451689.9300
CHLD 9 10.835938 1567451689.9301
CHLD 10 10.980469 1567451689.9301
CHLD 11 10.925781 1567451689.9302
MEM 5888.359375 1567451690.1051
CHLD 0 601.179688 1567451690.1867
CHLD 1 601.179688 1567451690.1867
CHLD 2 601.179688 1567451690.1868
CHLD 3 601.179688 1567451690.1868
CHLD 4 666.117188 1567451690.1869
CHLD 5 703.492188 1567451690.1870
CHLD 6 679.042969 1567451690.1871
CHLD 7 682.066406 1567451690.1871
CHLD 8 10.875000 1567451690.1872
CHLD 9 10.835938 1567451690.1872
CHLD 10 10.980469 1567451690.1873
CHLD 11 10.925781 1567451690.1873
MEM 5888.359375 1567451690.3541
CHLD 0 601.179688 1567451690.4279
CHLD 1 601.179688 1567451690.4279
CHLD 2 601.179688 1567451690.4280
CHLD 3 601.179688 1567451690.4280
CHLD 4 666.117188 1567451690.4281
CHLD 5 703.492188 1567451690.4281
CHLD 6 679.042969 1567451690.4282
CHLD 7 682.066406 1567451690.4283
CHLD 8 10.875000 1567451690.4283
CHLD 9 10.835938 1567451690.4284
CHLD 10 10.980469 1567451690.4284
CHLD 11 10.925781 1567451690.4285
MEM 5888.359375 1567451690.5551
CHLD 0 601.179688 1567451690.5840
CHLD 1 601.179688 1567451690.5841
CHLD 2 601.179688 1567451690.5924
CHLD 3 601.179688 1567451690.5925
CHLD 4 666.117188 1567451690.5925
CHLD 5 703.492188 1567451690.5926
CHLD 6 679.042969 1567451690.5926
CHLD 7 682.066406 1567451690.5963
CHLD 8 10.875000 1567451690.5965
CHLD 9 10.835938 1567451690.5966
CHLD 10 10.980469 1567451690.5984
CHLD 11 10.925781 1567451690.5984
MEM 5888.359375 1567451690.7394
CHLD 0 601.179688 1567451690.8067
CHLD 1 601.179688 1567451690.8071
CHLD 2 601.179688 1567451690.8072
CHLD 3 601.179688 1567451690.8072
CHLD 4 666.117188 1567451690.8073
CHLD 5 703.492188 1567451690.8073
CHLD 6 679.042969 1567451690.8074
CHLD 7 682.066406 1567451690.8115
CHLD 8 10.875000 1567451690.8115
CHLD 9 10.835938 1567451690.8116
CHLD 10 10.980469 1567451690.8117
CHLD 11 10.925781 1567451690.8118
MEM 5888.359375 1567451690.9684
CHLD 0 601.179688 1567451691.0442
CHLD 1 601.179688 1567451691.0443
CHLD 2 601.179688 1567451691.0444
CHLD 3 601.179688 1567451691.0454
CHLD 4 666.117188 1567451691.0455
CHLD 5 703.492188 1567451691.0456
CHLD 6 679.042969 1567451691.0457
CHLD 7 682.066406 1567451691.0457
CHLD 8 10.875000 1567451691.0463
CHLD 9 10.835938 1567451691.0464
CHLD 10 10.980469 1567451691.0465
CHLD 11 10.925781 1567451691.0466
MEM 5888.359375 1567451691.2075
CHLD 0 601.179688 1567451691.2548
CHLD 1 601.179688 1567451691.2549
CHLD 2 601.179688 1567451691.2550
CHLD 3 601.179688 1567451691.2550
CHLD 4 666.117188 1567451691.2551
CHLD 5 703.492188 1567451691.2551
CHLD 6 679.042969 1567451691.2552
CHLD 7 682.066406 1567451691.2553
CHLD 8 10.875000 1567451691.2553
CHLD 9 10.835938 1567451691.2554
CHLD 10 10.980469 1567451691.2554
CHLD 11 10.925781 1567451691.2555
MEM 5888.359375 1567451691.3780
CHLD 0 601.179688 1567451691.4623
CHLD 1 601.179688 1567451691.4624
CHLD 2 601.179688 1567451691.4625
CHLD 3 601.179688 1567451691.4625
CHLD 4 666.117188 1567451691.4626
CHLD 5 703.492188 1567451691.4626
CHLD 6 679.042969 1567451691.4627
CHLD 7 682.066406 1567451691.4627
CHLD 8 10.875000 1567451691.4628
CHLD 9 10.835938 1567451691.4628
CHLD 10 10.980469 1567451691.4629
CHLD 11 10.925781 1567451691.4630
MEM 5888.359375 1567451691.5893
CHLD 0 601.179688 1567451691.6792
CHLD 1 601.179688 1567451691.6792
CHLD 2 601.179688 1567451691.6793
CHLD 3 601.179688 1567451691.6794
CHLD 4 666.117188 1567451691.6794
CHLD 5 703.492188 1567451691.6795
CHLD 6 679.042969 1567451691.6795
CHLD 7 682.066406 1567451691.6796
CHLD 8 10.875000 1567451691.6797
CHLD 9 10.835938 1567451691.6797
CHLD 10 10.980469 1567451691.6798
CHLD 11 10.925781 1567451691.6798
MEM 5888.617188 1567451691.8179
CHLD 0 601.179688 1567451691.8877
CHLD 1 601.179688 1567451691.8878
CHLD 2 601.179688 1567451691.8878
CHLD 3 601.179688 1567451691.8879
CHLD 4 666.117188 1567451691.8879
CHLD 5 703.492188 1567451691.8880
CHLD 6 679.042969 1567451691.8881
CHLD 7 682.324219 1567451691.8881
CHLD 8 10.875000 1567451691.8882
CHLD 9 10.835938 1567451691.8882
CHLD 10 10.980469 1567451691.8883
CHLD 11 10.925781 1567451691.8883
MEM 5888.617188 1567451692.0108
CHLD 0 601.179688 1567451692.0345
CHLD 1 601.179688 1567451692.0345
CHLD 2 601.179688 1567451692.0346
CHLD 3 601.179688 1567451692.0347
CHLD 4 666.117188 1567451692.0347
CHLD 5 703.492188 1567451692.0348
CHLD 6 679.042969 1567451692.0349
CHLD 7 682.324219 1567451692.0349
CHLD 8 10.875000 1567451692.0350
CHLD 9 10.835938 1567451692.0350
CHLD 10 10.980469 1567451692.0351
CHLD 11 10.925781 1567451692.0351
MEM 5888.617188 1567451692.1733
CHLD 0 601.179688 1567451692.2331
CHLD 1 601.179688 1567451692.2332
CHLD 2 601.179688 1567451692.2332
CHLD 3 601.179688 1567451692.2333
CHLD 4 666.117188 1567451692.2333
CHLD 5 703.492188 1567451692.2334
CHLD 6 679.042969 1567451692.2335
CHLD 7 682.324219 1567451692.2335
CHLD 8 10.875000 1567451692.2336
CHLD 9 10.835938 1567451692.2336
CHLD 10 10.980469 1567451692.2337
CHLD 11 10.925781 1567451692.2337
MEM 5888.617188 1567451692.3713
CHLD 0 601.179688 1567451692.4634
CHLD 1 601.179688 1567451692.4635
CHLD 2 601.179688 1567451692.4636
CHLD 3 601.179688 1567451692.4636
CHLD 4 666.117188 1567451692.4637
CHLD 5 703.492188 1567451692.4637
CHLD 6 679.042969 1567451692.4638
CHLD 7 682.324219 1567451692.4639
CHLD 8 10.875000 1567451692.4639
CHLD 9 10.835938 1567451692.4640
CHLD 10 10.980469 1567451692.4640
CHLD 11 10.925781 1567451692.4641
MEM 5888.617188 1567451692.6082
CHLD 0 601.179688 1567451692.7066
CHLD 1 601.179688 1567451692.7066
CHLD 2 601.179688 1567451692.7067
CHLD 3 601.179688 1567451692.7067
CHLD 4 666.117188 1567451692.7068
CHLD 5 703.492188 1567451692.7069
CHLD 6 679.042969 1567451692.7069
CHLD 7 682.324219 1567451692.7070
CHLD 8 10.875000 1567451692.7070
CHLD 9 10.835938 1567451692.7071
CHLD 10 10.980469 1567451692.7071
CHLD 11 10.925781 1567451692.7072
MEM 5888.617188 1567451692.8406
CHLD 0 601.179688 1567451692.8725
CHLD 1 601.179688 1567451692.8726
CHLD 2 601.179688 1567451692.8740
CHLD 3 601.179688 1567451692.8741
CHLD 4 666.117188 1567451692.8742
CHLD 5 703.492188 1567451692.8743
CHLD 6 679.042969 1567451692.8744
CHLD 7 682.324219 1567451692.8744
CHLD 8 10.875000 1567451692.8745
CHLD 9 10.835938 1567451692.8745
CHLD 10 10.980469 1567451692.8746
CHLD 11 10.925781 1567451692.8747
MEM 5888.617188 1567451692.9998
CHLD 0 601.179688 1567451693.0368
CHLD 1 601.179688 1567451693.0369
CHLD 2 601.179688 1567451693.0370
CHLD 3 601.179688 1567451693.0370
CHLD 4 666.117188 1567451693.0371
CHLD 5 703.492188 1567451693.0371
CHLD 6 679.042969 1567451693.0372
CHLD 7 682.324219 1567451693.0372
CHLD 8 10.875000 1567451693.0373
CHLD 9 10.835938 1567451693.0379
CHLD 10 10.980469 1567451693.0379
CHLD 11 10.925781 1567451693.0380
MEM 5888.617188 1567451693.1807
CHLD 0 601.179688 1567451693.2136
CHLD 1 601.179688 1567451693.2136
CHLD 2 601.179688 1567451693.2137
CHLD 3 601.179688 1567451693.2137
CHLD 4 666.117188 1567451693.2138
CHLD 5 703.492188 1567451693.2138
CHLD 6 679.042969 1567451693.2139
CHLD 7 682.324219 1567451693.2139
CHLD 8 10.875000 1567451693.2140
CHLD 9 10.835938 1567451693.2150
CHLD 10 10.980469 1567451693.2163
CHLD 11 10.925781 1567451693.2164
MEM 5888.617188 1567451693.3588
CHLD 0 601.179688 1567451693.3795
CHLD 1 601.179688 1567451693.3796
CHLD 2 601.179688 1567451693.3796
CHLD 3 601.179688 1567451693.3797
CHLD 4 666.117188 1567451693.3798
CHLD 5 703.492188 1567451693.3798
CHLD 6 679.042969 1567451693.3799
CHLD 7 682.324219 1567451693.3800
CHLD 8 10.875000 1567451693.3800
CHLD 9 10.835938 1567451693.3801
CHLD 10 10.980469 1567451693.3801
CHLD 11 10.925781 1567451693.3802
MEM 5888.617188 1567451693.5085
CHLD 0 601.179688 1567451693.5521
CHLD 1 601.179688 1567451693.5522
CHLD 2 601.179688 1567451693.5522
CHLD 3 601.179688 1567451693.5523
CHLD 4 666.117188 1567451693.5523
CHLD 5 703.492188 1567451693.5524
CHLD 6 679.042969 1567451693.5525
CHLD 7 682.324219 1567451693.5525
CHLD 8 10.875000 1567451693.5526
CHLD 9 10.835938 1567451693.5526
CHLD 10 10.980469 1567451693.5527
CHLD 11 10.925781 1567451693.5527
MEM 5888.617188 1567451693.7071
CHLD 0 601.179688 1567451693.7728
CHLD 1 601.179688 1567451693.7729
CHLD 2 601.179688 1567451693.7730
CHLD 3 601.179688 1567451693.7730
CHLD 4 666.117188 1567451693.7731
CHLD 5 703.492188 1567451693.7731
CHLD 6 679.042969 1567451693.7732
CHLD 7 682.324219 1567451693.7733
CHLD 8 10.875000 1567451693.7733
CHLD 9 10.835938 1567451693.7734
CHLD 10 10.980469 1567451693.7735
CHLD 11 10.925781 1567451693.7735
MEM 5888.617188 1567451693.9052
CHLD 0 601.179688 1567451693.9468
CHLD 1 601.179688 1567451693.9469
CHLD 2 601.179688 1567451693.9469
CHLD 3 601.179688 1567451693.9470
CHLD 4 666.117188 1567451693.9470
CHLD 5 703.492188 1567451693.9471
CHLD 6 679.042969 1567451693.9471
CHLD 7 682.324219 1567451693.9472
CHLD 8 10.875000 1567451693.9472
CHLD 9 10.835938 1567451693.9473
CHLD 10 10.980469 1567451693.9473
CHLD 11 10.925781 1567451693.9474
MEM 5888.617188 1567451694.1177
CHLD 0 601.179688 1567451694.1546
CHLD 1 601.179688 1567451694.1547
CHLD 2 601.179688 1567451694.1548
CHLD 3 601.179688 1567451694.1549
CHLD 4 666.117188 1567451694.1574
CHLD 5 703.492188 1567451694.1575
CHLD 6 679.042969 1567451694.1575
CHLD 7 682.324219 1567451694.1576
CHLD 8 10.875000 1567451694.1576
CHLD 9 10.835938 1567451694.1577
CHLD 10 10.980469 1567451694.1578
CHLD 11 10.925781 1567451694.1578
MEM 5888.617188 1567451694.2794
CHLD 0 601.179688 1567451694.3612
CHLD 1 601.179688 1567451694.3612
CHLD 2 601.179688 1567451694.3613
CHLD 3 601.179688 1567451694.3614
CHLD 4 666.117188 1567451694.3615
CHLD 5 703.492188 1567451694.3615
CHLD 6 679.042969 1567451694.3628
CHLD 7 682.324219 1567451694.3628
CHLD 8 10.875000 1567451694.3629
CHLD 9 10.835938 1567451694.3629
CHLD 10 10.980469 1567451694.3630
CHLD 11 10.925781 1567451694.3630
MEM 5888.617188 1567451694.4804
CHLD 0 601.179688 1567451694.5204
CHLD 1 601.179688 1567451694.5204
CHLD 2 601.179688 1567451694.5205
CHLD 3 601.179688 1567451694.5206
CHLD 4 666.117188 1567451694.5206
CHLD 5 703.492188 1567451694.5207
CHLD 6 679.042969 1567451694.5207
CHLD 7 682.324219 1567451694.5208
CHLD 8 10.875000 1567451694.5208
CHLD 9 10.835938 1567451694.5209
CHLD 10 10.980469 1567451694.5209
CHLD 11 10.925781 1567451694.5210
MEM 5888.617188 1567451694.6364
CHLD 0 601.179688 1567451694.6733
CHLD 1 601.179688 1567451694.6734
CHLD 2 601.179688 1567451694.6735
CHLD 3 601.179688 1567451694.6736
CHLD 4 666.117188 1567451694.6736
CHLD 5 703.492188 1567451694.6737
CHLD 6 679.042969 1567451694.6737
CHLD 7 682.324219 1567451694.6738
CHLD 8 10.875000 1567451694.6738
CHLD 9 10.835938 1567451694.6739
CHLD 10 10.980469 1567451694.6739
CHLD 11 10.925781 1567451694.6740
MEM 5888.617188 1567451694.8159
CHLD 0 601.179688 1567451694.8780
CHLD 1 601.179688 1567451694.8781
CHLD 2 601.179688 1567451694.8781
CHLD 3 601.179688 1567451694.9005
CHLD 4 666.117188 1567451694.9006
CHLD 5 703.492188 1567451694.9007
CHLD 6 679.042969 1567451694.9007
CHLD 7 682.324219 1567451694.9008
CHLD 8 10.875000 1567451694.9009
CHLD 9 10.835938 1567451694.9009
CHLD 10 10.980469 1567451694.9010
CHLD 11 10.925781 1567451694.9011
MEM 5888.617188 1567451695.0314
CHLD 0 601.179688 1567451695.0785
CHLD 1 601.179688 1567451695.0786
CHLD 2 601.179688 1567451695.0786
CHLD 3 601.179688 1567451695.0787
CHLD 4 666.117188 1567451695.0787
CHLD 5 703.492188 1567451695.0788
CHLD 6 679.042969 1567451695.0788
CHLD 7 682.324219 1567451695.0789
CHLD 8 10.875000 1567451695.0789
CHLD 9 10.835938 1567451695.0790
CHLD 10 10.980469 1567451695.0791
CHLD 11 10.925781 1567451695.0791
MEM 5888.617188 1567451695.2253
CHLD 0 601.179688 1567451695.2570
CHLD 1 601.179688 1567451695.2570
CHLD 2 601.179688 1567451695.2571
CHLD 3 601.179688 1567451695.2572
CHLD 4 666.117188 1567451695.2572
CHLD 5 703.492188 1567451695.2573
CHLD 6 679.042969 1567451695.2573
CHLD 7 682.324219 1567451695.2574
CHLD 8 10.875000 1567451695.2575
CHLD 9 10.835938 1567451695.2575
CHLD 10 10.980469 1567451695.2576
CHLD 11 10.925781 1567451695.2576
MEM 5888.617188 1567451695.4005
CHLD 0 601.179688 1567451695.4490
CHLD 1 601.179688 1567451695.4490
CHLD 2 601.179688 1567451695.4491
CHLD 3 601.179688 1567451695.4492
CHLD 4 666.117188 1567451695.4492
CHLD 5 703.492188 1567451695.4493
CHLD 6 679.042969 1567451695.4494
CHLD 7 682.324219 1567451695.4494
CHLD 8 10.875000 1567451695.4495
CHLD 9 10.835938 1567451695.4495
CHLD 10 10.980469 1567451695.4505
CHLD 11 10.925781 1567451695.4506
MEM 5888.617188 1567451695.5744
CHLD 0 601.179688 1567451695.6481
CHLD 1 601.179688 1567451695.6481
CHLD 2 601.179688 1567451695.6482
CHLD 3 601.179688 1567451695.6483
CHLD 4 666.117188 1567451695.6483
CHLD 5 703.492188 1567451695.6484
CHLD 6 679.042969 1567451695.6484
CHLD 7 682.324219 1567451695.6485
CHLD 8 10.875000 1567451695.6486
CHLD 9 10.835938 1567451695.6486
CHLD 10 10.980469 1567451695.6487
CHLD 11 10.925781 1567451695.6487
MEM 5889.902344 1567451695.7853
CHLD 0 601.179688 1567451695.8395
CHLD 1 601.179688 1567451695.8396
CHLD 2 601.179688 1567451695.8396
CHLD 3 601.179688 1567451695.8397
CHLD 4 666.117188 1567451695.8397
CHLD 5 703.492188 1567451695.8398
CHLD 6 679.042969 1567451695.8398
CHLD 7 683.609375 1567451695.8399
CHLD 8 10.875000 1567451695.8399
CHLD 9 10.835938 1567451695.8400
CHLD 10 10.980469 1567451695.8400
CHLD 11 10.925781 1567451695.8401
MEM 5889.902344 1567451695.9722
CHLD 0 601.179688 1567451696.0201
CHLD 1 601.179688 1567451696.0202
CHLD 2 601.179688 1567451696.0202
CHLD 3 601.179688 1567451696.0244
CHLD 4 666.117188 1567451696.0244
CHLD 5 703.492188 1567451696.0245
CHLD 6 679.429688 1567451696.0246
CHLD 7 683.609375 1567451696.0265
CHLD 8 10.875000 1567451696.0266
CHLD 9 10.835938 1567451696.0267
CHLD 10 10.980469 1567451696.0268
CHLD 11 10.925781 1567451696.0301
MEM 5890.289062 1567451696.1597
CHLD 0 601.179688 1567451696.1909
CHLD 1 601.179688 1567451696.1910
CHLD 2 601.179688 1567451696.1910
CHLD 3 601.179688 1567451696.1911
CHLD 4 666.117188 1567451696.1911
CHLD 5 703.492188 1567451696.1912
CHLD 6 679.429688 1567451696.1912
CHLD 7 683.609375 1567451696.1913
CHLD 8 10.875000 1567451696.1913
CHLD 9 10.835938 1567451696.1914
CHLD 10 10.980469 1567451696.1915
CHLD 11 10.925781 1567451696.1915
MEM 5890.605469 1567451696.3542
CHLD 0 601.179688 1567451696.4573
CHLD 1 601.179688 1567451696.4573
CHLD 2 601.179688 1567451696.4574
CHLD 3 601.179688 1567451696.4575
CHLD 4 666.117188 1567451696.4575
CHLD 5 703.492188 1567451696.4576
CHLD 6 679.746094 1567451696.4576
CHLD 7 683.609375 1567451696.4577
CHLD 8 10.875000 1567451696.4577
CHLD 9 10.835938 1567451696.4578
CHLD 10 10.980469 1567451696.4578
CHLD 11 10.925781 1567451696.4579
MEM 5890.605469 1567451696.5848
CHLD 0 601.179688 1567451696.6262
CHLD 1 601.179688 1567451696.6263
CHLD 2 601.179688 1567451696.6264
CHLD 3 601.179688 1567451696.6265
CHLD 4 666.117188 1567451696.6265
CHLD 5 703.492188 1567451696.6266
CHLD 6 679.746094 1567451696.6267
CHLD 7 683.609375 1567451696.6267
CHLD 8 10.875000 1567451696.6268
CHLD 9 10.835938 1567451696.6268
CHLD 10 10.980469 1567451696.6269
CHLD 11 10.925781 1567451696.6270
MEM 5890.605469 1567451696.7684
CHLD 0 601.179688 1567451696.8671
CHLD 1 601.179688 1567451696.8698
CHLD 2 601.179688 1567451696.8699
CHLD 3 601.179688 1567451696.8699
CHLD 4 666.117188 1567451696.8700
CHLD 5 703.492188 1567451696.8700
CHLD 6 679.746094 1567451696.8701
CHLD 7 683.609375 1567451696.8701
CHLD 8 10.875000 1567451696.8702
CHLD 9 10.835938 1567451696.8714
CHLD 10 10.980469 1567451696.8715
CHLD 11 10.925781 1567451696.8716
MEM 5890.628906 1567451697.0125
CHLD 0 601.179688 1567451697.0746
CHLD 1 601.179688 1567451697.0746
CHLD 2 601.179688 1567451697.0747
CHLD 3 601.179688 1567451697.0747
CHLD 4 666.117188 1567451697.0748
CHLD 5 703.492188 1567451697.0748
CHLD 6 679.746094 1567451697.0749
CHLD 7 683.632812 1567451697.0749
CHLD 8 10.875000 1567451697.0750
CHLD 9 10.835938 1567451697.0751
CHLD 10 10.980469 1567451697.0751
CHLD 11 10.925781 1567451697.0752
MEM 5890.628906 1567451697.2273
CHLD 0 601.179688 1567451697.2882
CHLD 1 601.179688 1567451697.2882
CHLD 2 601.179688 1567451697.2883
CHLD 3 601.179688 1567451697.2884
CHLD 4 666.117188 1567451697.2884
CHLD 5 703.492188 1567451697.2885
CHLD 6 679.746094 1567451697.2886
CHLD 7 683.632812 1567451697.2886
CHLD 8 10.875000 1567451697.2887
CHLD 9 10.835938 1567451697.2887
CHLD 10 10.980469 1567451697.2888
CHLD 11 10.925781 1567451697.2889
MEM 5890.628906 1567451697.4267
CHLD 0 601.179688 1567451697.4530
CHLD 1 601.179688 1567451697.4531
CHLD 2 601.179688 1567451697.4531
CHLD 3 601.179688 1567451697.4532
CHLD 4 666.117188 1567451697.4532
CHLD 5 703.492188 1567451697.4533
CHLD 6 679.746094 1567451697.4533
CHLD 7 683.632812 1567451697.4534
CHLD 8 10.875000 1567451697.4534
CHLD 9 10.835938 1567451697.4535
CHLD 10 10.980469 1567451697.4535
CHLD 11 10.925781 1567451697.4536
MEM 5890.628906 1567451697.5965
CHLD 0 601.179688 1567451697.6533
CHLD 1 601.179688 1567451697.6533
CHLD 2 601.179688 1567451697.6534
CHLD 3 601.179688 1567451697.6535
CHLD 4 666.117188 1567451697.6535
CHLD 5 703.492188 1567451697.6536
CHLD 6 679.746094 1567451697.6536
CHLD 7 683.632812 1567451697.6537
CHLD 8 10.875000 1567451697.6538
CHLD 9 10.835938 1567451697.6538
CHLD 10 10.980469 1567451697.6539
CHLD 11 10.925781 1567451697.6539
MEM 5890.628906 1567451697.7928
CHLD 0 601.179688 1567451697.9207
CHLD 1 601.179688 1567451697.9208
CHLD 2 601.179688 1567451697.9208
CHLD 3 601.179688 1567451697.9209
CHLD 4 666.117188 1567451697.9209
CHLD 5 703.492188 1567451697.9210
CHLD 6 679.746094 1567451697.9211
CHLD 7 683.632812 1567451697.9211
CHLD 8 10.875000 1567451697.9212
CHLD 9 10.835938 1567451697.9212
CHLD 10 10.980469 1567451697.9213
CHLD 11 10.925781 1567451697.9214
MEM 5890.628906 1567451698.0516
CHLD 0 601.179688 1567451698.0997
CHLD 1 601.179688 1567451698.0998
CHLD 2 601.179688 1567451698.0999
CHLD 3 601.179688 1567451698.0999
CHLD 4 666.117188 1567451698.1000
CHLD 5 703.492188 1567451698.1029
CHLD 6 679.746094 1567451698.1052
CHLD 7 683.632812 1567451698.1053
CHLD 8 10.875000 1567451698.1053
CHLD 9 10.835938 1567451698.1053
CHLD 10 10.980469 1567451698.1054
CHLD 11 10.925781 1567451698.1054
MEM 5890.886719 1567451698.2316
CHLD 0 601.179688 1567451698.2840
CHLD 1 601.179688 1567451698.2841
CHLD 2 601.179688 1567451698.2841
CHLD 3 601.179688 1567451698.2842
CHLD 4 666.117188 1567451698.2842
CHLD 5 703.750000 1567451698.2843
CHLD 6 679.746094 1567451698.2844
CHLD 7 683.632812 1567451698.2844
CHLD 8 10.875000 1567451698.2845
CHLD 9 10.835938 1567451698.2845
CHLD 10 10.980469 1567451698.2846
CHLD 11 10.925781 1567451698.2846
MEM 5890.886719 1567451698.4181
CHLD 0 601.179688 1567451698.4380
CHLD 1 601.179688 1567451698.4380
CHLD 2 601.179688 1567451698.4381
CHLD 3 601.179688 1567451698.4381
CHLD 4 666.117188 1567451698.4382
CHLD 5 703.750000 1567451698.4383
CHLD 6 679.746094 1567451698.4384
CHLD 7 683.632812 1567451698.4384
CHLD 8 10.875000 1567451698.4385
CHLD 9 10.835938 1567451698.4385
CHLD 10 10.980469 1567451698.4386
CHLD 11 10.925781 1567451698.4387
MEM 5890.886719 1567451698.5811
CHLD 0 601.179688 1567451698.6435
CHLD 1 601.179688 1567451698.6436
CHLD 2 601.179688 1567451698.6436
CHLD 3 601.179688 1567451698.6437
CHLD 4 666.117188 1567451698.6438
CHLD 5 703.750000 1567451698.6438
CHLD 6 679.746094 1567451698.6439
CHLD 7 683.632812 1567451698.6439
CHLD 8 10.875000 1567451698.6440
CHLD 9 10.835938 1567451698.6441
CHLD 10 10.980469 1567451698.6441
CHLD 11 10.925781 1567451698.6442
MEM 5890.886719 1567451698.7710
CHLD 0 601.179688 1567451698.8174
CHLD 1 601.179688 1567451698.8175
CHLD 2 601.179688 1567451698.8176
CHLD 3 601.179688 1567451698.8176
CHLD 4 666.117188 1567451698.8177
CHLD 5 703.750000 1567451698.8177
CHLD 6 679.746094 1567451698.8178
CHLD 7 683.632812 1567451698.8178
CHLD 8 10.875000 1567451698.8179
CHLD 9 10.835938 1567451698.8180
CHLD 10 10.980469 1567451698.8180
CHLD 11 10.925781 1567451698.8181
MEM 5890.886719 1567451698.9359
CHLD 0 601.179688 1567451699.0227
CHLD 1 601.179688 1567451699.0228
CHLD 2 601.179688 1567451699.0228
CHLD 3 601.179688 1567451699.0229
CHLD 4 666.117188 1567451699.0230
CHLD 5 703.750000 1567451699.0230
CHLD 6 679.746094 1567451699.0231
CHLD 7 683.632812 1567451699.0232
CHLD 8 10.875000 1567451699.0232
CHLD 9 10.835938 1567451699.0233
CHLD 10 10.980469 1567451699.0233
CHLD 11 10.925781 1567451699.0234
MEM 5890.886719 1567451699.1827
CHLD 0 601.179688 1567451699.2625
CHLD 1 601.179688 1567451699.2625
CHLD 2 601.179688 1567451699.2626
CHLD 3 601.179688 1567451699.2627
CHLD 4 666.117188 1567451699.2627
CHLD 5 703.750000 1567451699.2628
CHLD 6 679.746094 1567451699.2629
CHLD 7 683.632812 1567451699.2629
CHLD 8 10.875000 1567451699.2630
CHLD 9 10.835938 1567451699.2630
CHLD 10 10.980469 1567451699.2631
CHLD 11 10.925781 1567451699.2632
MEM 5890.886719 1567451699.4007
CHLD 0 601.179688 1567451699.4249
CHLD 1 601.179688 1567451699.4250
CHLD 2 601.179688 1567451699.4250
CHLD 3 601.179688 1567451699.4251
CHLD 4 666.117188 1567451699.4251
CHLD 5 703.750000 1567451699.4252
CHLD 6 679.746094 1567451699.4252
CHLD 7 683.632812 1567451699.4253
CHLD 8 10.875000 1567451699.4253
CHLD 9 10.835938 1567451699.4254
CHLD 10 10.980469 1567451699.4255
CHLD 11 10.925781 1567451699.4255
MEM 5890.886719 1567451699.6036
CHLD 0 601.179688 1567451699.6451
CHLD 1 601.179688 1567451699.6452
CHLD 2 601.179688 1567451699.6452
CHLD 3 601.179688 1567451699.6453
CHLD 4 666.117188 1567451699.6453
CHLD 5 703.750000 1567451699.6454
CHLD 6 679.746094 1567451699.6454
CHLD 7 683.632812 1567451699.6455
CHLD 8 10.875000 1567451699.6455
CHLD 9 10.835938 1567451699.6456
CHLD 10 10.980469 1567451699.6456
CHLD 11 10.925781 1567451699.6457
MEM 5890.886719 1567451699.7644
CHLD 0 601.179688 1567451699.8449
CHLD 1 601.179688 1567451699.8449
CHLD 2 601.179688 1567451699.8450
CHLD 3 601.179688 1567451699.8450
CHLD 4 666.117188 1567451699.8451
CHLD 5 703.750000 1567451699.8451
CHLD 6 679.746094 1567451699.8452
CHLD 7 683.632812 1567451699.8452
CHLD 8 10.875000 1567451699.8453
CHLD 9 10.835938 1567451699.8453
CHLD 10 10.980469 1567451699.8454
CHLD 11 10.925781 1567451699.8454
MEM 5890.886719 1567451699.9832
CHLD 0 601.179688 1567451700.0258
CHLD 1 601.179688 1567451700.0259
CHLD 2 601.179688 1567451700.0260
CHLD 3 601.179688 1567451700.0260
CHLD 4 666.117188 1567451700.0261
CHLD 5 703.750000 1567451700.0261
CHLD 6 679.746094 1567451700.0262
CHLD 7 683.632812 1567451700.0432
CHLD 8 10.875000 1567451700.0434
CHLD 9 10.835938 1567451700.0435
CHLD 10 10.980469 1567451700.0436
CHLD 11 10.925781 1567451700.0436
MEM 5890.886719 1567451700.1706
CHLD 0 601.179688 1567451700.1996
CHLD 1 601.179688 1567451700.1997
CHLD 2 601.179688 1567451700.1997
CHLD 3 601.179688 1567451700.1998
CHLD 4 666.117188 1567451700.1998
CHLD 5 703.750000 1567451700.1999
CHLD 6 679.746094 1567451700.1999
CHLD 7 683.632812 1567451700.2000
CHLD 8 10.875000 1567451700.2000
CHLD 9 10.835938 1567451700.2001
CHLD 10 10.980469 1567451700.2001
CHLD 11 10.925781 1567451700.2001
MEM 5890.886719 1567451700.3374
CHLD 0 601.179688 1567451700.4129
CHLD 1 601.179688 1567451700.4129
CHLD 2 601.179688 1567451700.4130
CHLD 3 601.179688 1567451700.4130
CHLD 4 666.117188 1567451700.4131
CHLD 5 703.750000 1567451700.4131
CHLD 6 679.746094 1567451700.4132
CHLD 7 683.632812 1567451700.4132
CHLD 8 10.875000 1567451700.4133
CHLD 9 10.835938 1567451700.4134
CHLD 10 10.980469 1567451700.4134
CHLD 11 10.925781 1567451700.4135
MEM 5890.886719 1567451700.5774
CHLD 0 601.179688 1567451700.6213
CHLD 1 601.179688 1567451700.6214
CHLD 2 601.179688 1567451700.6214
CHLD 3 601.179688 1567451700.6215
CHLD 4 666.117188 1567451700.6215
CHLD 5 703.750000 1567451700.6216
CHLD 6 679.746094 1567451700.6217
CHLD 7 683.632812 1567451700.6217
CHLD 8 10.875000 1567451700.6218
CHLD 9 10.835938 1567451700.6219
CHLD 10 10.980469 1567451700.6219
CHLD 11 10.925781 1567451700.6220
MEM 5890.886719 1567451700.7556
CHLD 0 601.179688 1567451700.8272
CHLD 1 601.179688 1567451700.8272
CHLD 2 601.179688 1567451700.8272
CHLD 3 601.179688 1567451700.8273
CHLD 4 666.117188 1567451700.8273
CHLD 5 703.750000 1567451700.8273
CHLD 6 679.746094 1567451700.8274
CHLD 7 683.632812 1567451700.8274
CHLD 8 10.875000 1567451700.8274
CHLD 9 10.835938 1567451700.8275
CHLD 10 10.980469 1567451700.8275
CHLD 11 10.925781 1567451700.8275
MEM 5890.886719 1567451700.9643
CHLD 0 601.179688 1567451701.0127
CHLD 1 601.179688 1567451701.0128
CHLD 2 601.179688 1567451701.0128
CHLD 3 601.179688 1567451701.0129
CHLD 4 666.117188 1567451701.0130
CHLD 5 703.750000 1567451701.0130
CHLD 6 679.746094 1567451701.0131
CHLD 7 683.632812 1567451701.0131
CHLD 8 10.875000 1567451701.0132
CHLD 9 10.835938 1567451701.0132
CHLD 10 10.980469 1567451701.0133
CHLD 11 10.925781 1567451701.0134
MEM 5890.886719 1567451701.1366
CHLD 0 601.179688 1567451701.2363
CHLD 1 601.179688 1567451701.2364
CHLD 2 601.179688 1567451701.2364
CHLD 3 601.179688 1567451701.2365
CHLD 4 666.117188 1567451701.2365
CHLD 5 703.750000 1567451701.2366
CHLD 6 679.746094 1567451701.2396
CHLD 7 683.632812 1567451701.2398
CHLD 8 10.875000 1567451701.2450
CHLD 9 10.835938 1567451701.2451
CHLD 10 10.980469 1567451701.2452
CHLD 11 10.925781 1567451701.2452
MEM 5890.886719 1567451701.3889
CHLD 0 601.179688 1567451701.4212
CHLD 1 601.179688 1567451701.4212
CHLD 2 601.179688 1567451701.4213
CHLD 3 601.179688 1567451701.4214
CHLD 4 666.117188 1567451701.4214
CHLD 5 703.750000 1567451701.4215
CHLD 6 679.746094 1567451701.4215
CHLD 7 683.632812 1567451701.4216
CHLD 8 10.875000 1567451701.4216
CHLD 9 10.835938 1567451701.4217
CHLD 10 10.980469 1567451701.4217
CHLD 11 10.925781 1567451701.4218
MEM 5890.886719 1567451701.5648
CHLD 0 601.179688 1567451701.6128
CHLD 1 601.179688 1567451701.6129
CHLD 2 601.179688 1567451701.6129
CHLD 3 601.179688 1567451701.6130
CHLD 4 666.117188 1567451701.6131
CHLD 5 703.750000 1567451701.6131
CHLD 6 679.746094 1567451701.6132
CHLD 7 683.632812 1567451701.6132
CHLD 8 10.875000 1567451701.6133
CHLD 9 10.835938 1567451701.6133
CHLD 10 10.980469 1567451701.6134
CHLD 11 10.925781 1567451701.6135
MEM 5890.886719 1567451701.7674
CHLD 0 601.179688 1567451701.8912
CHLD 1 601.179688 1567451701.8913
CHLD 2 601.179688 1567451701.8913
CHLD 3 601.179688 1567451701.8914
CHLD 4 666.117188 1567451701.8915
CHLD 5 703.750000 1567451701.8915
CHLD 6 679.746094 1567451701.8916
CHLD 7 683.632812 1567451701.8917
CHLD 8 10.875000 1567451701.8917
CHLD 9 10.835938 1567451701.8918
CHLD 10 10.980469 1567451701.8919
CHLD 11 10.925781 1567451701.8919
MEM 5890.886719 1567451702.0352
CHLD 0 601.179688 1567451702.0867
CHLD 1 601.179688 1567451702.0868
CHLD 2 601.179688 1567451702.0869
CHLD 3 601.179688 1567451702.0869
CHLD 4 666.117188 1567451702.0870
CHLD 5 703.750000 1567451702.0870
CHLD 6 679.746094 1567451702.0871
CHLD 7 683.632812 1567451702.0871
CHLD 8 10.875000 1567451702.0872
CHLD 9 10.835938 1567451702.0872
CHLD 10 10.980469 1567451702.0873
CHLD 11 10.925781 1567451702.0874
MEM 5890.886719 1567451702.2163
CHLD 0 601.179688 1567451702.2785
CHLD 1 601.179688 1567451702.2792
CHLD 2 601.179688 1567451702.2793
CHLD 3 601.179688 1567451702.2794
CHLD 4 666.117188 1567451702.2795
CHLD 5 703.750000 1567451702.2795
CHLD 6 679.746094 1567451702.2796
CHLD 7 683.632812 1567451702.2796
CHLD 8 10.875000 1567451702.2797
CHLD 9 10.835938 1567451702.2797
CHLD 10 10.980469 1567451702.2798
CHLD 11 10.925781 1567451702.2799
MEM 5891.144531 1567451702.4415
CHLD 0 601.179688 1567451702.5105
CHLD 1 601.179688 1567451702.5106
CHLD 2 601.179688 1567451702.5107
CHLD 3 601.179688 1567451702.5107
CHLD 4 666.375000 1567451702.5108
CHLD 5 703.750000 1567451702.5108
CHLD 6 679.746094 1567451702.5109
CHLD 7 683.632812 1567451702.5109
CHLD 8 10.875000 1567451702.5110
CHLD 9 10.835938 1567451702.5110
CHLD 10 10.980469 1567451702.5111
CHLD 11 10.925781 1567451702.5112
MEM 5891.144531 1567451702.6559
CHLD 0 601.179688 1567451702.7262
CHLD 1 601.179688 1567451702.7263
CHLD 2 601.179688 1567451702.7264
CHLD 3 601.179688 1567451702.7264
CHLD 4 666.375000 1567451702.7265
CHLD 5 703.750000 1567451702.7324
CHLD 6 679.746094 1567451702.7325
CHLD 7 683.632812 1567451702.7326
CHLD 8 10.875000 1567451702.7327
CHLD 9 10.835938 1567451702.7327
CHLD 10 10.980469 1567451702.7328
CHLD 11 10.925781 1567451702.7329
MEM 5891.144531 1567451702.8537
CHLD 0 601.179688 1567451702.9212
CHLD 1 601.179688 1567451702.9213
CHLD 2 601.179688 1567451702.9213
CHLD 3 601.179688 1567451702.9214
CHLD 4 666.375000 1567451702.9215
CHLD 5 703.750000 1567451702.9215
CHLD 6 679.746094 1567451702.9216
CHLD 7 683.632812 1567451702.9216
CHLD 8 10.875000 1567451702.9217
CHLD 9 10.835938 1567451702.9218
CHLD 10 10.980469 1567451702.9218
CHLD 11 10.925781 1567451702.9219
MEM 5891.144531 1567451703.0530
CHLD 0 601.179688 1567451703.1066
CHLD 1 601.179688 1567451703.1067
CHLD 2 601.179688 1567451703.1067
CHLD 3 601.179688 1567451703.1068
CHLD 4 666.375000 1567451703.1069
CHLD 5 703.750000 1567451703.1069
CHLD 6 679.746094 1567451703.1070
CHLD 7 683.632812 1567451703.1070
CHLD 8 10.875000 1567451703.1071
CHLD 9 10.835938 1567451703.1071
CHLD 10 10.980469 1567451703.1072
CHLD 11 10.925781 1567451703.1073
MEM 5891.144531 1567451703.2242
CHLD 0 601.179688 1567451703.2426
CHLD 1 601.179688 1567451703.2426
CHLD 2 601.179688 1567451703.2427
CHLD 3 601.179688 1567451703.2428
CHLD 4 666.375000 1567451703.2520
CHLD 5 703.750000 1567451703.2522
CHLD 6 679.746094 1567451703.2522
CHLD 7 683.632812 1567451703.2523
CHLD 8 10.875000 1567451703.2524
CHLD 9 10.835938 1567451703.2524
CHLD 10 10.980469 1567451703.2525
CHLD 11 10.925781 1567451703.2525
MEM 5891.144531 1567451703.3882
CHLD 0 601.179688 1567451703.4358
CHLD 1 601.179688 1567451703.4361
CHLD 2 601.179688 1567451703.4364
CHLD 3 601.179688 1567451703.4364
CHLD 4 666.375000 1567451703.4365
CHLD 5 703.750000 1567451703.4366
CHLD 6 679.746094 1567451703.4367
CHLD 7 683.632812 1567451703.4368
CHLD 8 10.875000 1567451703.4376
CHLD 9 10.835938 1567451703.4377
CHLD 10 10.980469 1567451703.4378
CHLD 11 10.925781 1567451703.4378
MEM 5891.144531 1567451703.5792
CHLD 0 601.179688 1567451703.6251
CHLD 1 601.179688 1567451703.6252
CHLD 2 601.179688 1567451703.6252
CHLD 3 601.179688 1567451703.6253
CHLD 4 666.375000 1567451703.6253
CHLD 5 703.750000 1567451703.6254
CHLD 6 679.746094 1567451703.6255
CHLD 7 683.632812 1567451703.6255
CHLD 8 10.875000 1567451703.6256
CHLD 9 10.835938 1567451703.6256
CHLD 10 10.980469 1567451703.6257
CHLD 11 10.925781 1567451703.6257
MEM 5891.144531 1567451703.7427
CHLD 0 601.179688 1567451703.8120
CHLD 1 601.179688 1567451703.8121
CHLD 2 601.179688 1567451703.8122
CHLD 3 601.179688 1567451703.8122
CHLD 4 666.375000 1567451703.8123
CHLD 5 703.750000 1567451703.8124
CHLD 6 679.746094 1567451703.8124
CHLD 7 683.632812 1567451703.8191
CHLD 8 10.875000 1567451703.8191
CHLD 9 10.835938 1567451703.8236
CHLD 10 10.980469 1567451703.8237
CHLD 11 10.925781 1567451703.8238
MEM 5891.144531 1567451703.9476
CHLD 0 601.179688 1567451703.9747
CHLD 1 601.179688 1567451703.9748
CHLD 2 601.179688 1567451703.9749
CHLD 3 601.179688 1567451703.9749
CHLD 4 666.375000 1567451703.9750
CHLD 5 703.750000 1567451703.9751
CHLD 6 679.746094 1567451703.9751
CHLD 7 683.632812 1567451703.9752
CHLD 8 10.875000 1567451703.9752
CHLD 9 10.835938 1567451703.9753
CHLD 10 10.980469 1567451703.9754
CHLD 11 10.925781 1567451703.9754
MEM 5891.144531 1567451704.0958
CHLD 0 601.179688 1567451704.1201
CHLD 1 601.179688 1567451704.1202
CHLD 2 601.179688 1567451704.1212
CHLD 3 601.179688 1567451704.1213
CHLD 4 666.375000 1567451704.1213
CHLD 5 703.750000 1567451704.1214
CHLD 6 679.746094 1567451704.1214
CHLD 7 683.632812 1567451704.1215
CHLD 8 10.875000 1567451704.1215
CHLD 9 10.835938 1567451704.1216
CHLD 10 10.980469 1567451704.1216
CHLD 11 10.925781 1567451704.1217
MEM 5891.144531 1567451704.3423
CHLD 0 601.179688 1567451704.4251
CHLD 1 601.179688 1567451704.4251
CHLD 2 601.179688 1567451704.4252
CHLD 3 601.179688 1567451704.4253
CHLD 4 666.375000 1567451704.4253
CHLD 5 703.750000 1567451704.4254
CHLD 6 679.746094 1567451704.4255
CHLD 7 683.632812 1567451704.4256
CHLD 8 10.875000 1567451704.4257
CHLD 9 10.835938 1567451704.4257
CHLD 10 10.980469 1567451704.4258
CHLD 11 10.925781 1567451704.4259
MEM 5891.144531 1567451704.5659
CHLD 0 601.179688 1567451704.6181
CHLD 1 601.179688 1567451704.6182
CHLD 2 601.179688 1567451704.6182
CHLD 3 601.179688 1567451704.6183
CHLD 4 666.375000 1567451704.6184
CHLD 5 703.750000 1567451704.6184
CHLD 6 679.746094 1567451704.6185
CHLD 7 683.632812 1567451704.6185
CHLD 8 10.875000 1567451704.6245
CHLD 9 10.835938 1567451704.6245
CHLD 10 10.980469 1567451704.6246
CHLD 11 10.925781 1567451704.6246
MEM 5891.144531 1567451704.7566
CHLD 0 601.179688 1567451704.7870
CHLD 1 601.179688 1567451704.7871
CHLD 2 601.179688 1567451704.7871
CHLD 3 601.179688 1567451704.7872
CHLD 4 666.375000 1567451704.7872
CHLD 5 703.750000 1567451704.7873
CHLD 6 679.746094 1567451704.7873
CHLD 7 683.632812 1567451704.7874
CHLD 8 10.875000 1567451704.7889
CHLD 9 10.835938 1567451704.7889
CHLD 10 10.980469 1567451704.7890
CHLD 11 10.925781 1567451704.7890
MEM 5891.144531 1567451704.9853
CHLD 0 601.179688 1567451705.0498
CHLD 1 601.179688 1567451705.0499
CHLD 2 601.179688 1567451705.0499
CHLD 3 601.179688 1567451705.0500
CHLD 4 666.375000 1567451705.0500
CHLD 5 703.750000 1567451705.0501
CHLD 6 679.746094 1567451705.0501
CHLD 7 683.632812 1567451705.0502
CHLD 8 10.875000 1567451705.0502
CHLD 9 10.835938 1567451705.0503
CHLD 10 10.980469 1567451705.0504
CHLD 11 10.925781 1567451705.0504
MEM 5891.144531 1567451705.2127
CHLD 0 601.179688 1567451705.2720
CHLD 1 601.179688 1567451705.2720
CHLD 2 601.179688 1567451705.2721
CHLD 3 601.179688 1567451705.2722
CHLD 4 666.375000 1567451705.2722
CHLD 5 703.750000 1567451705.2723
CHLD 6 679.746094 1567451705.2723
CHLD 7 683.632812 1567451705.2724
CHLD 8 10.875000 1567451705.2725
CHLD 9 10.835938 1567451705.2725
CHLD 10 10.980469 1567451705.2726
CHLD 11 10.925781 1567451705.2726
MEM 5891.144531 1567451705.4129
CHLD 0 601.179688 1567451705.4414
CHLD 1 601.179688 1567451705.4414
CHLD 2 601.179688 1567451705.4415
CHLD 3 601.179688 1567451705.4415
CHLD 4 666.375000 1567451705.4416
CHLD 5 703.750000 1567451705.4417
CHLD 6 679.746094 1567451705.4417
CHLD 7 683.632812 1567451705.4418
CHLD 8 10.875000 1567451705.4418
CHLD 9 10.835938 1567451705.4419
CHLD 10 10.980469 1567451705.4419
CHLD 11 10.925781 1567451705.4420
MEM 5892.253906 1567451705.5590
CHLD 0 601.179688 1567451705.6163
CHLD 1 601.179688 1567451705.6163
CHLD 2 601.179688 1567451705.6164
CHLD 3 601.179688 1567451705.6165
CHLD 4 667.484375 1567451705.6165
CHLD 5 703.750000 1567451705.6166
CHLD 6 679.746094 1567451705.6166
CHLD 7 683.632812 1567451705.6167
CHLD 8 10.875000 1567451705.6168
CHLD 9 10.835938 1567451705.6168
CHLD 10 10.980469 1567451705.6169
CHLD 11 10.925781 1567451705.6169
MEM 5892.253906 1567451705.7532
CHLD 0 601.179688 1567451705.8325
CHLD 1 601.179688 1567451705.8325
CHLD 2 601.179688 1567451705.8326
CHLD 3 601.179688 1567451705.8326
CHLD 4 667.484375 1567451705.8327
CHLD 5 703.750000 1567451705.8328
CHLD 6 679.746094 1567451705.8328
CHLD 7 683.632812 1567451705.8329
CHLD 8 10.875000 1567451705.8329
CHLD 9 10.835938 1567451705.8330
CHLD 10 10.980469 1567451705.8330
CHLD 11 10.925781 1567451705.8331
MEM 5892.253906 1567451705.9847
CHLD 0 601.179688 1567451706.0134
CHLD 1 601.179688 1567451706.0134
CHLD 2 601.179688 1567451706.0135
CHLD 3 601.179688 1567451706.0136
CHLD 4 667.484375 1567451706.0136
CHLD 5 703.750000 1567451706.0140
CHLD 6 679.746094 1567451706.0141
CHLD 7 683.632812 1567451706.0141
CHLD 8 10.875000 1567451706.0142
CHLD 9 10.835938 1567451706.0142
CHLD 10 10.980469 1567451706.0143
CHLD 11 10.925781 1567451706.0144
MEM 5892.253906 1567451706.1417
CHLD 0 601.179688 1567451706.1620
CHLD 1 601.179688 1567451706.1621
CHLD 2 601.179688 1567451706.1621
CHLD 3 601.179688 1567451706.1622
CHLD 4 667.484375 1567451706.1622
CHLD 5 703.750000 1567451706.1623
CHLD 6 679.746094 1567451706.1624
CHLD 7 683.632812 1567451706.1624
CHLD 8 10.875000 1567451706.1625
CHLD 9 10.835938 1567451706.1625
CHLD 10 10.980469 1567451706.1626
CHLD 11 10.925781 1567451706.1626
MEM 5892.253906 1567451706.2994
CHLD 0 601.179688 1567451706.3321
CHLD 1 601.179688 1567451706.3334
CHLD 2 601.179688 1567451706.3335
CHLD 3 601.179688 1567451706.3336
CHLD 4 667.484375 1567451706.3337
CHLD 5 703.750000 1567451706.3337
CHLD 6 679.746094 1567451706.3338
CHLD 7 683.632812 1567451706.3338
CHLD 8 10.875000 1567451706.3339
CHLD 9 10.835938 1567451706.3340
CHLD 10 10.980469 1567451706.3340
CHLD 11 10.925781 1567451706.3341
MEM 5892.253906 1567451706.4698
CHLD 0 601.179688 1567451706.5601
CHLD 1 601.179688 1567451706.5602
CHLD 2 601.179688 1567451706.5602
CHLD 3 601.179688 1567451706.5603
CHLD 4 667.484375 1567451706.5604
CHLD 5 703.750000 1567451706.5604
CHLD 6 679.746094 1567451706.5605
CHLD 7 683.632812 1567451706.5605
CHLD 8 10.875000 1567451706.5606
CHLD 9 10.835938 1567451706.5607
CHLD 10 10.980469 1567451706.5607
CHLD 11 10.925781 1567451706.5608
MEM 5892.253906 1567451706.6938
CHLD 0 601.179688 1567451706.7403
CHLD 1 601.179688 1567451706.7404
CHLD 2 601.179688 1567451706.7404
CHLD 3 601.179688 1567451706.7405
CHLD 4 667.484375 1567451706.7405
CHLD 5 703.750000 1567451706.7406
CHLD 6 679.746094 1567451706.7406
CHLD 7 683.632812 1567451706.7407
CHLD 8 10.875000 1567451706.7407
CHLD 9 10.835938 1567451706.7408
CHLD 10 10.980469 1567451706.7409
CHLD 11 10.925781 1567451706.7409
MEM 5892.253906 1567451706.8881
CHLD 0 601.179688 1567451706.9871
CHLD 1 601.179688 1567451706.9871
CHLD 2 601.179688 1567451706.9872
CHLD 3 601.179688 1567451706.9873
CHLD 4 667.484375 1567451706.9873
CHLD 5 703.750000 1567451706.9874
CHLD 6 679.746094 1567451706.9874
CHLD 7 683.632812 1567451706.9875
CHLD 8 10.875000 1567451706.9876
CHLD 9 10.835938 1567451706.9876
CHLD 10 10.980469 1567451706.9877
CHLD 11 10.925781 1567451706.9877
MEM 5892.253906 1567451707.1178
CHLD 0 601.179688 1567451707.1501
CHLD 1 601.179688 1567451707.1502
CHLD 2 601.179688 1567451707.1503
CHLD 3 601.179688 1567451707.1507
CHLD 4 667.484375 1567451707.1509
CHLD 5 703.750000 1567451707.1511
CHLD 6 679.746094 1567451707.1700
CHLD 7 683.632812 1567451707.1701
CHLD 8 10.875000 1567451707.1702
CHLD 9 10.835938 1567451707.1761
CHLD 10 10.980469 1567451707.1763
CHLD 11 10.925781 1567451707.1763
MEM 5892.253906 1567451707.3097
CHLD 0 601.179688 1567451707.3683
CHLD 1 601.179688 1567451707.3684
CHLD 2 601.179688 1567451707.3684
CHLD 3 601.179688 1567451707.3685
CHLD 4 667.484375 1567451707.3685
CHLD 5 703.750000 1567451707.3686
CHLD 6 679.746094 1567451707.3686
CHLD 7 683.632812 1567451707.3687
CHLD 8 10.875000 1567451707.3687
CHLD 9 10.835938 1567451707.3688
CHLD 10 10.980469 1567451707.3688
CHLD 11 10.925781 1567451707.3689
MEM 5892.253906 1567451707.4917
CHLD 0 601.179688 1567451707.5535
CHLD 1 601.179688 1567451707.5536
CHLD 2 601.179688 1567451707.5536
CHLD 3 601.179688 1567451707.5537
CHLD 4 667.484375 1567451707.5537
CHLD 5 703.750000 1567451707.5538
CHLD 6 679.746094 1567451707.5538
CHLD 7 683.632812 1567451707.5539
CHLD 8 10.875000 1567451707.5540
CHLD 9 10.835938 1567451707.5540
CHLD 10 10.980469 1567451707.5541
CHLD 11 10.925781 1567451707.5541
MEM 5892.253906 1567451707.6747
CHLD 0 601.179688 1567451707.7343
CHLD 1 601.179688 1567451707.7344
CHLD 2 601.179688 1567451707.7345
CHLD 3 601.179688 1567451707.7345
CHLD 4 667.484375 1567451707.7346
CHLD 5 703.750000 1567451707.7347
CHLD 6 679.746094 1567451707.7388
CHLD 7 683.632812 1567451707.7390
CHLD 8 10.875000 1567451707.7390
CHLD 9 10.835938 1567451707.7391
CHLD 10 10.980469 1567451707.7392
CHLD 11 10.925781 1567451707.7392
MEM 5892.253906 1567451707.8665
CHLD 0 601.179688 1567451707.9165
CHLD 1 601.179688 1567451707.9166
CHLD 2 601.179688 1567451707.9166
CHLD 3 601.179688 1567451707.9167
CHLD 4 667.484375 1567451707.9167
CHLD 5 703.750000 1567451707.9168
CHLD 6 679.746094 1567451707.9169
CHLD 7 683.632812 1567451707.9169
CHLD 8 10.875000 1567451707.9170
CHLD 9 10.835938 1567451707.9170
CHLD 10 10.980469 1567451707.9171
CHLD 11 10.925781 1567451707.9171
MEM 5892.253906 1567451708.0445
CHLD 0 601.179688 1567451708.1013
CHLD 1 601.179688 1567451708.1014
CHLD 2 601.179688 1567451708.1014
CHLD 3 601.179688 1567451708.1015
CHLD 4 667.484375 1567451708.1015
CHLD 5 703.750000 1567451708.1016
CHLD 6 679.746094 1567451708.1076
CHLD 7 683.632812 1567451708.1077
CHLD 8 10.875000 1567451708.1078
CHLD 9 10.835938 1567451708.1079
CHLD 10 10.980469 1567451708.1079
CHLD 11 10.925781 1567451708.1080
MEM 5892.253906 1567451708.2376
CHLD 0 601.179688 1567451708.2680
CHLD 1 601.179688 1567451708.2681
CHLD 2 601.179688 1567451708.2681
CHLD 3 601.179688 1567451708.2682
CHLD 4 667.484375 1567451708.2682
CHLD 5 703.750000 1567451708.2683
CHLD 6 679.746094 1567451708.2684
CHLD 7 683.632812 1567451708.2684
CHLD 8 10.875000 1567451708.2685
CHLD 9 10.835938 1567451708.2685
CHLD 10 10.980469 1567451708.2686
CHLD 11 10.925781 1567451708.2687
MEM 5892.253906 1567451708.4054
CHLD 0 601.179688 1567451708.4414
CHLD 1 601.179688 1567451708.4414
CHLD 2 601.179688 1567451708.4462
CHLD 3 601.179688 1567451708.4464
CHLD 4 667.484375 1567451708.4464
CHLD 5 703.750000 1567451708.4465
CHLD 6 679.746094 1567451708.4466
CHLD 7 683.632812 1567451708.4466
CHLD 8 10.875000 1567451708.4467
CHLD 9 10.835938 1567451708.4468
CHLD 10 10.980469 1567451708.4468
CHLD 11 10.925781 1567451708.4469
MEM 5892.769531 1567451708.5775
CHLD 0 601.179688 1567451708.6437
CHLD 1 601.179688 1567451708.6438
CHLD 2 601.179688 1567451708.6438
CHLD 3 601.179688 1567451708.6439
CHLD 4 667.484375 1567451708.6440
CHLD 5 703.750000 1567451708.6440
CHLD 6 680.003906 1567451708.6441
CHLD 7 683.890625 1567451708.6442
CHLD 8 10.875000 1567451708.6442
CHLD 9 10.835938 1567451708.6443
CHLD 10 10.980469 1567451708.6443
CHLD 11 10.925781 1567451708.6444
