CMDLINE /home/dn16382/anaconda3/bin/python mnist_example.py
MEM 1.949219 1567447373.5729
MEM 18.285156 1567447373.6823
MEM 32.992188 1567447373.8007
MEM 41.171875 1567447373.9095
MEM 58.773438 1567447374.0183
MEM 72.152344 1567447374.1332
MEM 79.457031 1567447374.2419
MEM 123.566406 1567447374.3513
MEM 160.417969 1567447374.4600
MEM 162.980469 1567447374.5687
MEM 167.617188 1567447374.6773
MEM 176.687500 1567447374.7862
MEM 182.148438 1567447374.8949
MEM 189.726562 1567447375.0036
MEM 202.574219 1567447375.1123
MEM 208.539062 1567447375.2211
MEM 214.257812 1567447375.3356
MEM 225.667969 1567447375.4502
MEM 232.515625 1567447375.5649
MEM 246.820312 1567447375.6795
MEM 253.769531 1567447375.7888
MEM 262.214844 1567447375.8976
MEM 267.953125 1567447376.0064
MEM 284.195312 1567447376.1152
MEM 300.437500 1567447376.2238
MEM 362.207031 1567447376.3325
MEM 363.609375 1567447376.4415
MEM 422.906250 1567447376.5503
MEM 571.148438 1567447376.6595
MEM 719.132812 1567447376.7684
MEM 632.832031 1567447376.8800
MEM 702.320312 1567447376.9892
MEM 708.992188 1567447377.0986
CHLD 0 601.234375 1567447377.1189
CHLD 1 601.246094 1567447377.1190
CHLD 2 601.246094 1567447377.1191
CHLD 3 601.246094 1567447377.1191
CHLD 4 606.214844 1567447377.1192
CHLD 5 605.800781 1567447377.1193
CHLD 6 605.250000 1567447377.1193
CHLD 7 605.285156 1567447377.1194
CHLD 8 0.007812 1567447377.1194
MEM 709.003906 1567447377.2198
CHLD 0 601.234375 1567447377.2448
CHLD 1 601.246094 1567447377.2449
CHLD 2 601.246094 1567447377.2449
CHLD 3 601.246094 1567447377.2450
CHLD 4 612.410156 1567447377.2451
CHLD 5 611.320312 1567447377.2451
CHLD 6 607.386719 1567447377.2452
CHLD 7 607.660156 1567447377.2452
CHLD 8 6.394531 1567447377.2453
CHLD 9 7.945312 1567447377.2454
CHLD 10 8.714844 1567447377.2454
CHLD 11 9.464844 1567447377.2455
MEM 709.003906 1567447377.3459
CHLD 0 601.234375 1567447377.3617
CHLD 1 601.246094 1567447377.3618
CHLD 2 601.246094 1567447377.3619
CHLD 3 601.246094 1567447377.3619
CHLD 4 618.222656 1567447377.3620
CHLD 5 618.082031 1567447377.3621
CHLD 6 612.023438 1567447377.3621
CHLD 7 617.855469 1567447377.3622
CHLD 8 9.371094 1567447377.3622
CHLD 9 10.945312 1567447377.3790
CHLD 10 11.082031 1567447377.3791
CHLD 11 11.046875 1567447377.3792
MEM 709.003906 1567447377.4806
CHLD 0 601.234375 1567447377.4970
CHLD 1 601.246094 1567447377.4970
CHLD 2 601.246094 1567447377.4971
CHLD 3 601.246094 1567447377.4972
CHLD 4 619.812500 1567447377.4972
CHLD 5 618.839844 1567447377.4973
CHLD 6 618.171875 1567447377.4973
CHLD 7 618.839844 1567447377.4974
CHLD 8 10.875000 1567447377.4974
CHLD 9 10.945312 1567447377.4975
CHLD 10 11.082031 1567447377.4976
CHLD 11 11.046875 1567447377.4976
MEM 709.003906 1567447377.5980
CHLD 0 601.234375 1567447377.6384
CHLD 1 601.246094 1567447377.6385
CHLD 2 601.246094 1567447377.6385
CHLD 3 601.246094 1567447377.6386
CHLD 4 625.589844 1567447377.6387
CHLD 5 622.101562 1567447377.6387
CHLD 6 618.839844 1567447377.6388
CHLD 7 623.250000 1567447377.6389
CHLD 8 10.875000 1567447377.6389
CHLD 9 10.945312 1567447377.6390
CHLD 10 11.082031 1567447377.6391
CHLD 11 11.046875 1567447377.6391
MEM 709.003906 1567447377.7395
CHLD 0 601.234375 1567447377.7654
CHLD 1 601.246094 1567447377.7655
CHLD 2 601.246094 1567447377.7655
CHLD 3 601.246094 1567447377.7656
CHLD 4 635.328125 1567447377.7656
CHLD 5 623.976562 1567447377.7657
CHLD 6 623.250000 1567447377.7658
CHLD 7 624.839844 1567447377.7658
CHLD 8 10.875000 1567447377.7659
CHLD 9 10.945312 1567447377.7659
CHLD 10 11.082031 1567447377.7660
CHLD 11 11.046875 1567447377.7661
MEM 709.003906 1567447377.8665
CHLD 0 601.234375 1567447377.8871
CHLD 1 601.246094 1567447377.8871
CHLD 2 601.246094 1567447377.8872
CHLD 3 601.246094 1567447377.8872
CHLD 4 635.710938 1567447377.8873
CHLD 5 633.765625 1567447377.8874
CHLD 6 633.769531 1567447377.8874
CHLD 7 633.347656 1567447377.8875
CHLD 8 10.875000 1567447377.8875
CHLD 9 10.945312 1567447377.8876
CHLD 10 11.082031 1567447377.8877
CHLD 11 11.046875 1567447377.8877
MEM 709.003906 1567447377.9882
CHLD 0 601.234375 1567447378.0166
CHLD 1 601.246094 1567447378.0166
CHLD 2 601.246094 1567447378.0167
CHLD 3 601.246094 1567447378.0168
CHLD 4 638.316406 1567447378.0168
CHLD 5 635.804688 1567447378.0169
CHLD 6 635.703125 1567447378.0170
CHLD 7 635.515625 1567447378.0170
CHLD 8 10.875000 1567447378.0171
CHLD 9 10.945312 1567447378.0171
CHLD 10 11.082031 1567447378.0172
CHLD 11 11.046875 1567447378.0173
MEM 709.003906 1567447378.1177
CHLD 0 601.234375 1567447378.1456
CHLD 1 601.246094 1567447378.1457
CHLD 2 601.246094 1567447378.1458
CHLD 3 601.246094 1567447378.1458
CHLD 4 639.753906 1567447378.1459
CHLD 5 638.406250 1567447378.1460
CHLD 6 638.308594 1567447378.1460
CHLD 7 635.761719 1567447378.1461
CHLD 8 10.875000 1567447378.1461
CHLD 9 10.945312 1567447378.1462
CHLD 10 11.082031 1567447378.1462
CHLD 11 11.046875 1567447378.1463
MEM 709.003906 1567447378.2489
CHLD 0 601.234375 1567447378.2690
CHLD 1 601.246094 1567447378.2690
CHLD 2 601.246094 1567447378.2691
CHLD 3 601.246094 1567447378.2691
CHLD 4 642.117188 1567447378.2692
CHLD 5 640.710938 1567447378.2692
CHLD 6 640.214844 1567447378.2693
CHLD 7 637.125000 1567447378.2693
CHLD 8 10.875000 1567447378.2694
CHLD 9 10.945312 1567447378.2694
CHLD 10 11.082031 1567447378.2695
CHLD 11 11.046875 1567447378.2695
MEM 709.003906 1567447378.3700
CHLD 0 601.234375 1567447378.3962
CHLD 1 601.246094 1567447378.3962
CHLD 2 601.246094 1567447378.3963
CHLD 3 601.246094 1567447378.3964
CHLD 4 642.777344 1567447378.3964
CHLD 5 642.117188 1567447378.3965
CHLD 6 641.968750 1567447378.3966
CHLD 7 640.558594 1567447378.3966
CHLD 8 10.875000 1567447378.3967
CHLD 9 10.945312 1567447378.3967
CHLD 10 11.082031 1567447378.3968
CHLD 11 11.046875 1567447378.3968
MEM 709.003906 1567447378.4973
CHLD 0 601.234375 1567447378.5198
CHLD 1 601.246094 1567447378.5199
CHLD 2 601.246094 1567447378.5199
CHLD 3 601.246094 1567447378.5200
CHLD 4 654.964844 1567447378.5201
CHLD 5 650.324219 1567447378.5201
CHLD 6 653.660156 1567447378.5202
CHLD 7 641.792969 1567447378.5202
CHLD 8 10.875000 1567447378.5203
CHLD 9 10.945312 1567447378.5203
CHLD 10 11.082031 1567447378.5204
CHLD 11 11.046875 1567447378.5204
MEM 709.003906 1567447378.6209
CHLD 0 601.234375 1567447378.6368
CHLD 1 601.246094 1567447378.6369
CHLD 2 601.246094 1567447378.6370
CHLD 3 601.246094 1567447378.6370
CHLD 4 656.046875 1567447378.6371
CHLD 5 658.660156 1567447378.6372
CHLD 6 655.691406 1567447378.6372
CHLD 7 642.535156 1567447378.6373
CHLD 8 10.875000 1567447378.6373
CHLD 9 10.945312 1567447378.6374
CHLD 10 11.082031 1567447378.6375
CHLD 11 11.046875 1567447378.6375
MEM 709.003906 1567447378.7379
CHLD 0 601.234375 1567447378.7608
CHLD 1 601.246094 1567447378.7609
CHLD 2 601.246094 1567447378.7609
CHLD 3 601.246094 1567447378.7610
CHLD 4 656.285156 1567447378.7610
CHLD 5 658.839844 1567447378.7611
CHLD 6 664.187500 1567447378.7612
CHLD 7 643.035156 1567447378.7612
CHLD 8 10.875000 1567447378.7613
CHLD 9 10.945312 1567447378.7613
CHLD 10 11.082031 1567447378.7614
CHLD 11 11.046875 1567447378.7614
MEM 709.003906 1567447378.8619
CHLD 0 601.234375 1567447378.9137
CHLD 1 601.246094 1567447378.9138
CHLD 2 601.246094 1567447378.9138
CHLD 3 601.246094 1567447378.9139
CHLD 4 671.156250 1567447378.9139
CHLD 5 680.257812 1567447378.9140
CHLD 6 669.109375 1567447378.9141
CHLD 7 643.382812 1567447378.9141
CHLD 8 10.875000 1567447378.9142
CHLD 9 10.945312 1567447378.9142
CHLD 10 11.082031 1567447378.9143
CHLD 11 11.046875 1567447378.9144
MEM 709.003906 1567447379.0150
CHLD 0 601.234375 1567447379.0471
CHLD 1 601.246094 1567447379.0472
CHLD 2 601.246094 1567447379.0472
CHLD 3 601.246094 1567447379.0473
CHLD 4 671.671875 1567447379.0473
CHLD 5 685.152344 1567447379.0474
CHLD 6 669.625000 1567447379.0475
CHLD 7 643.753906 1567447379.0475
CHLD 8 10.875000 1567447379.0476
CHLD 9 10.945312 1567447379.0476
CHLD 10 11.082031 1567447379.0477
CHLD 11 11.046875 1567447379.0478
MEM 709.003906 1567447379.1482
CHLD 0 601.234375 1567447379.1793
CHLD 1 601.246094 1567447379.1794
CHLD 2 601.246094 1567447379.1794
CHLD 3 601.246094 1567447379.1795
CHLD 4 673.734375 1567447379.1796
CHLD 5 686.957031 1567447379.1796
CHLD 6 669.625000 1567447379.1797
CHLD 7 644.050781 1567447379.1798
CHLD 8 10.875000 1567447379.1799
CHLD 9 10.945312 1567447379.1800
CHLD 10 11.082031 1567447379.1800
CHLD 11 11.046875 1567447379.1801
MEM 709.003906 1567447379.2805
CHLD 0 601.234375 1567447379.3080
CHLD 1 601.246094 1567447379.3080
CHLD 2 601.246094 1567447379.3081
CHLD 3 601.246094 1567447379.3081
CHLD 4 674.507812 1567447379.3082
CHLD 5 686.957031 1567447379.3083
CHLD 6 669.625000 1567447379.3083
CHLD 7 646.097656 1567447379.3084
CHLD 8 10.875000 1567447379.3084
CHLD 9 10.945312 1567447379.3085
CHLD 10 11.082031 1567447379.3085
CHLD 11 11.046875 1567447379.3086
MEM 709.003906 1567447379.4121
CHLD 0 601.234375 1567447379.4467
CHLD 1 601.246094 1567447379.4468
CHLD 2 601.246094 1567447379.4469
CHLD 3 601.246094 1567447379.4469
CHLD 4 674.765625 1567447379.4470
CHLD 5 687.472656 1567447379.4470
CHLD 6 669.625000 1567447379.4471
CHLD 7 652.980469 1567447379.4471
CHLD 8 10.875000 1567447379.4472
CHLD 9 10.945312 1567447379.4473
CHLD 10 11.082031 1567447379.4473
CHLD 11 11.046875 1567447379.4474
MEM 709.003906 1567447379.5478
CHLD 0 601.234375 1567447379.5644
CHLD 1 601.246094 1567447379.5644
CHLD 2 601.246094 1567447379.5645
CHLD 3 601.246094 1567447379.5645
CHLD 4 674.765625 1567447379.5646
CHLD 5 687.472656 1567447379.5647
CHLD 6 669.625000 1567447379.5647
CHLD 7 655.906250 1567447379.5648
CHLD 8 10.875000 1567447379.5648
CHLD 9 10.945312 1567447379.5649
CHLD 10 11.082031 1567447379.5649
CHLD 11 11.046875 1567447379.5650
MEM 709.003906 1567447379.6660
CHLD 0 601.234375 1567447379.7121
CHLD 1 601.246094 1567447379.7122
CHLD 2 601.246094 1567447379.7123
CHLD 3 601.246094 1567447379.7123
CHLD 4 674.765625 1567447379.7124
CHLD 5 688.246094 1567447379.7125
CHLD 6 669.625000 1567447379.7125
CHLD 7 657.148438 1567447379.7126
CHLD 8 10.875000 1567447379.7126
CHLD 9 10.945312 1567447379.7127
CHLD 10 11.082031 1567447379.7127
CHLD 11 11.046875 1567447379.7128
MEM 709.003906 1567447379.8132
CHLD 0 601.234375 1567447379.8580
CHLD 1 601.246094 1567447379.8580
CHLD 2 601.246094 1567447379.8581
CHLD 3 601.246094 1567447379.8582
CHLD 4 675.023438 1567447379.8582
CHLD 5 688.761719 1567447379.8583
CHLD 6 669.625000 1567447379.8583
CHLD 7 657.148438 1567447379.8584
CHLD 8 10.875000 1567447379.8585
CHLD 9 10.945312 1567447379.8585
CHLD 10 11.082031 1567447379.8586
CHLD 11 11.046875 1567447379.8586
MEM 709.003906 1567447379.9595
CHLD 0 601.234375 1567447380.0257
CHLD 1 601.246094 1567447380.0489
CHLD 2 601.246094 1567447380.0490
CHLD 3 601.246094 1567447380.0491
CHLD 4 676.054688 1567447380.0491
CHLD 5 688.761719 1567447380.0492
CHLD 6 669.625000 1567447380.0493
CHLD 7 657.476562 1567447380.0493
CHLD 8 10.875000 1567447380.0494
CHLD 9 10.945312 1567447380.0495
CHLD 10 11.082031 1567447380.0495
CHLD 11 11.046875 1567447380.0496
MEM 709.003906 1567447380.1501
CHLD 0 601.234375 1567447380.2579
CHLD 1 601.246094 1567447380.2580
CHLD 2 601.246094 1567447380.2581
CHLD 3 601.246094 1567447380.2581
CHLD 4 676.312500 1567447380.2582
CHLD 5 688.761719 1567447380.2582
CHLD 6 670.398438 1567447380.2583
CHLD 7 657.476562 1567447380.2584
CHLD 8 10.875000 1567447380.2584
CHLD 9 10.945312 1567447380.2585
CHLD 10 11.082031 1567447380.2585
CHLD 11 11.046875 1567447380.2586
MEM 709.003906 1567447380.3609
CHLD 0 601.234375 1567447380.4094
CHLD 1 601.246094 1567447380.4095
CHLD 2 601.246094 1567447380.4096
CHLD 3 601.246094 1567447380.4096
CHLD 4 676.312500 1567447380.4097
CHLD 5 688.761719 1567447380.4098
CHLD 6 670.398438 1567447380.4098
CHLD 7 657.656250 1567447380.4099
CHLD 8 10.875000 1567447380.4099
CHLD 9 10.945312 1567447380.4100
CHLD 10 11.082031 1567447380.4100
CHLD 11 11.046875 1567447380.4101
MEM 709.003906 1567447380.5105
CHLD 0 601.234375 1567447380.5472
CHLD 1 601.246094 1567447380.5473
CHLD 2 601.246094 1567447380.5474
CHLD 3 601.246094 1567447380.5474
CHLD 4 676.312500 1567447380.5475
CHLD 5 689.277344 1567447380.5475
CHLD 6 671.988281 1567447380.5476
CHLD 7 657.656250 1567447380.5477
CHLD 8 10.875000 1567447380.5477
CHLD 9 10.945312 1567447380.5478
CHLD 10 11.082031 1567447380.5479
CHLD 11 11.046875 1567447380.5479
MEM 709.003906 1567447380.6484
CHLD 0 601.234375 1567447380.6705
CHLD 1 601.246094 1567447380.6706
CHLD 2 601.246094 1567447380.6706
CHLD 3 601.246094 1567447380.6707
CHLD 4 676.312500 1567447380.6707
CHLD 5 691.082031 1567447380.6708
CHLD 6 671.988281 1567447380.6709
CHLD 7 662.039062 1567447380.6709
CHLD 8 10.875000 1567447380.6710
CHLD 9 10.945312 1567447380.6710
CHLD 10 11.082031 1567447380.6711
CHLD 11 11.046875 1567447380.6712
MEM 709.003906 1567447380.7716
CHLD 0 601.234375 1567447380.7973
CHLD 1 601.246094 1567447380.7973
CHLD 2 601.246094 1567447380.7974
CHLD 3 601.246094 1567447380.7975
CHLD 4 676.312500 1567447380.7975
CHLD 5 692.886719 1567447380.7976
CHLD 6 671.988281 1567447380.7976
CHLD 7 663.367188 1567447380.7977
CHLD 8 10.875000 1567447380.7978
CHLD 9 10.945312 1567447380.7978
CHLD 10 11.082031 1567447380.7979
CHLD 11 11.046875 1567447380.7979
MEM 709.003906 1567447380.8984
CHLD 0 601.234375 1567447380.9213
CHLD 1 601.246094 1567447380.9214
CHLD 2 601.246094 1567447380.9215
CHLD 3 601.246094 1567447380.9215
CHLD 4 676.312500 1567447380.9216
CHLD 5 692.886719 1567447380.9216
CHLD 6 671.988281 1567447380.9217
CHLD 7 663.367188 1567447380.9217
CHLD 8 10.875000 1567447380.9218
CHLD 9 10.945312 1567447380.9218
CHLD 10 11.082031 1567447380.9219
CHLD 11 11.046875 1567447380.9221
MEM 709.003906 1567447381.0227
CHLD 0 601.234375 1567447381.0504
CHLD 1 601.246094 1567447381.0505
CHLD 2 601.246094 1567447381.0505
CHLD 3 601.246094 1567447381.0506
CHLD 4 676.312500 1567447381.0506
CHLD 5 692.886719 1567447381.0507
CHLD 6 672.246094 1567447381.0507
CHLD 7 663.367188 1567447381.0508
CHLD 8 10.875000 1567447381.0508
CHLD 9 10.945312 1567447381.0509
CHLD 10 11.082031 1567447381.0510
CHLD 11 11.046875 1567447381.0510
MEM 709.003906 1567447381.1517
CHLD 0 601.234375 1567447381.2017
CHLD 1 601.246094 1567447381.2018
CHLD 2 601.246094 1567447381.2018
CHLD 3 601.246094 1567447381.2019
CHLD 4 676.312500 1567447381.2020
CHLD 5 692.886719 1567447381.2020
CHLD 6 672.246094 1567447381.2021
CHLD 7 663.664062 1567447381.2021
CHLD 8 10.875000 1567447381.2022
CHLD 9 10.945312 1567447381.2022
CHLD 10 11.082031 1567447381.2023
CHLD 11 11.046875 1567447381.2024
MEM 709.003906 1567447381.3034
CHLD 0 601.234375 1567447381.3458
CHLD 1 601.246094 1567447381.3459
CHLD 2 601.246094 1567447381.3460
CHLD 3 601.246094 1567447381.3460
CHLD 4 676.312500 1567447381.3461
CHLD 5 692.886719 1567447381.3461
CHLD 6 672.246094 1567447381.3462
CHLD 7 663.664062 1567447381.3463
CHLD 8 10.875000 1567447381.3464
CHLD 9 10.945312 1567447381.3464
CHLD 10 11.082031 1567447381.3465
CHLD 11 11.046875 1567447381.3465
MEM 709.003906 1567447381.4480
CHLD 0 601.234375 1567447381.4756
CHLD 1 601.246094 1567447381.4757
CHLD 2 601.246094 1567447381.4757
CHLD 3 601.246094 1567447381.4758
CHLD 4 676.312500 1567447381.4758
CHLD 5 692.886719 1567447381.4759
CHLD 6 672.246094 1567447381.4760
CHLD 7 663.664062 1567447381.4760
CHLD 8 10.875000 1567447381.4761
CHLD 9 10.945312 1567447381.4761
CHLD 10 11.082031 1567447381.4762
CHLD 11 11.046875 1567447381.4762
MEM 709.003906 1567447381.5767
CHLD 0 601.234375 1567447381.6196
CHLD 1 601.246094 1567447381.6197
CHLD 2 601.246094 1567447381.6197
CHLD 3 601.246094 1567447381.6198
CHLD 4 676.570312 1567447381.6198
CHLD 5 692.886719 1567447381.6199
CHLD 6 672.246094 1567447381.6200
CHLD 7 663.664062 1567447381.6200
CHLD 8 10.875000 1567447381.6201
CHLD 9 10.945312 1567447381.6201
CHLD 10 11.082031 1567447381.6202
CHLD 11 11.046875 1567447381.6203
MEM 709.003906 1567447381.7207
CHLD 0 601.234375 1567447381.7396
CHLD 1 601.246094 1567447381.7397
CHLD 2 601.246094 1567447381.7397
CHLD 3 601.246094 1567447381.7398
CHLD 4 676.570312 1567447381.7398
CHLD 5 692.886719 1567447381.7399
CHLD 6 672.246094 1567447381.7399
CHLD 7 663.664062 1567447381.7400
CHLD 8 10.875000 1567447381.7400
CHLD 9 10.945312 1567447381.7401
CHLD 10 11.082031 1567447381.7402
CHLD 11 11.046875 1567447381.7402
MEM 709.003906 1567447381.8408
CHLD 0 601.234375 1567447381.9015
CHLD 1 601.246094 1567447381.9016
CHLD 2 601.246094 1567447381.9017
CHLD 3 601.246094 1567447381.9018
CHLD 4 676.828125 1567447381.9019
CHLD 5 692.886719 1567447381.9020
CHLD 6 672.246094 1567447381.9020
CHLD 7 663.664062 1567447381.9021
CHLD 8 10.875000 1567447381.9021
CHLD 9 10.945312 1567447381.9022
CHLD 10 11.082031 1567447381.9022
CHLD 11 11.046875 1567447381.9025
MEM 709.003906 1567447382.0030
CHLD 0 601.234375 1567447382.0496
CHLD 1 601.246094 1567447382.0496
CHLD 2 601.246094 1567447382.0497
CHLD 3 601.246094 1567447382.0497
CHLD 4 676.828125 1567447382.0498
CHLD 5 694.992188 1567447382.0498
CHLD 6 672.246094 1567447382.0499
CHLD 7 663.664062 1567447382.0500
CHLD 8 10.875000 1567447382.0500
CHLD 9 10.945312 1567447382.0501
CHLD 10 11.082031 1567447382.0502
CHLD 11 11.046875 1567447382.0502
MEM 709.003906 1567447382.1550
CHLD 0 601.234375 1567447382.2066
CHLD 1 601.246094 1567447382.2067
CHLD 2 601.246094 1567447382.2068
CHLD 3 601.246094 1567447382.2068
CHLD 4 676.828125 1567447382.2069
CHLD 5 696.281250 1567447382.2070
CHLD 6 672.503906 1567447382.2070
CHLD 7 663.664062 1567447382.2071
CHLD 8 10.875000 1567447382.2071
CHLD 9 10.945312 1567447382.2121
CHLD 10 11.082031 1567447382.2121
CHLD 11 11.046875 1567447382.2122
MEM 709.003906 1567447382.3126
CHLD 0 601.234375 1567447382.3568
CHLD 1 601.246094 1567447382.3569
CHLD 2 601.246094 1567447382.3570
CHLD 3 601.246094 1567447382.3570
CHLD 4 676.828125 1567447382.3571
CHLD 5 696.281250 1567447382.3571
CHLD 6 672.503906 1567447382.3572
CHLD 7 663.664062 1567447382.3573
CHLD 8 10.875000 1567447382.3573
CHLD 9 10.945312 1567447382.3574
CHLD 10 11.082031 1567447382.3575
CHLD 11 11.046875 1567447382.3575
MEM 709.003906 1567447382.4580
CHLD 0 601.234375 1567447382.5343
CHLD 1 601.246094 1567447382.5344
CHLD 2 601.246094 1567447382.5477
CHLD 3 601.246094 1567447382.5478
CHLD 4 676.828125 1567447382.5479
CHLD 5 696.281250 1567447382.5480
CHLD 6 672.503906 1567447382.5480
CHLD 7 663.664062 1567447382.5481
CHLD 8 10.875000 1567447382.5482
CHLD 9 10.945312 1567447382.5482
CHLD 10 11.082031 1567447382.5483
CHLD 11 11.046875 1567447382.5484
MEM 709.003906 1567447382.6490
CHLD 0 601.234375 1567447382.6942
CHLD 1 601.246094 1567447382.6943
CHLD 2 601.246094 1567447382.6944
CHLD 3 601.246094 1567447382.6944
CHLD 4 676.828125 1567447382.6945
CHLD 5 697.054688 1567447382.6945
CHLD 6 672.503906 1567447382.6946
CHLD 7 663.664062 1567447382.6947
CHLD 8 10.875000 1567447382.6947
CHLD 9 10.945312 1567447382.6948
CHLD 10 11.082031 1567447382.6948
CHLD 11 11.046875 1567447382.6949
MEM 709.003906 1567447382.7954
CHLD 0 601.234375 1567447382.8204
CHLD 1 601.246094 1567447382.8205
CHLD 2 601.246094 1567447382.8206
CHLD 3 601.246094 1567447382.8230
CHLD 4 676.828125 1567447382.8231
CHLD 5 697.570312 1567447382.8232
CHLD 6 672.503906 1567447382.8232
CHLD 7 663.664062 1567447382.8233
CHLD 8 10.875000 1567447382.8233
CHLD 9 10.945312 1567447382.8256
CHLD 10 11.082031 1567447382.8265
CHLD 11 11.046875 1567447382.8266
MEM 709.003906 1567447382.9271
CHLD 0 601.234375 1567447382.9459
CHLD 1 601.246094 1567447382.9460
CHLD 2 601.246094 1567447382.9460
CHLD 3 601.246094 1567447382.9461
CHLD 4 676.828125 1567447382.9468
CHLD 5 700.406250 1567447382.9505
CHLD 6 672.503906 1567447382.9506
CHLD 7 663.664062 1567447382.9507
CHLD 8 10.875000 1567447382.9508
CHLD 9 10.945312 1567447382.9508
CHLD 10 11.082031 1567447382.9509
CHLD 11 11.046875 1567447382.9509
MEM 709.003906 1567447383.0513
CHLD 0 601.234375 1567447383.1098
CHLD 1 601.246094 1567447383.1099
CHLD 2 601.246094 1567447383.1099
CHLD 3 601.246094 1567447383.1100
CHLD 4 676.828125 1567447383.1100
CHLD 5 700.406250 1567447383.1101
CHLD 6 672.503906 1567447383.1101
CHLD 7 663.664062 1567447383.1102
CHLD 8 10.875000 1567447383.1105
CHLD 9 10.945312 1567447383.1105
CHLD 10 11.082031 1567447383.1106
CHLD 11 11.046875 1567447383.1107
MEM 709.003906 1567447383.2112
CHLD 0 601.234375 1567447383.2497
CHLD 1 601.246094 1567447383.2498
CHLD 2 601.246094 1567447383.2498
CHLD 3 601.246094 1567447383.2499
CHLD 4 676.828125 1567447383.2524
CHLD 5 700.664062 1567447383.2525
CHLD 6 672.503906 1567447383.2526
CHLD 7 663.664062 1567447383.2527
CHLD 8 10.875000 1567447383.2527
CHLD 9 10.945312 1567447383.2528
CHLD 10 11.082031 1567447383.2528
CHLD 11 11.046875 1567447383.2530
MEM 709.003906 1567447383.3534
CHLD 0 601.234375 1567447383.4042
CHLD 1 601.246094 1567447383.4043
CHLD 2 601.246094 1567447383.4044
CHLD 3 601.246094 1567447383.4044
CHLD 4 676.828125 1567447383.4045
CHLD 5 700.664062 1567447383.4045
CHLD 6 672.503906 1567447383.4046
CHLD 7 663.664062 1567447383.4047
CHLD 8 10.875000 1567447383.4047
CHLD 9 10.945312 1567447383.4048
CHLD 10 11.082031 1567447383.4097
CHLD 11 11.046875 1567447383.4097
MEM 709.003906 1567447383.5102
CHLD 0 601.234375 1567447383.5468
CHLD 1 601.246094 1567447383.5469
CHLD 2 601.246094 1567447383.5469
CHLD 3 601.246094 1567447383.5470
CHLD 4 676.828125 1567447383.5471
CHLD 5 700.664062 1567447383.5471
CHLD 6 672.503906 1567447383.5472
CHLD 7 663.664062 1567447383.5472
CHLD 8 10.875000 1567447383.5473
CHLD 9 10.945312 1567447383.5474
CHLD 10 11.082031 1567447383.5474
CHLD 11 11.046875 1567447383.5475
MEM 709.003906 1567447383.6481
CHLD 0 601.234375 1567447383.6692
CHLD 1 601.246094 1567447383.6692
CHLD 2 601.246094 1567447383.6693
CHLD 3 601.246094 1567447383.6693
CHLD 4 676.828125 1567447383.6694
CHLD 5 700.664062 1567447383.6694
CHLD 6 672.503906 1567447383.6695
CHLD 7 663.664062 1567447383.6696
CHLD 8 10.875000 1567447383.6696
CHLD 9 10.945312 1567447383.6697
CHLD 10 11.082031 1567447383.6697
CHLD 11 11.046875 1567447383.6698
MEM 709.003906 1567447383.7702
CHLD 0 601.234375 1567447383.8097
CHLD 1 601.246094 1567447383.8098
CHLD 2 601.246094 1567447383.8098
CHLD 3 601.246094 1567447383.8099
CHLD 4 676.828125 1567447383.8099
CHLD 5 700.664062 1567447383.8100
CHLD 6 672.503906 1567447383.8100
CHLD 7 663.664062 1567447383.8101
CHLD 8 10.875000 1567447383.8102
CHLD 9 10.945312 1567447383.8102
CHLD 10 11.082031 1567447383.8103
CHLD 11 11.046875 1567447383.8103
MEM 709.003906 1567447383.9112
CHLD 0 601.234375 1567447383.9582
CHLD 1 601.246094 1567447383.9583
CHLD 2 601.246094 1567447383.9584
CHLD 3 601.246094 1567447383.9584
CHLD 4 676.828125 1567447383.9585
CHLD 5 700.664062 1567447383.9586
CHLD 6 673.277344 1567447383.9586
CHLD 7 663.664062 1567447383.9587
CHLD 8 10.875000 1567447383.9587
CHLD 9 10.945312 1567447383.9588
CHLD 10 11.082031 1567447383.9588
CHLD 11 11.046875 1567447383.9589
MEM 709.003906 1567447384.0593
CHLD 0 601.234375 1567447384.0971
CHLD 1 601.246094 1567447384.0972
CHLD 2 601.246094 1567447384.0973
CHLD 3 601.246094 1567447384.0973
CHLD 4 676.828125 1567447384.0974
CHLD 5 700.664062 1567447384.0974
CHLD 6 674.308594 1567447384.0975
CHLD 7 663.664062 1567447384.0975
CHLD 8 10.875000 1567447384.0976
CHLD 9 10.945312 1567447384.0977
CHLD 10 11.082031 1567447384.0977
CHLD 11 11.046875 1567447384.0978
MEM 709.003906 1567447384.1982
CHLD 0 601.234375 1567447384.2476
CHLD 1 601.246094 1567447384.2477
CHLD 2 601.246094 1567447384.2477
CHLD 3 601.246094 1567447384.2478
CHLD 4 676.828125 1567447384.2478
CHLD 5 700.664062 1567447384.2479
CHLD 6 674.308594 1567447384.2479
CHLD 7 663.664062 1567447384.2480
CHLD 8 10.875000 1567447384.2481
CHLD 9 10.945312 1567447384.2481
CHLD 10 11.082031 1567447384.2482
CHLD 11 11.046875 1567447384.2482
MEM 709.003906 1567447384.3493
CHLD 0 601.234375 1567447384.3806
CHLD 1 601.246094 1567447384.3806
CHLD 2 601.246094 1567447384.3807
CHLD 3 601.246094 1567447384.3807
CHLD 4 676.828125 1567447384.3808
CHLD 5 700.664062 1567447384.3808
CHLD 6 674.308594 1567447384.3809
CHLD 7 663.664062 1567447384.3809
CHLD 8 10.875000 1567447384.3810
CHLD 9 10.945312 1567447384.3811
CHLD 10 11.082031 1567447384.3811
CHLD 11 11.046875 1567447384.3812
MEM 709.003906 1567447384.4816
CHLD 0 601.234375 1567447384.5312
CHLD 1 601.246094 1567447384.5312
CHLD 2 601.246094 1567447384.5313
CHLD 3 601.246094 1567447384.5313
CHLD 4 677.085938 1567447384.5314
CHLD 5 700.664062 1567447384.5314
CHLD 6 674.308594 1567447384.5315
CHLD 7 663.664062 1567447384.5461
CHLD 8 10.875000 1567447384.5463
CHLD 9 10.945312 1567447384.5465
CHLD 10 11.082031 1567447384.5466
CHLD 11 11.046875 1567447384.5466
MEM 709.003906 1567447384.6471
CHLD 0 601.234375 1567447384.6782
CHLD 1 601.246094 1567447384.6783
CHLD 2 601.246094 1567447384.6783
CHLD 3 601.246094 1567447384.6784
CHLD 4 677.085938 1567447384.6784
CHLD 5 700.664062 1567447384.6785
CHLD 6 674.308594 1567447384.6786
CHLD 7 663.664062 1567447384.6786
CHLD 8 10.875000 1567447384.6787
CHLD 9 10.945312 1567447384.6787
CHLD 10 11.082031 1567447384.6788
CHLD 11 11.046875 1567447384.6788
MEM 709.003906 1567447384.7866
CHLD 0 601.234375 1567447384.9136
CHLD 1 601.246094 1567447384.9136
CHLD 2 601.246094 1567447384.9137
CHLD 3 601.246094 1567447384.9138
CHLD 4 677.085938 1567447384.9138
CHLD 5 700.664062 1567447384.9139
CHLD 6 674.308594 1567447384.9139
CHLD 7 663.664062 1567447384.9140
CHLD 8 10.875000 1567447384.9140
CHLD 9 10.945312 1567447384.9141
CHLD 10 11.082031 1567447384.9141
CHLD 11 11.046875 1567447384.9304
MEM 709.003906 1567447385.0310
CHLD 0 601.234375 1567447385.0619
CHLD 1 601.246094 1567447385.0619
CHLD 2 601.246094 1567447385.0620
CHLD 3 601.246094 1567447385.0621
CHLD 4 677.085938 1567447385.0621
CHLD 5 700.664062 1567447385.0622
CHLD 6 674.308594 1567447385.0701
CHLD 7 663.664062 1567447385.0701
CHLD 8 10.875000 1567447385.0702
CHLD 9 10.945312 1567447385.0702
CHLD 10 11.082031 1567447385.0702
CHLD 11 11.046875 1567447385.0703
MEM 709.003906 1567447385.1711
CHLD 0 601.234375 1567447385.2004
CHLD 1 601.246094 1567447385.2005
CHLD 2 601.246094 1567447385.2006
CHLD 3 601.246094 1567447385.2006
CHLD 4 677.085938 1567447385.2007
CHLD 5 700.664062 1567447385.2007
CHLD 6 674.308594 1567447385.2008
CHLD 7 663.664062 1567447385.2008
CHLD 8 10.875000 1567447385.2009
CHLD 9 10.945312 1567447385.2009
CHLD 10 11.082031 1567447385.2010
CHLD 11 11.046875 1567447385.2011
MEM 709.003906 1567447385.3015
CHLD 0 601.234375 1567447385.3419
CHLD 1 601.246094 1567447385.3420
CHLD 2 601.246094 1567447385.3421
CHLD 3 601.246094 1567447385.3421
CHLD 4 677.085938 1567447385.3422
CHLD 5 700.664062 1567447385.3423
CHLD 6 674.308594 1567447385.3423
CHLD 7 663.664062 1567447385.3424
CHLD 8 10.875000 1567447385.3425
CHLD 9 10.945312 1567447385.3425
CHLD 10 11.082031 1567447385.3426
CHLD 11 11.046875 1567447385.3426
MEM 709.003906 1567447385.4431
CHLD 0 601.234375 1567447385.4621
CHLD 1 601.246094 1567447385.4621
CHLD 2 601.246094 1567447385.4622
CHLD 3 601.246094 1567447385.4622
CHLD 4 677.085938 1567447385.4706
CHLD 5 700.664062 1567447385.4707
CHLD 6 674.308594 1567447385.4708
CHLD 7 663.664062 1567447385.4709
CHLD 8 10.875000 1567447385.4709
CHLD 9 10.945312 1567447385.4710
CHLD 10 11.082031 1567447385.4713
CHLD 11 11.046875 1567447385.4714
MEM 709.003906 1567447385.5718
CHLD 0 601.234375 1567447385.6141
CHLD 1 601.246094 1567447385.6142
CHLD 2 601.246094 1567447385.6143
CHLD 3 601.246094 1567447385.6144
CHLD 4 677.085938 1567447385.6144
CHLD 5 700.664062 1567447385.6145
CHLD 6 674.308594 1567447385.6146
CHLD 7 663.664062 1567447385.6147
CHLD 8 10.875000 1567447385.6147
CHLD 9 10.945312 1567447385.6148
CHLD 10 11.082031 1567447385.6148
CHLD 11 11.046875 1567447385.6149
MEM 709.003906 1567447385.7154
CHLD 0 601.234375 1567447385.7357
CHLD 1 601.246094 1567447385.7358
CHLD 2 601.246094 1567447385.7359
CHLD 3 601.246094 1567447385.7359
CHLD 4 677.085938 1567447385.7360
CHLD 5 700.664062 1567447385.7361
CHLD 6 674.308594 1567447385.7361
CHLD 7 663.664062 1567447385.7362
CHLD 8 10.875000 1567447385.7362
CHLD 9 10.945312 1567447385.7363
CHLD 10 11.082031 1567447385.7363
CHLD 11 11.046875 1567447385.7389
MEM 709.003906 1567447385.8393
CHLD 0 601.234375 1567447385.8700
CHLD 1 601.246094 1567447385.8701
CHLD 2 601.246094 1567447385.8701
CHLD 3 601.246094 1567447385.8702
CHLD 4 677.085938 1567447385.8702
CHLD 5 700.664062 1567447385.8703
CHLD 6 674.308594 1567447385.8704
CHLD 7 663.664062 1567447385.8704
CHLD 8 10.875000 1567447385.8705
CHLD 9 10.945312 1567447385.8705
CHLD 10 11.082031 1567447385.8706
CHLD 11 11.046875 1567447385.8707
MEM 709.003906 1567447385.9718
CHLD 0 601.234375 1567447386.0110
CHLD 1 601.246094 1567447386.0111
CHLD 2 601.246094 1567447386.0111
CHLD 3 601.246094 1567447386.0112
CHLD 4 677.085938 1567447386.0112
CHLD 5 700.664062 1567447386.0113
CHLD 6 674.308594 1567447386.0114
CHLD 7 663.664062 1567447386.0114
CHLD 8 10.875000 1567447386.0115
CHLD 9 10.945312 1567447386.0115
CHLD 10 11.082031 1567447386.0116
CHLD 11 11.046875 1567447386.0117
MEM 709.003906 1567447386.1122
CHLD 0 601.234375 1567447386.1521
CHLD 1 601.246094 1567447386.1522
CHLD 2 601.246094 1567447386.1523
CHLD 3 601.246094 1567447386.1523
CHLD 4 677.085938 1567447386.1524
CHLD 5 700.664062 1567447386.1524
CHLD 6 674.308594 1567447386.1525
CHLD 7 663.664062 1567447386.1526
CHLD 8 10.875000 1567447386.1526
CHLD 9 10.945312 1567447386.1527
CHLD 10 11.082031 1567447386.1527
CHLD 11 11.046875 1567447386.1528
MEM 709.003906 1567447386.2532
CHLD 0 601.234375 1567447386.3037
CHLD 1 601.246094 1567447386.3038
CHLD 2 601.246094 1567447386.3038
CHLD 3 601.246094 1567447386.3039
CHLD 4 677.085938 1567447386.3039
CHLD 5 700.664062 1567447386.3040
CHLD 6 674.308594 1567447386.3040
CHLD 7 663.664062 1567447386.3041
CHLD 8 10.875000 1567447386.3042
CHLD 9 10.945312 1567447386.3042
CHLD 10 11.082031 1567447386.3043
CHLD 11 11.046875 1567447386.3043
MEM 709.003906 1567447386.4048
CHLD 0 601.234375 1567447386.4201
CHLD 1 601.246094 1567447386.4202
CHLD 2 601.246094 1567447386.4202
CHLD 3 601.246094 1567447386.4203
CHLD 4 677.343750 1567447386.4410
CHLD 5 700.664062 1567447386.4411
CHLD 6 674.308594 1567447386.4412
CHLD 7 663.664062 1567447386.4412
CHLD 8 10.875000 1567447386.4413
CHLD 9 10.945312 1567447386.4413
CHLD 10 11.082031 1567447386.4414
CHLD 11 11.046875 1567447386.4415
MEM 709.003906 1567447386.5419
CHLD 0 601.234375 1567447386.5974
CHLD 1 601.246094 1567447386.5974
CHLD 2 601.246094 1567447386.5975
CHLD 3 601.246094 1567447386.5976
CHLD 4 677.601562 1567447386.5976
CHLD 5 700.664062 1567447386.5977
CHLD 6 674.308594 1567447386.5978
CHLD 7 663.664062 1567447386.5978
CHLD 8 10.875000 1567447386.5979
CHLD 9 10.945312 1567447386.5979
CHLD 10 11.082031 1567447386.5980
CHLD 11 11.046875 1567447386.5980
MEM 709.003906 1567447386.6992
CHLD 0 601.234375 1567447386.7368
CHLD 1 601.246094 1567447386.7369
CHLD 2 601.246094 1567447386.7369
CHLD 3 601.246094 1567447386.7370
CHLD 4 677.601562 1567447386.7371
CHLD 5 700.664062 1567447386.7371
CHLD 6 674.308594 1567447386.7372
CHLD 7 663.664062 1567447386.7372
CHLD 8 10.875000 1567447386.7373
CHLD 9 10.945312 1567447386.7373
CHLD 10 11.082031 1567447386.7374
CHLD 11 11.046875 1567447386.7375
MEM 709.003906 1567447386.8386
CHLD 0 601.234375 1567447386.8661
CHLD 1 601.246094 1567447386.8662
CHLD 2 601.246094 1567447386.8728
CHLD 3 601.246094 1567447386.8743
CHLD 4 677.601562 1567447386.8744
CHLD 5 700.664062 1567447386.8785
CHLD 6 674.308594 1567447386.8785
CHLD 7 663.664062 1567447386.8786
CHLD 8 10.875000 1567447386.8786
CHLD 9 10.945312 1567447386.8813
CHLD 10 11.082031 1567447386.8815
CHLD 11 11.046875 1567447386.8815
MEM 709.003906 1567447386.9820
CHLD 0 601.234375 1567447387.0340
CHLD 1 601.246094 1567447387.0340
CHLD 2 601.246094 1567447387.0341
CHLD 3 601.246094 1567447387.0342
CHLD 4 677.601562 1567447387.0342
CHLD 5 701.437500 1567447387.0545
CHLD 6 674.308594 1567447387.0546
CHLD 7 663.664062 1567447387.0547
CHLD 8 10.875000 1567447387.0547
CHLD 9 10.945312 1567447387.0548
CHLD 10 11.082031 1567447387.0549
CHLD 11 11.046875 1567447387.0549
MEM 709.003906 1567447387.1555
CHLD 0 601.234375 1567447387.2069
CHLD 1 601.246094 1567447387.2070
CHLD 2 601.246094 1567447387.2070
CHLD 3 601.246094 1567447387.2071
CHLD 4 677.601562 1567447387.2072
CHLD 5 701.437500 1567447387.2072
CHLD 6 674.308594 1567447387.2073
CHLD 7 663.664062 1567447387.2073
CHLD 8 10.875000 1567447387.2074
CHLD 9 10.945312 1567447387.2074
CHLD 10 11.082031 1567447387.2075
CHLD 11 11.046875 1567447387.2076
MEM 709.003906 1567447387.3080
CHLD 0 601.234375 1567447387.3240
CHLD 1 601.246094 1567447387.3241
CHLD 2 601.246094 1567447387.3241
CHLD 3 601.246094 1567447387.3242
CHLD 4 677.601562 1567447387.3242
CHLD 5 701.437500 1567447387.3243
CHLD 6 674.308594 1567447387.3244
CHLD 7 663.664062 1567447387.3244
CHLD 8 10.875000 1567447387.3245
CHLD 9 10.945312 1567447387.3245
CHLD 10 11.082031 1567447387.3246
CHLD 11 11.046875 1567447387.3246
MEM 709.003906 1567447387.4254
CHLD 0 601.234375 1567447387.4548
CHLD 1 601.246094 1567447387.4548
CHLD 2 601.246094 1567447387.4549
CHLD 3 601.246094 1567447387.4549
CHLD 4 677.601562 1567447387.4550
CHLD 5 701.437500 1567447387.4551
CHLD 6 674.308594 1567447387.4551
CHLD 7 663.664062 1567447387.4552
CHLD 8 10.875000 1567447387.4552
CHLD 9 10.945312 1567447387.4553
CHLD 10 11.082031 1567447387.4554
CHLD 11 11.046875 1567447387.4554
MEM 709.003906 1567447387.5559
CHLD 0 601.234375 1567447387.5967
CHLD 1 601.246094 1567447387.5967
CHLD 2 601.246094 1567447387.5968
CHLD 3 601.246094 1567447387.5968
CHLD 4 677.601562 1567447387.5969
CHLD 5 701.437500 1567447387.5970
CHLD 6 674.308594 1567447387.5970
CHLD 7 663.664062 1567447387.5971
CHLD 8 10.875000 1567447387.5971
CHLD 9 10.945312 1567447387.5972
CHLD 10 11.082031 1567447387.5972
CHLD 11 11.046875 1567447387.5973
MEM 709.003906 1567447387.6978
CHLD 0 601.234375 1567447387.7156
CHLD 1 601.246094 1567447387.7157
CHLD 2 601.246094 1567447387.7158
CHLD 3 601.246094 1567447387.7159
CHLD 4 677.601562 1567447387.7159
CHLD 5 701.437500 1567447387.7160
CHLD 6 674.308594 1567447387.7160
CHLD 7 663.664062 1567447387.7161
CHLD 8 10.875000 1567447387.7162
CHLD 9 10.945312 1567447387.7162
CHLD 10 11.082031 1567447387.7163
CHLD 11 11.046875 1567447387.7163
MEM 709.003906 1567447387.8168
CHLD 0 601.234375 1567447387.8409
CHLD 1 601.246094 1567447387.8409
CHLD 2 601.246094 1567447387.8410
CHLD 3 601.246094 1567447387.8410
CHLD 4 677.601562 1567447387.8411
CHLD 5 701.437500 1567447387.8412
CHLD 6 674.308594 1567447387.8412
CHLD 7 663.664062 1567447387.8413
CHLD 8 10.875000 1567447387.8413
CHLD 9 10.945312 1567447387.8414
CHLD 10 11.082031 1567447387.8414
CHLD 11 11.046875 1567447387.8415
MEM 709.003906 1567447387.9419
CHLD 0 601.234375 1567447387.9695
CHLD 1 601.246094 1567447387.9695
CHLD 2 601.246094 1567447387.9696
CHLD 3 601.246094 1567447387.9696
CHLD 4 677.601562 1567447387.9697
CHLD 5 701.437500 1567447387.9698
CHLD 6 674.308594 1567447387.9698
CHLD 7 663.664062 1567447387.9699
CHLD 8 10.875000 1567447387.9699
CHLD 9 10.945312 1567447387.9700
CHLD 10 11.082031 1567447387.9701
CHLD 11 11.046875 1567447387.9701
MEM 709.003906 1567447388.0705
CHLD 0 601.234375 1567447388.1002
CHLD 1 601.246094 1567447388.1002
CHLD 2 601.246094 1567447388.1003
CHLD 3 601.246094 1567447388.1004
CHLD 4 677.601562 1567447388.1004
CHLD 5 701.437500 1567447388.1005
CHLD 6 675.082031 1567447388.1005
CHLD 7 663.664062 1567447388.1006
CHLD 8 10.875000 1567447388.1006
CHLD 9 10.945312 1567447388.1007
CHLD 10 11.082031 1567447388.1008
CHLD 11 11.046875 1567447388.1008
MEM 709.003906 1567447388.2013
CHLD 0 601.234375 1567447388.2365
CHLD 1 601.246094 1567447388.2365
CHLD 2 601.246094 1567447388.2366
CHLD 3 601.246094 1567447388.2366
CHLD 4 677.601562 1567447388.2367
CHLD 5 701.437500 1567447388.2368
CHLD 6 675.082031 1567447388.2368
CHLD 7 663.664062 1567447388.2369
CHLD 8 10.875000 1567447388.2369
CHLD 9 10.945312 1567447388.2370
CHLD 10 11.082031 1567447388.2370
CHLD 11 11.046875 1567447388.2371
MEM 709.003906 1567447388.3377
CHLD 0 601.234375 1567447388.3739
CHLD 1 601.246094 1567447388.3739
CHLD 2 601.246094 1567447388.3740
CHLD 3 601.246094 1567447388.3741
CHLD 4 677.601562 1567447388.3741
CHLD 5 701.437500 1567447388.3742
CHLD 6 675.082031 1567447388.3742
CHLD 7 663.664062 1567447388.3743
CHLD 8 10.875000 1567447388.3744
CHLD 9 10.945312 1567447388.3750
CHLD 10 11.082031 1567447388.3751
CHLD 11 11.046875 1567447388.3751
MEM 709.003906 1567447388.4756
CHLD 0 601.234375 1567447388.4908
CHLD 1 601.246094 1567447388.4909
CHLD 2 601.246094 1567447388.4909
CHLD 3 601.246094 1567447388.4910
CHLD 4 677.601562 1567447388.4910
CHLD 5 701.437500 1567447388.4911
CHLD 6 675.082031 1567447388.4912
CHLD 7 663.664062 1567447388.4912
CHLD 8 10.875000 1567447388.4913
CHLD 9 10.945312 1567447388.4914
CHLD 10 11.082031 1567447388.4914
CHLD 11 11.046875 1567447388.4915
MEM 709.003906 1567447388.5920
CHLD 0 601.234375 1567447388.6360
CHLD 1 601.246094 1567447388.6362
CHLD 2 601.246094 1567447388.6363
CHLD 3 601.246094 1567447388.6363
CHLD 4 677.859375 1567447388.6364
CHLD 5 701.437500 1567447388.6365
CHLD 6 676.210938 1567447388.6365
CHLD 7 663.664062 1567447388.6366
CHLD 8 10.875000 1567447388.6366
CHLD 9 10.945312 1567447388.6367
CHLD 10 11.082031 1567447388.6368
CHLD 11 11.046875 1567447388.6368
MEM 709.003906 1567447388.7373
CHLD 0 601.234375 1567447388.7726
CHLD 1 601.246094 1567447388.7726
CHLD 2 601.246094 1567447388.7727
CHLD 3 601.246094 1567447388.7727
CHLD 4 677.859375 1567447388.7728
CHLD 5 701.437500 1567447388.7728
CHLD 6 676.210938 1567447388.7729
CHLD 7 663.664062 1567447388.7743
CHLD 8 10.875000 1567447388.7745
CHLD 9 10.945312 1567447388.7745
CHLD 10 11.082031 1567447388.7746
CHLD 11 11.046875 1567447388.7747
MEM 709.003906 1567447388.8751
CHLD 0 601.234375 1567447388.8916
CHLD 1 601.246094 1567447388.8916
CHLD 2 601.246094 1567447388.8917
CHLD 3 601.246094 1567447388.8918
CHLD 4 677.859375 1567447388.8918
CHLD 5 701.437500 1567447388.8919
CHLD 6 676.210938 1567447388.8919
CHLD 7 663.664062 1567447388.8920
CHLD 8 10.875000 1567447388.8921
CHLD 9 10.945312 1567447388.8921
CHLD 10 11.082031 1567447388.8922
CHLD 11 11.046875 1567447388.8922
MEM 709.003906 1567447388.9928
CHLD 0 601.234375 1567447389.0090
CHLD 1 601.246094 1567447389.0091
CHLD 2 601.246094 1567447389.0092
CHLD 3 601.246094 1567447389.0092
CHLD 4 677.859375 1567447389.0093
CHLD 5 701.437500 1567447389.0093
CHLD 6 676.210938 1567447389.0094
CHLD 7 663.664062 1567447389.0095
CHLD 8 10.875000 1567447389.0095
CHLD 9 10.945312 1567447389.0096
CHLD 10 11.082031 1567447389.0097
CHLD 11 11.046875 1567447389.0097
MEM 709.003906 1567447389.1109
CHLD 0 601.234375 1567447389.1508
CHLD 1 601.246094 1567447389.1509
CHLD 2 601.246094 1567447389.1509
CHLD 3 601.246094 1567447389.1509
CHLD 4 677.859375 1567447389.1510
CHLD 5 701.437500 1567447389.1510
CHLD 6 676.210938 1567447389.1510
CHLD 7 663.664062 1567447389.1511
CHLD 8 10.875000 1567447389.1511
CHLD 9 10.945312 1567447389.1511
CHLD 10 11.082031 1567447389.1512
CHLD 11 11.046875 1567447389.1512
MEM 709.003906 1567447389.2517
CHLD 0 601.234375 1567447389.2699
CHLD 1 601.246094 1567447389.2700
CHLD 2 601.246094 1567447389.2701
CHLD 3 601.246094 1567447389.2701
CHLD 4 677.859375 1567447389.2702
CHLD 5 701.437500 1567447389.2702
CHLD 6 676.210938 1567447389.2703
CHLD 7 663.664062 1567447389.2704
CHLD 8 10.875000 1567447389.2704
CHLD 9 10.945312 1567447389.2705
CHLD 10 11.082031 1567447389.2706
CHLD 11 11.046875 1567447389.2706
MEM 709.003906 1567447389.3746
CHLD 0 601.234375 1567447389.3891
CHLD 1 601.246094 1567447389.3892
CHLD 2 601.246094 1567447389.3893
CHLD 3 601.246094 1567447389.3894
CHLD 4 677.859375 1567447389.3894
CHLD 5 701.437500 1567447389.3895
CHLD 6 676.398438 1567447389.3895
CHLD 7 663.664062 1567447389.3896
CHLD 8 10.875000 1567447389.3897
CHLD 9 10.945312 1567447389.3900
CHLD 10 11.082031 1567447389.3900
CHLD 11 11.046875 1567447389.3901
MEM 709.003906 1567447389.4907
CHLD 0 601.234375 1567447389.5258
CHLD 1 601.246094 1567447389.5265
CHLD 2 601.246094 1567447389.5266
CHLD 3 601.246094 1567447389.5267
CHLD 4 677.859375 1567447389.5267
CHLD 5 701.437500 1567447389.5268
CHLD 6 676.730469 1567447389.5268
CHLD 7 663.664062 1567447389.5269
CHLD 8 10.875000 1567447389.5270
CHLD 9 10.945312 1567447389.5270
CHLD 10 11.082031 1567447389.5271
CHLD 11 11.046875 1567447389.5291
MEM 709.003906 1567447389.6296
CHLD 0 601.234375 1567447389.6453
CHLD 1 601.246094 1567447389.6454
CHLD 2 601.246094 1567447389.6454
CHLD 3 601.246094 1567447389.6455
CHLD 4 677.859375 1567447389.6456
CHLD 5 701.437500 1567447389.6456
CHLD 6 676.730469 1567447389.6457
CHLD 7 663.664062 1567447389.6457
CHLD 8 10.875000 1567447389.6458
CHLD 9 10.945312 1567447389.6459
CHLD 10 11.082031 1567447389.6459
CHLD 11 11.046875 1567447389.6460
MEM 709.003906 1567447389.7465
CHLD 0 601.234375 1567447389.7850
CHLD 1 601.246094 1567447389.7851
CHLD 2 601.246094 1567447389.7852
CHLD 3 601.246094 1567447389.7852
CHLD 4 678.722656 1567447389.7853
CHLD 5 701.437500 1567447389.7854
CHLD 6 677.246094 1567447389.7854
CHLD 7 663.664062 1567447389.7855
CHLD 8 10.875000 1567447389.7855
CHLD 9 10.945312 1567447389.7856
CHLD 10 11.082031 1567447389.7857
CHLD 11 11.046875 1567447389.7857
MEM 709.003906 1567447389.8861
CHLD 0 601.234375 1567447389.9306
CHLD 1 601.246094 1567447389.9307
CHLD 2 601.246094 1567447389.9308
CHLD 3 601.246094 1567447389.9376
CHLD 4 679.222656 1567447389.9377
CHLD 5 701.437500 1567447389.9378
CHLD 6 677.691406 1567447389.9378
CHLD 7 663.664062 1567447389.9379
CHLD 8 10.875000 1567447389.9380
CHLD 9 10.945312 1567447389.9380
CHLD 10 11.082031 1567447389.9381
CHLD 11 11.046875 1567447389.9382
MEM 709.003906 1567447390.0386
CHLD 0 601.234375 1567447390.0659
CHLD 1 601.246094 1567447390.0660
CHLD 2 601.246094 1567447390.0660
CHLD 3 601.246094 1567447390.0661
CHLD 4 679.738281 1567447390.0661
CHLD 5 701.437500 1567447390.0662
CHLD 6 678.433594 1567447390.0779
CHLD 7 664.210938 1567447390.0780
CHLD 8 10.875000 1567447390.0781
CHLD 9 10.945312 1567447390.0781
CHLD 10 11.082031 1567447390.0782
CHLD 11 11.046875 1567447390.0783
MEM 709.003906 1567447390.1788
CHLD 0 601.234375 1567447390.2161
CHLD 1 601.246094 1567447390.2161
CHLD 2 601.246094 1567447390.2162
CHLD 3 601.246094 1567447390.2163
CHLD 4 680.253906 1567447390.2163
CHLD 5 701.437500 1567447390.2164
CHLD 6 678.937500 1567447390.2164
CHLD 7 664.441406 1567447390.2165
CHLD 8 10.875000 1567447390.2166
CHLD 9 10.945312 1567447390.2166
CHLD 10 11.082031 1567447390.2167
CHLD 11 11.046875 1567447390.2167
MEM 709.003906 1567447390.3172
CHLD 0 601.234375 1567447390.3421
CHLD 1 601.246094 1567447390.3422
CHLD 2 601.246094 1567447390.3422
CHLD 3 601.246094 1567447390.3423
CHLD 4 680.722656 1567447390.3424
CHLD 5 701.437500 1567447390.3424
CHLD 6 679.414062 1567447390.3425
CHLD 7 664.699219 1567447390.3426
CHLD 8 10.875000 1567447390.3426
CHLD 9 10.945312 1567447390.3427
CHLD 10 11.082031 1567447390.3427
CHLD 11 11.046875 1567447390.3428
MEM 709.003906 1567447390.4432
CHLD 0 601.234375 1567447390.4681
CHLD 1 601.246094 1567447390.4682
CHLD 2 601.246094 1567447390.4682
CHLD 3 601.246094 1567447390.4683
CHLD 4 680.972656 1567447390.4684
CHLD 5 701.437500 1567447390.4684
CHLD 6 680.082031 1567447390.4685
CHLD 7 665.203125 1567447390.4685
CHLD 8 10.875000 1567447390.4686
CHLD 9 10.945312 1567447390.4687
CHLD 10 11.082031 1567447390.4687
CHLD 11 11.046875 1567447390.4688
MEM 709.003906 1567447390.5692
CHLD 0 601.234375 1567447390.5857
CHLD 1 601.246094 1567447390.5858
CHLD 2 601.246094 1567447390.5858
CHLD 3 601.246094 1567447390.5859
CHLD 4 681.472656 1567447390.5859
CHLD 5 701.437500 1567447390.5860
CHLD 6 680.082031 1567447390.5861
CHLD 7 665.703125 1567447390.5861
CHLD 8 10.875000 1567447390.5862
CHLD 9 10.945312 1567447390.5862
CHLD 10 11.082031 1567447390.5863
CHLD 11 11.046875 1567447390.5864
MEM 709.003906 1567447390.6868
CHLD 0 601.234375 1567447390.7032
CHLD 1 601.246094 1567447390.7033
CHLD 2 601.246094 1567447390.7033
CHLD 3 601.246094 1567447390.7034
CHLD 4 681.718750 1567447390.7034
CHLD 5 701.437500 1567447390.7035
CHLD 6 680.082031 1567447390.7036
CHLD 7 666.214844 1567447390.7036
CHLD 8 10.875000 1567447390.7037
CHLD 9 10.945312 1567447390.7037
CHLD 10 11.082031 1567447390.7038
CHLD 11 11.046875 1567447390.7039
MEM 709.003906 1567447390.8043
CHLD 0 601.234375 1567447390.8271
CHLD 1 601.246094 1567447390.8272
CHLD 2 601.246094 1567447390.8272
CHLD 3 601.246094 1567447390.8273
CHLD 4 682.222656 1567447390.8273
CHLD 5 701.437500 1567447390.8274
CHLD 6 680.082031 1567447390.8275
CHLD 7 666.703125 1567447390.8275
CHLD 8 10.875000 1567447390.8276
CHLD 9 10.945312 1567447390.8276
CHLD 10 11.082031 1567447390.8277
CHLD 11 11.046875 1567447390.8278
MEM 709.003906 1567447390.9282
CHLD 0 601.234375 1567447390.9443
CHLD 1 601.246094 1567447390.9444
CHLD 2 601.246094 1567447390.9444
CHLD 3 601.246094 1567447390.9445
CHLD 4 682.722656 1567447390.9446
CHLD 5 701.437500 1567447390.9446
CHLD 6 680.082031 1567447390.9447
CHLD 7 667.652344 1567447390.9447
CHLD 8 10.875000 1567447390.9448
CHLD 9 10.945312 1567447390.9448
CHLD 10 11.082031 1567447390.9449
CHLD 11 11.046875 1567447390.9450
MEM 709.003906 1567447391.0454
CHLD 0 601.234375 1567447391.1049
CHLD 1 601.246094 1567447391.1049
CHLD 2 601.246094 1567447391.1050
CHLD 3 601.246094 1567447391.1050
CHLD 4 683.722656 1567447391.1051
CHLD 5 701.437500 1567447391.1051
CHLD 6 680.082031 1567447391.1052
CHLD 7 667.652344 1567447391.1085
CHLD 8 10.875000 1567447391.1086
CHLD 9 10.945312 1567447391.1087
CHLD 10 11.082031 1567447391.1088
CHLD 11 11.046875 1567447391.1088
MEM 709.003906 1567447391.2092
CHLD 0 601.234375 1567447391.2438
CHLD 1 601.246094 1567447391.2439
CHLD 2 601.246094 1567447391.2439
CHLD 3 601.246094 1567447391.2440
CHLD 4 684.492188 1567447391.2441
CHLD 5 701.437500 1567447391.2441
CHLD 6 680.082031 1567447391.2442
CHLD 7 667.656250 1567447391.2442
CHLD 8 10.875000 1567447391.2443
CHLD 9 10.945312 1567447391.2444
CHLD 10 11.082031 1567447391.2444
CHLD 11 11.046875 1567447391.2445
MEM 709.003906 1567447391.3451
CHLD 0 601.234375 1567447391.3607
CHLD 1 601.246094 1567447391.3608
CHLD 2 601.246094 1567447391.3609
CHLD 3 601.246094 1567447391.3609
CHLD 4 684.894531 1567447391.3610
CHLD 5 701.437500 1567447391.3610
CHLD 6 680.082031 1567447391.3611
CHLD 7 667.656250 1567447391.3611
CHLD 8 10.875000 1567447391.3612
CHLD 9 10.945312 1567447391.3613
CHLD 10 11.082031 1567447391.3613
CHLD 11 11.046875 1567447391.3614
MEM 709.003906 1567447391.4622
CHLD 0 601.234375 1567447391.5029
CHLD 1 601.246094 1567447391.5030
CHLD 2 601.246094 1567447391.5030
CHLD 3 601.246094 1567447391.5031
CHLD 4 686.921875 1567447391.5032
CHLD 5 703.019531 1567447391.5032
CHLD 6 680.082031 1567447391.5033
CHLD 7 668.640625 1567447391.5033
CHLD 8 10.875000 1567447391.5034
CHLD 9 10.945312 1567447391.5035
CHLD 10 11.082031 1567447391.5035
CHLD 11 11.046875 1567447391.5036
MEM 709.003906 1567447391.6041
CHLD 0 601.234375 1567447391.6347
CHLD 1 601.246094 1567447391.6348
CHLD 2 601.246094 1567447391.6348
CHLD 3 601.246094 1567447391.6349
CHLD 4 688.468750 1567447391.6349
CHLD 5 703.261719 1567447391.6362
CHLD 6 680.082031 1567447391.6364
CHLD 7 674.000000 1567447391.6365
CHLD 8 10.875000 1567447391.6366
CHLD 9 10.945312 1567447391.6382
CHLD 10 11.082031 1567447391.6383
CHLD 11 11.046875 1567447391.6384
MEM 709.003906 1567447391.7388
CHLD 0 601.234375 1567447391.7840
CHLD 1 601.246094 1567447391.7840
CHLD 2 601.246094 1567447391.7841
CHLD 3 601.246094 1567447391.7841
CHLD 4 688.468750 1567447391.7842
CHLD 5 703.777344 1567447391.7843
CHLD 6 680.082031 1567447391.7843
CHLD 7 675.031250 1567447391.7844
CHLD 8 10.875000 1567447391.7844
CHLD 9 10.945312 1567447391.7845
CHLD 10 11.082031 1567447391.7846
CHLD 11 11.046875 1567447391.7846
MEM 709.003906 1567447391.8850
CHLD 0 601.234375 1567447391.9283
CHLD 1 601.246094 1567447391.9284
CHLD 2 601.246094 1567447391.9284
CHLD 3 601.246094 1567447391.9285
CHLD 4 688.726562 1567447391.9285
CHLD 5 704.035156 1567447391.9286
CHLD 6 680.082031 1567447391.9420
CHLD 7 675.031250 1567447391.9420
CHLD 8 10.875000 1567447391.9421
CHLD 9 10.945312 1567447391.9422
CHLD 10 11.082031 1567447391.9422
CHLD 11 11.046875 1567447391.9423
MEM 709.003906 1567447392.0429
CHLD 0 601.234375 1567447392.0685
CHLD 1 601.246094 1567447392.0685
CHLD 2 601.246094 1567447392.0686
CHLD 3 601.246094 1567447392.0686
CHLD 4 691.820312 1567447392.0687
CHLD 5 704.292969 1567447392.0687
CHLD 6 680.082031 1567447392.0688
CHLD 7 675.289062 1567447392.0688
CHLD 8 10.875000 1567447392.0689
CHLD 9 10.945312 1567447392.0689
CHLD 10 11.082031 1567447392.0689
CHLD 11 11.046875 1567447392.0690
MEM 709.003906 1567447392.1694
CHLD 0 601.234375 1567447392.2024
CHLD 1 601.246094 1567447392.2024
CHLD 2 601.246094 1567447392.2025
CHLD 3 601.246094 1567447392.2026
CHLD 4 691.820312 1567447392.2026
CHLD 5 704.839844 1567447392.2027
CHLD 6 680.082031 1567447392.2027
CHLD 7 675.289062 1567447392.2028
CHLD 8 10.875000 1567447392.2029
CHLD 9 10.945312 1567447392.2029
CHLD 10 11.082031 1567447392.2030
CHLD 11 11.046875 1567447392.2030
MEM 709.003906 1567447392.3036
CHLD 0 601.234375 1567447392.3375
CHLD 1 601.246094 1567447392.3376
CHLD 2 601.246094 1567447392.3376
CHLD 3 601.246094 1567447392.3492
CHLD 4 694.441406 1567447392.3521
CHLD 5 704.839844 1567447392.3578
CHLD 6 680.082031 1567447392.3579
CHLD 7 675.289062 1567447392.3580
CHLD 8 10.875000 1567447392.3580
CHLD 9 10.945312 1567447392.3581
CHLD 10 11.082031 1567447392.3582
CHLD 11 11.046875 1567447392.3582
MEM 709.003906 1567447392.4586
CHLD 0 601.234375 1567447392.4849
CHLD 1 601.246094 1567447392.4849
CHLD 2 601.246094 1567447392.4850
CHLD 3 601.246094 1567447392.4851
CHLD 4 699.878906 1567447392.4851
CHLD 5 705.320312 1567447392.4852
CHLD 6 680.082031 1567447392.4852
CHLD 7 675.289062 1567447392.4853
CHLD 8 10.875000 1567447392.4854
CHLD 9 10.945312 1567447392.4854
CHLD 10 11.082031 1567447392.4855
CHLD 11 11.046875 1567447392.4855
MEM 709.003906 1567447392.5860
CHLD 0 601.234375 1567447392.6138
CHLD 1 601.246094 1567447392.6139
CHLD 2 601.246094 1567447392.6139
CHLD 3 601.246094 1567447392.6140
CHLD 4 699.878906 1567447392.6140
CHLD 5 706.003906 1567447392.6141
CHLD 6 680.082031 1567447392.6142
CHLD 7 675.289062 1567447392.6142
CHLD 8 10.875000 1567447392.6144
CHLD 9 10.945312 1567447392.6144
CHLD 10 11.082031 1567447392.6145
CHLD 11 11.046875 1567447392.6146
MEM 709.003906 1567447392.7152
CHLD 0 601.234375 1567447392.7404
CHLD 1 601.246094 1567447392.7405
CHLD 2 601.246094 1567447392.7405
CHLD 3 601.246094 1567447392.7406
CHLD 4 700.910156 1567447392.7406
CHLD 5 706.277344 1567447392.7407
CHLD 6 680.082031 1567447392.7408
CHLD 7 675.289062 1567447392.7408
CHLD 8 10.875000 1567447392.7409
CHLD 9 10.945312 1567447392.7409
CHLD 10 11.082031 1567447392.7410
CHLD 11 11.046875 1567447392.7411
MEM 709.003906 1567447392.8415
CHLD 0 601.234375 1567447392.8816
CHLD 1 601.246094 1567447392.8817
CHLD 2 601.246094 1567447392.8817
CHLD 3 601.246094 1567447392.8817
CHLD 4 700.910156 1567447392.8818
CHLD 5 706.277344 1567447392.8818
CHLD 6 680.082031 1567447392.8819
CHLD 7 675.289062 1567447392.8820
CHLD 8 10.875000 1567447392.8820
CHLD 9 10.945312 1567447392.8821
CHLD 10 11.082031 1567447392.8822
CHLD 11 11.046875 1567447392.8896
MEM 709.003906 1567447392.9901
CHLD 0 601.234375 1567447393.0355
CHLD 1 601.246094 1567447393.0356
CHLD 2 601.246094 1567447393.0356
CHLD 3 601.246094 1567447393.0357
CHLD 4 700.910156 1567447393.0357
CHLD 5 706.277344 1567447393.0358
CHLD 6 680.082031 1567447393.0359
CHLD 7 675.289062 1567447393.0370
CHLD 8 10.875000 1567447393.0371
CHLD 9 10.945312 1567447393.0372
CHLD 10 11.082031 1567447393.0373
CHLD 11 11.046875 1567447393.0373
MEM 709.003906 1567447393.1382
CHLD 0 601.234375 1567447393.1756
CHLD 1 601.246094 1567447393.1757
CHLD 2 601.246094 1567447393.1757
CHLD 3 601.246094 1567447393.1758
CHLD 4 701.167969 1567447393.1759
CHLD 5 706.535156 1567447393.1759
CHLD 6 680.082031 1567447393.1760
CHLD 7 675.289062 1567447393.1760
CHLD 8 10.875000 1567447393.1761
CHLD 9 10.945312 1567447393.1762
CHLD 10 11.082031 1567447393.1762
CHLD 11 11.046875 1567447393.1763
MEM 709.003906 1567447393.2768
CHLD 0 601.234375 1567447393.3215
CHLD 1 601.246094 1567447393.3215
CHLD 2 601.246094 1567447393.3216
CHLD 3 601.246094 1567447393.3217
CHLD 4 701.167969 1567447393.3217
CHLD 5 706.535156 1567447393.3218
CHLD 6 680.082031 1567447393.3219
CHLD 7 675.289062 1567447393.3219
CHLD 8 10.875000 1567447393.3220
CHLD 9 10.945312 1567447393.3221
CHLD 10 11.082031 1567447393.3221
CHLD 11 11.046875 1567447393.3222
MEM 709.003906 1567447393.4226
CHLD 0 601.234375 1567447393.4591
CHLD 1 601.246094 1567447393.4591
CHLD 2 601.246094 1567447393.4592
CHLD 3 601.246094 1567447393.4592
CHLD 4 701.425781 1567447393.4664
CHLD 5 706.535156 1567447393.4665
CHLD 6 680.082031 1567447393.4666
CHLD 7 675.289062 1567447393.4667
CHLD 8 10.875000 1567447393.4667
CHLD 9 10.945312 1567447393.4668
CHLD 10 11.082031 1567447393.4669
CHLD 11 11.046875 1567447393.4669
MEM 709.003906 1567447393.5674
CHLD 0 601.234375 1567447393.6060
CHLD 1 601.246094 1567447393.6060
CHLD 2 601.246094 1567447393.6061
CHLD 3 601.246094 1567447393.6061
CHLD 4 701.425781 1567447393.6061
CHLD 5 706.535156 1567447393.6062
CHLD 6 680.082031 1567447393.6062
CHLD 7 675.289062 1567447393.6063
CHLD 8 10.875000 1567447393.6063
CHLD 9 10.945312 1567447393.6064
CHLD 10 11.082031 1567447393.6064
CHLD 11 11.046875 1567447393.6065
MEM 709.003906 1567447393.7069
CHLD 0 601.234375 1567447393.7548
CHLD 1 601.246094 1567447393.7549
CHLD 2 601.246094 1567447393.7549
CHLD 3 601.246094 1567447393.7549
CHLD 4 701.425781 1567447393.7550
CHLD 5 706.535156 1567447393.7550
CHLD 6 680.082031 1567447393.7550
CHLD 7 675.289062 1567447393.7551
CHLD 8 10.875000 1567447393.7551
CHLD 9 10.945312 1567447393.7551
CHLD 10 11.082031 1567447393.7552
CHLD 11 11.046875 1567447393.7552
MEM 709.003906 1567447393.8557
CHLD 0 601.234375 1567447393.8891
CHLD 1 601.246094 1567447393.8892
CHLD 2 601.246094 1567447393.8892
CHLD 3 601.246094 1567447393.8893
CHLD 4 701.425781 1567447393.8894
CHLD 5 706.535156 1567447393.8894
CHLD 6 680.082031 1567447393.8895
CHLD 7 675.289062 1567447393.8895
CHLD 8 10.875000 1567447393.8913
CHLD 9 10.945312 1567447393.8914
CHLD 10 11.082031 1567447393.8915
CHLD 11 11.046875 1567447393.8916
MEM 709.003906 1567447393.9922
CHLD 0 601.234375 1567447394.0173
CHLD 1 601.246094 1567447394.0174
CHLD 2 601.246094 1567447394.0174
CHLD 3 601.246094 1567447394.0175
CHLD 4 701.425781 1567447394.0176
CHLD 5 706.535156 1567447394.0176
CHLD 6 680.082031 1567447394.0177
CHLD 7 675.289062 1567447394.0177
CHLD 8 10.875000 1567447394.0178
CHLD 9 10.945312 1567447394.0179
CHLD 10 11.082031 1567447394.0179
CHLD 11 11.046875 1567447394.0180
MEM 709.003906 1567447394.1189
CHLD 0 601.234375 1567447394.1612
CHLD 1 601.246094 1567447394.1613
CHLD 2 601.246094 1567447394.1613
CHLD 3 601.246094 1567447394.1614
CHLD 4 701.425781 1567447394.1614
CHLD 5 706.535156 1567447394.1615
CHLD 6 680.082031 1567447394.1615
CHLD 7 675.289062 1567447394.1616
CHLD 8 10.875000 1567447394.1616
CHLD 9 10.945312 1567447394.1617
CHLD 10 11.082031 1567447394.1618
CHLD 11 11.046875 1567447394.1618
MEM 709.003906 1567447394.2623
CHLD 0 601.234375 1567447394.3161
CHLD 1 601.246094 1567447394.3162
CHLD 2 601.246094 1567447394.3162
CHLD 3 601.246094 1567447394.3163
CHLD 4 701.425781 1567447394.3164
CHLD 5 706.535156 1567447394.3164
CHLD 6 680.082031 1567447394.3166
CHLD 7 675.289062 1567447394.3167
CHLD 8 10.875000 1567447394.3167
CHLD 9 10.945312 1567447394.3168
CHLD 10 11.082031 1567447394.3169
CHLD 11 11.046875 1567447394.3169
MEM 709.003906 1567447394.4236
CHLD 0 601.234375 1567447394.4530
CHLD 1 601.246094 1567447394.4530
CHLD 2 601.246094 1567447394.4531
CHLD 3 601.246094 1567447394.4531
CHLD 4 701.941406 1567447394.4531
CHLD 5 706.535156 1567447394.4532
CHLD 6 680.082031 1567447394.4533
CHLD 7 675.289062 1567447394.4533
CHLD 8 10.875000 1567447394.4534
CHLD 9 10.945312 1567447394.4534
CHLD 10 11.082031 1567447394.4535
CHLD 11 11.046875 1567447394.4535
MEM 709.003906 1567447394.5539
CHLD 0 601.234375 1567447394.5872
CHLD 1 601.246094 1567447394.5873
CHLD 2 601.246094 1567447394.5873
CHLD 3 601.246094 1567447394.5874
CHLD 4 701.941406 1567447394.5875
CHLD 5 706.535156 1567447394.5875
CHLD 6 680.082031 1567447394.5876
CHLD 7 675.289062 1567447394.5877
CHLD 8 10.875000 1567447394.5877
CHLD 9 10.945312 1567447394.5878
CHLD 10 11.082031 1567447394.5878
CHLD 11 11.046875 1567447394.5879
MEM 709.003906 1567447394.6884
CHLD 0 601.234375 1567447394.7492
CHLD 1 601.246094 1567447394.7492
CHLD 2 601.246094 1567447394.7493
CHLD 3 601.246094 1567447394.7494
CHLD 4 701.941406 1567447394.7494
CHLD 5 706.535156 1567447394.7495
CHLD 6 680.082031 1567447394.7529
CHLD 7 675.289062 1567447394.7530
CHLD 8 10.875000 1567447394.7530
CHLD 9 10.945312 1567447394.7531
CHLD 10 11.082031 1567447394.7531
CHLD 11 11.046875 1567447394.7532
MEM 709.003906 1567447394.8538
CHLD 0 601.234375 1567447394.8823
CHLD 1 601.246094 1567447394.8824
CHLD 2 601.246094 1567447394.8825
CHLD 3 601.246094 1567447394.8825
CHLD 4 701.941406 1567447394.8826
CHLD 5 706.535156 1567447394.8826
CHLD 6 680.082031 1567447394.8827
CHLD 7 675.546875 1567447394.8827
CHLD 8 10.875000 1567447394.8828
CHLD 9 10.945312 1567447394.8828
CHLD 10 11.082031 1567447394.8829
CHLD 11 11.046875 1567447394.8848
MEM 709.003906 1567447394.9853
CHLD 0 601.234375 1567447395.0165
CHLD 1 601.246094 1567447395.0166
CHLD 2 601.246094 1567447395.0167
CHLD 3 601.246094 1567447395.0167
CHLD 4 701.941406 1567447395.0168
CHLD 5 706.535156 1567447395.0169
CHLD 6 680.082031 1567447395.0169
CHLD 7 675.546875 1567447395.0170
CHLD 8 10.875000 1567447395.0222
CHLD 9 10.945312 1567447395.0223
CHLD 10 11.082031 1567447395.0224
CHLD 11 11.046875 1567447395.0224
MEM 709.003906 1567447395.1228
CHLD 0 601.234375 1567447395.1541
CHLD 1 601.246094 1567447395.1542
CHLD 2 601.246094 1567447395.1542
CHLD 3 601.246094 1567447395.1543
CHLD 4 701.941406 1567447395.1544
CHLD 5 706.535156 1567447395.1699
CHLD 6 680.082031 1567447395.1701
CHLD 7 675.546875 1567447395.1701
CHLD 8 10.875000 1567447395.1702
CHLD 9 10.945312 1567447395.1703
CHLD 10 11.082031 1567447395.1703
CHLD 11 11.046875 1567447395.1704
MEM 709.003906 1567447395.2708
CHLD 0 601.234375 1567447395.3090
CHLD 1 601.246094 1567447395.3107
CHLD 2 601.246094 1567447395.3134
CHLD 3 601.246094 1567447395.3135
CHLD 4 701.941406 1567447395.3136
CHLD 5 706.535156 1567447395.3136
CHLD 6 680.082031 1567447395.3137
CHLD 7 675.546875 1567447395.3138
CHLD 8 10.875000 1567447395.3138
CHLD 9 10.945312 1567447395.3139
CHLD 10 11.082031 1567447395.3140
CHLD 11 11.046875 1567447395.3140
MEM 709.003906 1567447395.4145
CHLD 0 601.234375 1567447395.4310
CHLD 1 601.246094 1567447395.4311
CHLD 2 601.246094 1567447395.4311
CHLD 3 601.246094 1567447395.4312
CHLD 4 701.941406 1567447395.4313
CHLD 5 706.535156 1567447395.4313
CHLD 6 680.082031 1567447395.4314
CHLD 7 675.546875 1567447395.4314
CHLD 8 10.875000 1567447395.4315
CHLD 9 10.945312 1567447395.4315
CHLD 10 11.082031 1567447395.4316
CHLD 11 11.046875 1567447395.4316
MEM 709.003906 1567447395.5325
CHLD 0 601.234375 1567447395.5573
CHLD 1 601.246094 1567447395.5574
CHLD 2 601.246094 1567447395.5574
CHLD 3 601.246094 1567447395.5575
CHLD 4 701.941406 1567447395.5576
CHLD 5 706.535156 1567447395.5576
CHLD 6 680.082031 1567447395.5577
CHLD 7 675.546875 1567447395.5578
CHLD 8 10.875000 1567447395.5578
CHLD 9 10.945312 1567447395.5579
CHLD 10 11.082031 1567447395.5579
CHLD 11 11.046875 1567447395.5580
MEM 709.003906 1567447395.6585
CHLD 0 601.234375 1567447395.6928
CHLD 1 601.246094 1567447395.6928
CHLD 2 601.246094 1567447395.6929
CHLD 3 601.246094 1567447395.6929
CHLD 4 701.941406 1567447395.6930
CHLD 5 706.535156 1567447395.6931
CHLD 6 680.082031 1567447395.6977
CHLD 7 675.546875 1567447395.6978
CHLD 8 10.875000 1567447395.6978
CHLD 9 10.945312 1567447395.6979
CHLD 10 11.082031 1567447395.6980
CHLD 11 11.046875 1567447395.6980
MEM 709.003906 1567447395.7985
CHLD 0 601.234375 1567447395.8174
CHLD 1 601.246094 1567447395.8174
CHLD 2 601.246094 1567447395.8175
CHLD 3 601.246094 1567447395.8176
CHLD 4 702.199219 1567447395.8176
CHLD 5 706.535156 1567447395.8177
CHLD 6 680.082031 1567447395.8177
CHLD 7 675.546875 1567447395.8178
CHLD 8 10.875000 1567447395.8179
CHLD 9 10.945312 1567447395.8179
CHLD 10 11.082031 1567447395.8180
CHLD 11 11.046875 1567447395.8180
MEM 709.003906 1567447395.9185
CHLD 0 601.234375 1567447395.9558
CHLD 1 601.246094 1567447395.9558
CHLD 2 601.246094 1567447395.9559
CHLD 3 601.246094 1567447395.9559
CHLD 4 702.199219 1567447395.9560
CHLD 5 706.535156 1567447395.9561
CHLD 6 680.082031 1567447395.9561
CHLD 7 675.546875 1567447395.9562
CHLD 8 10.875000 1567447395.9562
CHLD 9 10.945312 1567447395.9563
CHLD 10 11.082031 1567447395.9564
CHLD 11 11.046875 1567447395.9651
MEM 709.003906 1567447396.0655
CHLD 0 601.234375 1567447396.0991
CHLD 1 601.246094 1567447396.0991
CHLD 2 601.246094 1567447396.0992
CHLD 3 601.246094 1567447396.0993
CHLD 4 702.199219 1567447396.0993
CHLD 5 706.535156 1567447396.0994
CHLD 6 680.082031 1567447396.0994
CHLD 7 675.546875 1567447396.0995
CHLD 8 10.875000 1567447396.0996
CHLD 9 10.945312 1567447396.0996
CHLD 10 11.082031 1567447396.0997
CHLD 11 11.046875 1567447396.0997
MEM 709.003906 1567447396.2001
CHLD 0 601.234375 1567447396.2297
CHLD 1 601.246094 1567447396.2298
CHLD 2 601.246094 1567447396.2299
CHLD 3 601.246094 1567447396.2299
CHLD 4 702.199219 1567447396.2300
CHLD 5 706.535156 1567447396.2300
CHLD 6 680.082031 1567447396.2301
CHLD 7 675.546875 1567447396.2301
CHLD 8 10.875000 1567447396.2302
CHLD 9 10.945312 1567447396.2302
CHLD 10 11.082031 1567447396.2303
CHLD 11 11.046875 1567447396.2304
MEM 709.003906 1567447396.3308
CHLD 0 601.234375 1567447396.3746
CHLD 1 601.246094 1567447396.3747
CHLD 2 601.246094 1567447396.3747
CHLD 3 601.246094 1567447396.3748
CHLD 4 702.457031 1567447396.3784
CHLD 5 706.535156 1567447396.3785
CHLD 6 680.082031 1567447396.3786
CHLD 7 675.546875 1567447396.3786
CHLD 8 10.875000 1567447396.3787
CHLD 9 10.945312 1567447396.3790
CHLD 10 11.082031 1567447396.3790
CHLD 11 11.046875 1567447396.3791
MEM 709.003906 1567447396.4796
CHLD 0 601.234375 1567447396.5386
CHLD 1 601.246094 1567447396.5386
CHLD 2 601.246094 1567447396.5387
CHLD 3 601.246094 1567447396.5388
CHLD 4 703.230469 1567447396.5388
CHLD 5 706.535156 1567447396.5389
CHLD 6 680.082031 1567447396.5389
CHLD 7 675.546875 1567447396.5390
CHLD 8 10.875000 1567447396.5391
CHLD 9 10.945312 1567447396.5391
CHLD 10 11.082031 1567447396.5392
CHLD 11 11.046875 1567447396.5392
MEM 709.003906 1567447396.6396
CHLD 0 601.234375 1567447396.6957
CHLD 1 601.246094 1567447396.6958
CHLD 2 601.246094 1567447396.6959
CHLD 3 601.246094 1567447396.6959
CHLD 4 704.777344 1567447396.6960
CHLD 5 706.535156 1567447396.6961
CHLD 6 680.082031 1567447396.6961
CHLD 7 675.546875 1567447396.6962
CHLD 8 10.875000 1567447396.6963
CHLD 9 10.945312 1567447396.6963
CHLD 10 11.082031 1567447396.6964
CHLD 11 11.046875 1567447396.6965
MEM 709.003906 1567447396.7971
CHLD 0 601.234375 1567447396.8269
CHLD 1 601.246094 1567447396.8270
CHLD 2 601.246094 1567447396.8271
CHLD 3 601.246094 1567447396.8271
CHLD 4 704.777344 1567447396.8272
CHLD 5 706.535156 1567447396.8273
CHLD 6 680.082031 1567447396.8273
CHLD 7 675.546875 1567447396.8274
CHLD 8 10.875000 1567447396.8274
CHLD 9 10.945312 1567447396.8275
CHLD 10 11.082031 1567447396.8276
CHLD 11 11.046875 1567447396.8276
MEM 709.003906 1567447396.9306
CHLD 0 601.234375 1567447397.0146
CHLD 1 601.246094 1567447397.0147
CHLD 2 601.246094 1567447397.0211
CHLD 3 601.246094 1567447397.0213
CHLD 4 704.777344 1567447397.0213
CHLD 5 706.535156 1567447397.0214
CHLD 6 680.082031 1567447397.0214
CHLD 7 675.546875 1567447397.0215
CHLD 8 10.875000 1567447397.0215
CHLD 9 10.945312 1567447397.0216
CHLD 10 11.082031 1567447397.0216
CHLD 11 11.046875 1567447397.0217
MEM 709.003906 1567447397.1221
CHLD 0 601.234375 1567447397.1359
CHLD 1 601.246094 1567447397.1360
CHLD 2 601.246094 1567447397.1360
CHLD 3 601.246094 1567447397.1361
CHLD 4 704.777344 1567447397.1361
CHLD 5 706.535156 1567447397.1362
CHLD 6 680.082031 1567447397.1363
CHLD 7 675.546875 1567447397.1363
CHLD 8 10.875000 1567447397.1364
CHLD 9 10.945312 1567447397.1364
CHLD 10 11.082031 1567447397.1365
CHLD 11 11.046875 1567447397.1366
MEM 709.003906 1567447397.2382
CHLD 0 601.234375 1567447397.3106
CHLD 1 601.246094 1567447397.3107
CHLD 2 601.246094 1567447397.3107
CHLD 3 601.246094 1567447397.3108
CHLD 4 704.777344 1567447397.3108
CHLD 5 706.535156 1567447397.3109
CHLD 6 680.082031 1567447397.3110
CHLD 7 675.546875 1567447397.3110
CHLD 8 10.875000 1567447397.3111
CHLD 9 10.945312 1567447397.3111
CHLD 10 11.082031 1567447397.3112
CHLD 11 11.046875 1567447397.3113
MEM 709.003906 1567447397.4117
CHLD 0 601.234375 1567447397.4511
CHLD 1 601.246094 1567447397.4511
CHLD 2 601.246094 1567447397.4512
CHLD 3 601.246094 1567447397.4513
CHLD 4 704.777344 1567447397.4513
CHLD 5 706.535156 1567447397.4570
CHLD 6 680.082031 1567447397.4571
CHLD 7 675.546875 1567447397.4571
CHLD 8 10.875000 1567447397.4572
CHLD 9 10.945312 1567447397.4573
CHLD 10 11.082031 1567447397.4573
CHLD 11 11.046875 1567447397.4574
MEM 709.003906 1567447397.5581
CHLD 0 601.234375 1567447397.6087
CHLD 1 601.246094 1567447397.6088
CHLD 2 601.246094 1567447397.6088
CHLD 3 601.246094 1567447397.6089
CHLD 4 704.777344 1567447397.6090
CHLD 5 706.535156 1567447397.6090
CHLD 6 680.082031 1567447397.6091
CHLD 7 675.546875 1567447397.6092
CHLD 8 10.875000 1567447397.6092
CHLD 9 10.945312 1567447397.6093
CHLD 10 11.082031 1567447397.6094
CHLD 11 11.046875 1567447397.6094
MEM 709.003906 1567447397.7099
CHLD 0 601.234375 1567447397.7255
CHLD 1 601.246094 1567447397.7256
CHLD 2 601.246094 1567447397.7256
CHLD 3 601.246094 1567447397.7257
CHLD 4 704.777344 1567447397.7257
CHLD 5 706.535156 1567447397.7258
CHLD 6 680.082031 1567447397.7258
CHLD 7 675.546875 1567447397.7259
CHLD 8 10.875000 1567447397.7259
CHLD 9 10.945312 1567447397.7260
CHLD 10 11.082031 1567447397.7260
CHLD 11 11.046875 1567447397.7261
MEM 709.003906 1567447397.8274
CHLD 0 601.234375 1567447397.8874
CHLD 1 601.246094 1567447397.8874
CHLD 2 601.246094 1567447397.8875
CHLD 3 601.246094 1567447397.8876
CHLD 4 704.777344 1567447397.8876
CHLD 5 706.535156 1567447397.8877
CHLD 6 680.082031 1567447397.8878
CHLD 7 675.546875 1567447397.8878
CHLD 8 10.875000 1567447397.8879
CHLD 9 10.945312 1567447397.8879
CHLD 10 11.082031 1567447397.8880
CHLD 11 11.046875 1567447397.8881
MEM 709.003906 1567447397.9892
CHLD 0 601.234375 1567447398.0431
CHLD 1 601.246094 1567447398.0431
CHLD 2 601.246094 1567447398.0432
CHLD 3 601.246094 1567447398.0432
CHLD 4 704.777344 1567447398.0433
CHLD 5 706.535156 1567447398.0434
CHLD 6 680.082031 1567447398.0434
CHLD 7 675.546875 1567447398.0435
CHLD 8 10.875000 1567447398.0435
CHLD 9 10.945312 1567447398.0455
CHLD 10 11.082031 1567447398.0456
CHLD 11 11.046875 1567447398.0457
MEM 709.003906 1567447398.1476
CHLD 0 601.234375 1567447398.1803
CHLD 1 601.246094 1567447398.1804
CHLD 2 601.246094 1567447398.1804
CHLD 3 601.246094 1567447398.1805
CHLD 4 705.292969 1567447398.1806
CHLD 5 706.535156 1567447398.1806
CHLD 6 680.082031 1567447398.1807
CHLD 7 675.546875 1567447398.1808
CHLD 8 10.875000 1567447398.1808
CHLD 9 10.945312 1567447398.1809
CHLD 10 11.082031 1567447398.1809
CHLD 11 11.046875 1567447398.1810
MEM 709.003906 1567447398.2815
CHLD 0 601.234375 1567447398.3173
CHLD 1 601.246094 1567447398.3174
CHLD 2 601.246094 1567447398.3175
CHLD 3 601.246094 1567447398.3175
CHLD 4 705.292969 1567447398.3176
CHLD 5 706.535156 1567447398.3176
CHLD 6 680.082031 1567447398.3177
CHLD 7 675.546875 1567447398.3177
CHLD 8 10.875000 1567447398.3178
CHLD 9 10.945312 1567447398.3178
CHLD 10 11.082031 1567447398.3179
CHLD 11 11.046875 1567447398.3179
MEM 709.003906 1567447398.4184
CHLD 0 601.234375 1567447398.4484
CHLD 1 601.246094 1567447398.4484
CHLD 2 601.246094 1567447398.4485
CHLD 3 601.246094 1567447398.4485
CHLD 4 705.292969 1567447398.4628
CHLD 5 706.535156 1567447398.4629
CHLD 6 680.082031 1567447398.4629
CHLD 7 675.546875 1567447398.4630
CHLD 8 10.875000 1567447398.4631
CHLD 9 10.945312 1567447398.4631
CHLD 10 11.082031 1567447398.4632
CHLD 11 11.046875 1567447398.4633
MEM 709.003906 1567447398.5637
CHLD 0 601.234375 1567447398.5833
CHLD 1 601.246094 1567447398.5834
CHLD 2 601.246094 1567447398.5834
CHLD 3 601.246094 1567447398.5835
CHLD 4 705.292969 1567447398.5836
CHLD 5 706.535156 1567447398.5836
CHLD 6 680.082031 1567447398.5837
CHLD 7 675.546875 1567447398.6191
CHLD 8 10.875000 1567447398.6192
CHLD 9 10.945312 1567447398.6193
CHLD 10 11.082031 1567447398.6193
CHLD 11 11.046875 1567447398.6194
MEM 709.003906 1567447398.7198
CHLD 0 601.234375 1567447398.7413
CHLD 1 601.246094 1567447398.7413
CHLD 2 601.246094 1567447398.7414
CHLD 3 601.246094 1567447398.7415
CHLD 4 705.292969 1567447398.7415
CHLD 5 706.535156 1567447398.7416
CHLD 6 680.082031 1567447398.7417
CHLD 7 675.546875 1567447398.7417
CHLD 8 10.875000 1567447398.7418
CHLD 9 10.945312 1567447398.7419
CHLD 10 11.082031 1567447398.7419
CHLD 11 11.046875 1567447398.7420
MEM 709.003906 1567447398.8425
CHLD 0 601.234375 1567447398.9174
CHLD 1 601.246094 1567447398.9175
CHLD 2 601.246094 1567447398.9176
CHLD 3 601.246094 1567447398.9176
CHLD 4 705.292969 1567447398.9177
CHLD 5 706.535156 1567447398.9178
CHLD 6 680.082031 1567447398.9179
CHLD 7 675.546875 1567447398.9179
CHLD 8 10.875000 1567447398.9180
CHLD 9 10.945312 1567447398.9181
CHLD 10 11.082031 1567447398.9181
CHLD 11 11.046875 1567447398.9182
MEM 709.003906 1567447399.0186
CHLD 0 601.234375 1567447399.0914
CHLD 1 601.246094 1567447399.0915
CHLD 2 601.246094 1567447399.0928
CHLD 3 601.246094 1567447399.0984
CHLD 4 705.292969 1567447399.0985
CHLD 5 706.535156 1567447399.0986
CHLD 6 680.082031 1567447399.0987
CHLD 7 675.546875 1567447399.0987
CHLD 8 10.875000 1567447399.1007
CHLD 9 10.945312 1567447399.1009
CHLD 10 11.082031 1567447399.1010
CHLD 11 11.046875 1567447399.1010
MEM 709.003906 1567447399.2015
CHLD 0 601.234375 1567447399.2381
CHLD 1 601.246094 1567447399.2381
CHLD 2 601.246094 1567447399.2382
CHLD 3 601.246094 1567447399.2382
CHLD 4 705.292969 1567447399.2382
CHLD 5 706.535156 1567447399.2383
CHLD 6 680.082031 1567447399.2384
CHLD 7 675.546875 1567447399.2385
CHLD 8 10.875000 1567447399.2385
CHLD 9 10.945312 1567447399.2386
CHLD 10 11.082031 1567447399.2387
CHLD 11 11.046875 1567447399.2387
MEM 709.003906 1567447399.3433
CHLD 0 601.234375 1567447399.3733
CHLD 1 601.246094 1567447399.3734
CHLD 2 601.246094 1567447399.3735
CHLD 3 601.246094 1567447399.3735
CHLD 4 705.292969 1567447399.3736
CHLD 5 706.535156 1567447399.3736
CHLD 6 680.082031 1567447399.3737
CHLD 7 675.546875 1567447399.3738
CHLD 8 10.875000 1567447399.3738
CHLD 9 10.945312 1567447399.3739
CHLD 10 11.082031 1567447399.3739
CHLD 11 11.046875 1567447399.3740
MEM 709.003906 1567447399.4745
CHLD 0 601.234375 1567447399.5168
CHLD 1 601.246094 1567447399.5169
CHLD 2 601.246094 1567447399.5169
CHLD 3 601.246094 1567447399.5170
CHLD 4 705.292969 1567447399.5170
CHLD 5 706.535156 1567447399.5171
CHLD 6 680.082031 1567447399.5172
CHLD 7 675.546875 1567447399.5172
CHLD 8 10.875000 1567447399.5179
CHLD 9 10.945312 1567447399.5180
CHLD 10 11.082031 1567447399.5180
CHLD 11 11.046875 1567447399.5197
MEM 709.003906 1567447399.6202
CHLD 0 601.234375 1567447399.6588
CHLD 1 601.246094 1567447399.6588
CHLD 2 601.246094 1567447399.6589
CHLD 3 601.246094 1567447399.6590
CHLD 4 705.292969 1567447399.6590
CHLD 5 706.535156 1567447399.6591
CHLD 6 680.082031 1567447399.6592
CHLD 7 675.546875 1567447399.6592
CHLD 8 10.875000 1567447399.6593
CHLD 9 10.945312 1567447399.6593
CHLD 10 11.082031 1567447399.6594
CHLD 11 11.046875 1567447399.6595
MEM 709.003906 1567447399.7602
CHLD 0 601.234375 1567447399.8058
CHLD 1 601.246094 1567447399.8059
CHLD 2 601.246094 1567447399.8060
CHLD 3 601.246094 1567447399.8060
CHLD 4 705.292969 1567447399.8061
CHLD 5 706.535156 1567447399.8061
CHLD 6 680.082031 1567447399.8062
CHLD 7 675.804688 1567447399.8063
CHLD 8 10.875000 1567447399.8063
CHLD 9 10.945312 1567447399.8064
CHLD 10 11.082031 1567447399.8065
CHLD 11 11.046875 1567447399.8065
MEM 709.003906 1567447399.9070
CHLD 0 601.234375 1567447399.9435
CHLD 1 601.246094 1567447399.9435
CHLD 2 601.246094 1567447399.9436
CHLD 3 601.246094 1567447399.9437
CHLD 4 705.292969 1567447399.9437
CHLD 5 706.535156 1567447399.9438
CHLD 6 680.082031 1567447399.9438
CHLD 7 675.804688 1567447399.9439
CHLD 8 10.875000 1567447399.9439
CHLD 9 10.945312 1567447399.9440
CHLD 10 11.082031 1567447399.9441
CHLD 11 11.046875 1567447399.9441
MEM 709.003906 1567447400.0445
CHLD 0 601.234375 1567447400.1096
CHLD 1 601.246094 1567447400.1097
CHLD 2 601.246094 1567447400.1097
CHLD 3 601.246094 1567447400.1098
CHLD 4 705.292969 1567447400.1098
CHLD 5 706.535156 1567447400.1099
CHLD 6 680.082031 1567447400.1099
CHLD 7 675.804688 1567447400.1099
CHLD 8 10.875000 1567447400.1100
CHLD 9 10.945312 1567447400.1100
CHLD 10 11.082031 1567447400.1100
CHLD 11 11.046875 1567447400.1101
MEM 709.003906 1567447400.2106
CHLD 0 601.234375 1567447400.2785
CHLD 1 601.246094 1567447400.2786
CHLD 2 601.246094 1567447400.2786
CHLD 3 601.246094 1567447400.2787
CHLD 4 705.292969 1567447400.2788
CHLD 5 706.535156 1567447400.2788
CHLD 6 680.082031 1567447400.2789
CHLD 7 675.804688 1567447400.2789
CHLD 8 10.875000 1567447400.2790
CHLD 9 10.945312 1567447400.2790
CHLD 10 11.082031 1567447400.2791
CHLD 11 11.046875 1567447400.2791
MEM 709.003906 1567447400.3797
CHLD 0 601.234375 1567447400.4412
CHLD 1 601.246094 1567447400.4413
CHLD 2 601.246094 1567447400.4414
CHLD 3 601.246094 1567447400.4414
CHLD 4 705.292969 1567447400.4415
CHLD 5 706.535156 1567447400.4415
CHLD 6 680.082031 1567447400.4416
CHLD 7 675.804688 1567447400.4417
CHLD 8 10.875000 1567447400.4417
CHLD 9 10.945312 1567447400.4418
CHLD 10 11.082031 1567447400.4418
CHLD 11 11.046875 1567447400.4419
MEM 709.003906 1567447400.5424
CHLD 0 601.234375 1567447400.5738
CHLD 1 601.246094 1567447400.5738
CHLD 2 601.246094 1567447400.5739
CHLD 3 601.246094 1567447400.5739
CHLD 4 705.292969 1567447400.5740
CHLD 5 706.535156 1567447400.5740
CHLD 6 680.082031 1567447400.5741
CHLD 7 675.804688 1567447400.5741
CHLD 8 10.875000 1567447400.5742
CHLD 9 10.945312 1567447400.5743
CHLD 10 11.082031 1567447400.5743
CHLD 11 11.046875 1567447400.5744
MEM 709.003906 1567447400.6749
CHLD 0 601.234375 1567447400.6970
CHLD 1 601.246094 1567447400.6971
CHLD 2 601.246094 1567447400.6971
CHLD 3 601.246094 1567447400.6972
CHLD 4 705.292969 1567447400.6973
CHLD 5 706.535156 1567447400.6973
CHLD 6 680.082031 1567447400.6974
CHLD 7 675.804688 1567447400.6974
CHLD 8 10.875000 1567447400.6975
CHLD 9 10.945312 1567447400.6976
CHLD 10 11.082031 1567447400.6976
CHLD 11 11.046875 1567447400.6977
MEM 709.003906 1567447400.7981
CHLD 0 601.234375 1567447400.8326
CHLD 1 601.246094 1567447400.8327
CHLD 2 601.246094 1567447400.8327
CHLD 3 601.246094 1567447400.8328
CHLD 4 705.292969 1567447400.8328
CHLD 5 706.535156 1567447400.8329
CHLD 6 680.082031 1567447400.8329
CHLD 7 675.804688 1567447400.8330
CHLD 8 10.875000 1567447400.8330
CHLD 9 10.945312 1567447400.8331
CHLD 10 11.082031 1567447400.8331
CHLD 11 11.046875 1567447400.8332
MEM 709.003906 1567447400.9422
CHLD 0 601.234375 1567447400.9796
CHLD 1 601.246094 1567447400.9797
CHLD 2 601.246094 1567447400.9797
CHLD 3 601.246094 1567447400.9798
CHLD 4 705.292969 1567447400.9799
CHLD 5 706.535156 1567447400.9799
CHLD 6 680.082031 1567447400.9800
CHLD 7 675.804688 1567447400.9800
CHLD 8 10.875000 1567447400.9801
CHLD 9 10.945312 1567447400.9801
CHLD 10 11.082031 1567447400.9802
CHLD 11 11.046875 1567447400.9802
MEM 709.003906 1567447401.0877
CHLD 0 601.234375 1567447401.1370
CHLD 1 601.246094 1567447401.1371
CHLD 2 601.246094 1567447401.1372
CHLD 3 601.246094 1567447401.1372
CHLD 4 705.292969 1567447401.1373
CHLD 5 706.535156 1567447401.1374
CHLD 6 680.082031 1567447401.1374
CHLD 7 675.804688 1567447401.1375
CHLD 8 10.875000 1567447401.1376
CHLD 9 10.945312 1567447401.1376
CHLD 10 11.082031 1567447401.1377
CHLD 11 11.046875 1567447401.1378
MEM 709.003906 1567447401.2394
CHLD 0 601.234375 1567447401.2828
CHLD 1 601.246094 1567447401.2828
CHLD 2 601.246094 1567447401.2829
CHLD 3 601.246094 1567447401.2830
CHLD 4 705.292969 1567447401.2830
CHLD 5 706.535156 1567447401.2831
CHLD 6 680.082031 1567447401.2831
CHLD 7 675.804688 1567447401.2832
CHLD 8 10.875000 1567447401.2832
CHLD 9 10.945312 1567447401.2833
CHLD 10 11.082031 1567447401.2834
CHLD 11 11.046875 1567447401.2834
MEM 709.003906 1567447401.3839
CHLD 0 601.234375 1567447401.4066
CHLD 1 601.246094 1567447401.4066
CHLD 2 601.246094 1567447401.4067
CHLD 3 601.246094 1567447401.4067
CHLD 4 705.292969 1567447401.4068
CHLD 5 706.535156 1567447401.4069
CHLD 6 680.082031 1567447401.4069
CHLD 7 675.804688 1567447401.4070
CHLD 8 10.875000 1567447401.4070
CHLD 9 10.945312 1567447401.4071
CHLD 10 11.082031 1567447401.4071
CHLD 11 11.046875 1567447401.4072
MEM 709.003906 1567447401.5076
CHLD 0 601.234375 1567447401.5414
CHLD 1 601.246094 1567447401.5415
CHLD 2 601.246094 1567447401.5415
CHLD 3 601.246094 1567447401.5416
CHLD 4 705.292969 1567447401.5417
CHLD 5 706.535156 1567447401.5417
CHLD 6 0.000000 1567447401.5418
CHLD 7 675.804688 1567447401.5418
CHLD 8 10.875000 1567447401.5419
CHLD 9 10.945312 1567447401.5419
CHLD 10 11.082031 1567447401.5420
CHLD 11 11.046875 1567447401.5420
MEM 709.003906 1567447401.6425
CHLD 0 601.234375 1567447401.6558
CHLD 1 601.246094 1567447401.6559
CHLD 2 601.246094 1567447401.6560
CHLD 3 601.246094 1567447401.6560
CHLD 4 705.292969 1567447401.6561
CHLD 5 706.535156 1567447401.6561
CHLD 6 0.000000 1567447401.6562
CHLD 7 675.804688 1567447401.6563
CHLD 8 10.875000 1567447401.6563
CHLD 9 11.082031 1567447401.6564
CHLD 10 11.046875 1567447401.6564
MEM 709.003906 1567447401.7577
CHLD 0 601.234375 1567447401.7962
CHLD 1 601.246094 1567447401.7963
CHLD 2 601.246094 1567447401.7984
CHLD 3 601.246094 1567447401.7985
CHLD 4 705.292969 1567447401.7985
CHLD 5 706.535156 1567447401.7986
CHLD 6 0.000000 1567447401.7986
CHLD 7 675.804688 1567447401.7986
CHLD 8 10.875000 1567447401.7987
CHLD 9 11.082031 1567447401.7987
CHLD 10 11.046875 1567447401.7988
MEM 709.003906 1567447401.8992
CHLD 0 601.234375 1567447401.9174
CHLD 1 601.246094 1567447401.9175
CHLD 2 601.246094 1567447401.9175
CHLD 3 601.246094 1567447401.9176
CHLD 4 705.292969 1567447401.9177
CHLD 5 706.535156 1567447401.9177
CHLD 6 0.000000 1567447401.9178
CHLD 7 0.000000 1567447401.9178
CHLD 8 10.875000 1567447401.9179
CHLD 9 11.082031 1567447401.9180
CHLD 10 11.046875 1567447401.9180
MEM 709.003906 1567447402.0185
CHLD 0 601.234375 1567447402.0358
CHLD 1 601.246094 1567447402.0359
CHLD 2 601.246094 1567447402.0360
CHLD 3 601.246094 1567447402.0360
CHLD 4 705.292969 1567447402.0361
CHLD 5 706.535156 1567447402.0361
CHLD 6 0.000000 1567447402.0361
CHLD 7 0.000000 1567447402.0362
CHLD 8 11.082031 1567447402.0363
CHLD 9 11.046875 1567447402.0363
MEM 709.003906 1567447402.1367
CHLD 0 601.234375 1567447402.1668
CHLD 1 601.246094 1567447402.1669
CHLD 2 601.246094 1567447402.1692
CHLD 3 601.246094 1567447402.1693
CHLD 4 705.292969 1567447402.1694
CHLD 5 706.535156 1567447402.1694
CHLD 6 0.000000 1567447402.1695
CHLD 7 0.000000 1567447402.1695
CHLD 8 11.082031 1567447402.1696
CHLD 9 11.046875 1567447402.1697
MEM 709.003906 1567447402.2701
CHLD 0 601.234375 1567447402.2843
CHLD 1 601.246094 1567447402.2844
CHLD 2 601.246094 1567447402.2844
CHLD 3 601.246094 1567447402.2845
CHLD 4 705.292969 1567447402.2846
CHLD 5 706.535156 1567447402.2846
CHLD 6 0.000000 1567447402.2847
CHLD 7 0.000000 1567447402.2847
CHLD 8 11.082031 1567447402.2848
CHLD 9 11.046875 1567447402.2849
MEM 709.003906 1567447402.3852
CHLD 0 601.234375 1567447402.3997
CHLD 1 601.246094 1567447402.3998
CHLD 2 601.246094 1567447402.3999
CHLD 3 601.246094 1567447402.3999
CHLD 4 705.292969 1567447402.4000
CHLD 5 706.535156 1567447402.4000
CHLD 6 0.000000 1567447402.4001
CHLD 7 0.000000 1567447402.4001
CHLD 8 11.082031 1567447402.4002
CHLD 9 11.046875 1567447402.4003
MEM 709.003906 1567447402.5007
CHLD 0 601.234375 1567447402.5136
CHLD 1 601.246094 1567447402.5137
CHLD 2 601.246094 1567447402.5138
CHLD 3 601.246094 1567447402.5138
CHLD 4 706.535156 1567447402.5139
CHLD 5 0.000000 1567447402.5140
CHLD 6 0.000000 1567447402.5141
CHLD 7 11.082031 1567447402.5142
MEM 709.003906 1567447402.6146
CHLD 0 601.234375 1567447402.6286
CHLD 1 601.246094 1567447402.6287
CHLD 2 601.246094 1567447402.6287
CHLD 3 601.246094 1567447402.6288
CHLD 4 706.535156 1567447402.6288
CHLD 5 0.000000 1567447402.6289
CHLD 6 0.000000 1567447402.6290
CHLD 7 11.082031 1567447402.6290
MEM 709.003906 1567447402.7294
CHLD 0 601.234375 1567447402.7438
CHLD 1 601.246094 1567447402.7439
CHLD 2 601.246094 1567447402.7439
CHLD 3 601.246094 1567447402.7440
CHLD 4 706.535156 1567447402.7440
CHLD 5 0.000000 1567447402.7440
CHLD 6 0.000000 1567447402.7441
CHLD 7 11.082031 1567447402.7441
MEM 709.003906 1567447402.8445
CHLD 0 601.234375 1567447402.8566
CHLD 1 601.246094 1567447402.8567
CHLD 2 601.246094 1567447402.8567
CHLD 3 601.246094 1567447402.8567
CHLD 4 706.535156 1567447402.8568
CHLD 5 0.000000 1567447402.8568
CHLD 6 0.000000 1567447402.8568
CHLD 7 11.082031 1567447402.8569
MEM 709.003906 1567447402.9573
CHLD 0 601.234375 1567447402.9730
CHLD 1 601.246094 1567447402.9730
CHLD 2 601.246094 1567447402.9731
CHLD 3 601.246094 1567447402.9731
CHLD 4 706.535156 1567447402.9731
CHLD 5 0.000000 1567447402.9732
CHLD 6 0.000000 1567447402.9732
CHLD 7 11.082031 1567447402.9732
MEM 709.003906 1567447403.0737
CHLD 0 601.234375 1567447403.0882
CHLD 1 601.246094 1567447403.0883
CHLD 2 601.246094 1567447403.0883
CHLD 3 601.246094 1567447403.0884
CHLD 4 706.535156 1567447403.0884
CHLD 5 0.000000 1567447403.0885
CHLD 6 0.000000 1567447403.0886
CHLD 7 11.082031 1567447403.0886
MEM 715.222656 1567447403.1890
CHLD 0 601.234375 1567447403.1987
CHLD 1 601.246094 1567447403.1988
CHLD 2 601.246094 1567447403.1988
CHLD 3 601.246094 1567447403.1988
MEM 726.089844 1567447403.2992
CHLD 0 601.234375 1567447403.3089
CHLD 1 601.246094 1567447403.3090
CHLD 2 601.246094 1567447403.3091
CHLD 3 601.246094 1567447403.3091
MEM 726.730469 1567447403.4095
CHLD 0 601.234375 1567447403.4208
CHLD 1 601.246094 1567447403.4208
CHLD 2 601.246094 1567447403.4209
CHLD 3 601.246094 1567447403.4209
MEM 726.816406 1567447403.5213
CHLD 0 601.234375 1567447403.5308
CHLD 1 601.246094 1567447403.5309
CHLD 2 601.246094 1567447403.5309
CHLD 3 601.246094 1567447403.5309
MEM 726.992188 1567447403.6314
MEM 726.992188 1567447403.7476
MEM 726.796875 1567447403.8568
