CMDLINE /home/dn16382/anaconda3/bin/python mnist_example.py
MEM 4.152344 1567447251.7135
MEM 17.578125 1567447251.8266
MEM 35.312500 1567447251.9461
MEM 43.480469 1567447252.0548
MEM 65.054688 1567447252.1641
MEM 74.625000 1567447252.2743
MEM 82.367188 1567447252.3829
MEM 126.734375 1567447252.4921
MEM 163.414062 1567447252.6008
MEM 164.132812 1567447252.7094
MEM 171.539062 1567447252.8182
MEM 179.820312 1567447252.9268
MEM 185.062500 1567447253.0356
MEM 193.203125 1567447253.1445
MEM 205.121094 1567447253.2539
MEM 213.730469 1567447253.3630
MEM 217.167969 1567447253.4717
MEM 228.585938 1567447253.5804
MEM 235.035156 1567447253.6948
MEM 251.214844 1567447253.8090
MEM 254.304688 1567447253.9247
MEM 261.519531 1567447254.0358
MEM 266.050781 1567447254.1446
MEM 280.914062 1567447254.2533
MEM 297.414062 1567447254.3621
MEM 341.757812 1567447254.4708
MEM 320.222656 1567447254.5799
MEM 381.707031 1567447254.6886
MEM 530.464844 1567447254.7974
MEM 678.707031 1567447254.9063
MEM 679.292969 1567447255.0154
MEM 666.031250 1567447255.1252
MEM 710.656250 1567447255.2393
CHLD 0 601.210938 1567447255.2550
CHLD 1 601.218750 1567447255.2551
CHLD 2 601.218750 1567447255.2552
CHLD 3 601.218750 1567447255.2552
CHLD 4 605.644531 1567447255.2553
CHLD 5 605.355469 1567447255.2553
MEM 710.667969 1567447255.3557
CHLD 0 601.210938 1567447255.3750
CHLD 1 601.218750 1567447255.3751
CHLD 2 601.218750 1567447255.3752
CHLD 3 601.218750 1567447255.3752
CHLD 4 609.554688 1567447255.3753
CHLD 5 609.429688 1567447255.3753
CHLD 6 606.058594 1567447255.3754
CHLD 7 609.019531 1567447255.3754
CHLD 8 7.664062 1567447255.3755
CHLD 9 6.769531 1567447255.3756
CHLD 10 8.328125 1567447255.3756
CHLD 11 7.890625 1567447255.3757
MEM 710.667969 1567447255.4761
CHLD 0 601.210938 1567447255.5068
CHLD 1 601.218750 1567447255.5069
CHLD 2 601.218750 1567447255.5070
CHLD 3 601.218750 1567447255.5070
CHLD 4 615.335938 1567447255.5071
CHLD 5 617.414062 1567447255.5071
CHLD 6 610.425781 1567447255.5072
CHLD 7 615.570312 1567447255.5073
CHLD 8 10.648438 1567447255.5073
CHLD 9 10.886719 1567447255.5074
CHLD 10 10.898438 1567447255.5074
CHLD 11 10.890625 1567447255.5075
MEM 710.667969 1567447255.6131
CHLD 0 601.210938 1567447255.6556
CHLD 1 601.218750 1567447255.6557
CHLD 2 601.218750 1567447255.6558
CHLD 3 601.218750 1567447255.6558
CHLD 4 618.789062 1567447255.6559
CHLD 5 619.148438 1567447255.6559
CHLD 6 618.289062 1567447255.6560
CHLD 7 619.039062 1567447255.6561
CHLD 8 10.925781 1567447255.6561
CHLD 9 10.886719 1567447255.6562
CHLD 10 10.898438 1567447255.6562
CHLD 11 10.890625 1567447255.6563
MEM 710.667969 1567447255.7567
CHLD 0 601.210938 1567447255.7723
CHLD 1 601.218750 1567447255.7724
CHLD 2 601.218750 1567447255.7856
CHLD 3 601.218750 1567447255.7856
CHLD 4 620.886719 1567447255.7857
CHLD 5 624.179688 1567447255.7858
CHLD 6 618.949219 1567447255.7858
CHLD 7 623.488281 1567447255.7859
CHLD 8 10.925781 1567447255.7860
CHLD 9 10.886719 1567447255.7860
CHLD 10 10.898438 1567447255.7861
CHLD 11 10.890625 1567447255.7861
MEM 710.667969 1567447255.8865
CHLD 0 601.210938 1567447255.9144
CHLD 1 601.218750 1567447255.9145
CHLD 2 601.218750 1567447255.9146
CHLD 3 601.218750 1567447255.9146
CHLD 4 624.464844 1567447255.9147
CHLD 5 635.578125 1567447255.9147
CHLD 6 623.300781 1567447255.9148
CHLD 7 634.636719 1567447255.9149
CHLD 8 10.925781 1567447255.9149
CHLD 9 10.886719 1567447255.9150
CHLD 10 10.898438 1567447255.9150
CHLD 11 10.890625 1567447255.9151
MEM 710.667969 1567447256.0155
CHLD 0 601.210938 1567447256.0385
CHLD 1 601.218750 1567447256.0386
CHLD 2 601.218750 1567447256.0386
CHLD 3 601.218750 1567447256.0387
CHLD 4 635.421875 1567447256.0387
CHLD 5 635.933594 1567447256.0388
CHLD 6 631.871094 1567447256.0389
CHLD 7 636.058594 1567447256.0389
CHLD 8 10.925781 1567447256.0390
CHLD 9 10.886719 1567447256.0390
CHLD 10 10.898438 1567447256.0391
CHLD 11 10.890625 1567447256.0392
MEM 710.667969 1567447256.1396
CHLD 0 601.210938 1567447256.1667
CHLD 1 601.218750 1567447256.1668
CHLD 2 601.218750 1567447256.1668
CHLD 3 601.218750 1567447256.1669
CHLD 4 635.925781 1567447256.1669
CHLD 5 636.308594 1567447256.1670
CHLD 6 635.691406 1567447256.1670
CHLD 7 638.671875 1567447256.1671
CHLD 8 10.925781 1567447256.1672
CHLD 9 10.886719 1567447256.1672
CHLD 10 10.898438 1567447256.1673
CHLD 11 10.890625 1567447256.1673
MEM 710.667969 1567447256.2678
CHLD 0 601.210938 1567447256.2928
CHLD 1 601.218750 1567447256.2929
CHLD 2 601.218750 1567447256.2929
CHLD 3 601.218750 1567447256.2930
CHLD 4 638.679688 1567447256.2930
CHLD 5 636.761719 1567447256.2931
CHLD 6 635.941406 1567447256.2932
CHLD 7 638.671875 1567447256.2932
CHLD 8 10.925781 1567447256.2933
CHLD 9 10.886719 1567447256.2933
CHLD 10 10.898438 1567447256.2934
CHLD 11 10.890625 1567447256.2935
MEM 710.667969 1567447256.3939
CHLD 0 601.210938 1567447256.4167
CHLD 1 601.218750 1567447256.4168
CHLD 2 601.218750 1567447256.4169
CHLD 3 601.218750 1567447256.4169
CHLD 4 639.773438 1567447256.4170
CHLD 5 641.679688 1567447256.4170
CHLD 6 636.191406 1567447256.4171
CHLD 7 641.820312 1567447256.4172
CHLD 8 10.925781 1567447256.4172
CHLD 9 10.886719 1567447256.4173
CHLD 10 10.898438 1567447256.4173
CHLD 11 10.890625 1567447256.4174
MEM 710.667969 1567447256.5179
CHLD 0 601.210938 1567447256.5445
CHLD 1 601.218750 1567447256.5446
CHLD 2 601.218750 1567447256.5446
CHLD 3 601.218750 1567447256.5447
CHLD 4 642.199219 1567447256.5447
CHLD 5 642.761719 1567447256.5448
CHLD 6 638.601562 1567447256.5448
CHLD 7 642.429688 1567447256.5449
CHLD 8 10.925781 1567447256.5449
CHLD 9 10.886719 1567447256.5450
CHLD 10 10.898438 1567447256.5450
CHLD 11 10.890625 1567447256.5451
MEM 710.667969 1567447256.6455
CHLD 0 601.210938 1567447256.6695
CHLD 1 601.218750 1567447256.6696
CHLD 2 601.218750 1567447256.6697
CHLD 3 601.218750 1567447256.6697
CHLD 4 642.949219 1567447256.6698
CHLD 5 643.371094 1567447256.6699
CHLD 6 642.046875 1567447256.6699
CHLD 7 643.070312 1567447256.6700
CHLD 8 10.925781 1567447256.6700
CHLD 9 10.886719 1567447256.6701
CHLD 10 10.898438 1567447256.6702
CHLD 11 10.890625 1567447256.6702
MEM 710.667969 1567447256.7706
CHLD 0 601.210938 1567447256.7948
CHLD 1 601.218750 1567447256.7949
CHLD 2 601.218750 1567447256.7950
CHLD 3 601.218750 1567447256.7950
CHLD 4 643.492188 1567447256.7951
CHLD 5 644.070312 1567447256.7952
CHLD 6 642.683594 1567447256.7952
CHLD 7 643.578125 1567447256.7953
CHLD 8 10.925781 1567447256.7954
CHLD 9 10.886719 1567447256.7954
CHLD 10 10.898438 1567447256.7955
CHLD 11 10.890625 1567447256.7955
MEM 710.667969 1567447256.8959
CHLD 0 601.210938 1567447256.9239
CHLD 1 601.218750 1567447256.9240
CHLD 2 601.218750 1567447256.9240
CHLD 3 601.218750 1567447256.9241
CHLD 4 651.683594 1567447256.9242
CHLD 5 645.257812 1567447256.9242
CHLD 6 643.367188 1567447256.9243
CHLD 7 644.539062 1567447256.9243
CHLD 8 10.925781 1567447256.9244
CHLD 9 10.886719 1567447256.9245
CHLD 10 10.898438 1567447256.9245
CHLD 11 10.890625 1567447256.9246
MEM 710.667969 1567447257.0250
CHLD 0 601.210938 1567447257.0412
CHLD 1 601.218750 1567447257.0413
CHLD 2 601.218750 1567447257.0413
CHLD 3 601.218750 1567447257.0414
CHLD 4 656.253906 1567447257.0415
CHLD 5 654.816406 1567447257.0415
CHLD 6 651.199219 1567447257.0416
CHLD 7 645.230469 1567447257.0416
CHLD 8 10.925781 1567447257.0417
CHLD 9 10.886719 1567447257.0418
CHLD 10 10.898438 1567447257.0418
CHLD 11 10.890625 1567447257.0419
MEM 710.667969 1567447257.1423
CHLD 0 601.210938 1567447257.1664
CHLD 1 601.218750 1567447257.1664
CHLD 2 601.218750 1567447257.1665
CHLD 3 601.218750 1567447257.1665
CHLD 4 656.605469 1567447257.1666
CHLD 5 658.019531 1567447257.1667
CHLD 6 656.359375 1567447257.1667
CHLD 7 646.234375 1567447257.1668
CHLD 8 10.925781 1567447257.1668
CHLD 9 10.886719 1567447257.1669
CHLD 10 10.898438 1567447257.1669
CHLD 11 10.890625 1567447257.1670
MEM 710.667969 1567447257.2674
CHLD 0 601.210938 1567447257.2924
CHLD 1 601.218750 1567447257.2924
CHLD 2 601.218750 1567447257.2925
CHLD 3 601.218750 1567447257.2926
CHLD 4 656.839844 1567447257.2926
CHLD 5 658.246094 1567447257.2927
CHLD 6 656.710938 1567447257.2928
CHLD 7 656.777344 1567447257.2928
CHLD 8 10.925781 1567447257.2929
CHLD 9 10.886719 1567447257.2929
CHLD 10 10.898438 1567447257.2932
CHLD 11 10.890625 1567447257.2933
MEM 710.667969 1567447257.3938
CHLD 0 601.210938 1567447257.4289
CHLD 1 601.218750 1567447257.4290
CHLD 2 601.218750 1567447257.4291
CHLD 3 601.218750 1567447257.4291
CHLD 4 665.601562 1567447257.4292
CHLD 5 658.246094 1567447257.4292
CHLD 6 656.937500 1567447257.4293
CHLD 7 662.386719 1567447257.4293
CHLD 8 10.925781 1567447257.4294
CHLD 9 10.886719 1567447257.4295
CHLD 10 10.898438 1567447257.4295
CHLD 11 10.890625 1567447257.4296
MEM 710.667969 1567447257.5300
CHLD 0 601.210938 1567447257.5702
CHLD 1 601.218750 1567447257.5703
CHLD 2 601.218750 1567447257.5704
CHLD 3 601.218750 1567447257.5704
CHLD 4 666.933594 1567447257.5705
CHLD 5 667.621094 1567447257.5706
CHLD 6 666.562500 1567447257.5706
CHLD 7 665.429688 1567447257.5707
CHLD 8 10.925781 1567447257.5707
CHLD 9 10.886719 1567447257.5708
CHLD 10 10.898438 1567447257.5708
CHLD 11 10.890625 1567447257.5709
MEM 710.667969 1567447257.6714
CHLD 0 601.210938 1567447257.7359
CHLD 1 601.218750 1567447257.7360
CHLD 2 601.218750 1567447257.7361
CHLD 3 601.218750 1567447257.7361
CHLD 4 667.183594 1567447257.7362
CHLD 5 668.136719 1567447257.7363
CHLD 6 668.109375 1567447257.7363
CHLD 7 665.429688 1567447257.7364
CHLD 8 10.925781 1567447257.7364
CHLD 9 10.886719 1567447257.7365
CHLD 10 10.898438 1567447257.7365
CHLD 11 10.890625 1567447257.7366
MEM 710.667969 1567447257.8372
CHLD 0 601.210938 1567447257.8772
CHLD 1 601.218750 1567447257.8775
CHLD 2 601.218750 1567447257.8776
CHLD 3 601.218750 1567447257.8777
CHLD 4 667.699219 1567447257.8777
CHLD 5 669.167969 1567447257.8778
CHLD 6 669.136719 1567447257.8778
CHLD 7 665.429688 1567447257.8779
CHLD 8 10.925781 1567447257.8780
CHLD 9 10.886719 1567447257.8780
CHLD 10 10.898438 1567447257.8781
CHLD 11 10.890625 1567447257.8781
MEM 710.667969 1567447257.9786
CHLD 0 601.210938 1567447258.0234
CHLD 1 601.218750 1567447258.0235
CHLD 2 601.218750 1567447258.0235
CHLD 3 601.218750 1567447258.0236
CHLD 4 667.699219 1567447258.0236
CHLD 5 669.683594 1567447258.0237
CHLD 6 669.394531 1567447258.0237
CHLD 7 695.132812 1567447258.0238
CHLD 8 10.925781 1567447258.0239
CHLD 9 10.886719 1567447258.0239
CHLD 10 10.898438 1567447258.0240
CHLD 11 10.890625 1567447258.0240
MEM 710.667969 1567447258.1245
CHLD 0 601.210938 1567447258.1793
CHLD 1 601.218750 1567447258.1794
CHLD 2 601.218750 1567447258.1794
CHLD 3 601.218750 1567447258.1795
CHLD 4 667.957031 1567447258.1796
CHLD 5 670.199219 1567447258.1796
CHLD 6 669.394531 1567447258.1797
CHLD 7 735.089844 1567447258.1797
CHLD 8 10.925781 1567447258.1798
CHLD 9 10.886719 1567447258.1798
CHLD 10 10.898438 1567447258.1799
CHLD 11 10.890625 1567447258.1799
MEM 710.667969 1567447258.2818
CHLD 0 601.210938 1567447258.3099
CHLD 1 601.218750 1567447258.3100
CHLD 2 601.218750 1567447258.3109
CHLD 3 601.218750 1567447258.3110
CHLD 4 668.214844 1567447258.3111
CHLD 5 670.199219 1567447258.3111
CHLD 6 669.394531 1567447258.3112
CHLD 7 738.183594 1567447258.3121
CHLD 8 10.925781 1567447258.3122
CHLD 9 10.886719 1567447258.3122
CHLD 10 10.898438 1567447258.3123
CHLD 11 10.890625 1567447258.3123
MEM 710.667969 1567447258.4129
CHLD 0 601.210938 1567447258.4312
CHLD 1 601.218750 1567447258.4313
CHLD 2 601.218750 1567447258.4314
CHLD 3 601.218750 1567447258.4314
CHLD 4 668.214844 1567447258.4315
CHLD 5 670.199219 1567447258.4315
CHLD 6 669.652344 1567447258.4316
CHLD 7 747.203125 1567447258.4317
CHLD 8 10.925781 1567447258.4317
CHLD 9 10.886719 1567447258.4318
CHLD 10 10.898438 1567447258.4743
CHLD 11 10.890625 1567447258.4744
MEM 710.667969 1567447258.5751
CHLD 0 601.210938 1567447258.6377
CHLD 1 601.218750 1567447258.6378
CHLD 2 601.218750 1567447258.6378
CHLD 3 601.218750 1567447258.6379
CHLD 4 668.472656 1567447258.6380
CHLD 5 670.457031 1567447258.6381
CHLD 6 669.652344 1567447258.6381
CHLD 7 751.277344 1567447258.6382
CHLD 8 10.925781 1567447258.6383
CHLD 9 10.886719 1567447258.6383
CHLD 10 10.898438 1567447258.6384
CHLD 11 10.890625 1567447258.6385
MEM 710.667969 1567447258.7421
CHLD 0 601.210938 1567447258.7672
CHLD 1 601.218750 1567447258.7673
CHLD 2 601.218750 1567447258.7674
CHLD 3 601.218750 1567447258.7674
CHLD 4 668.472656 1567447258.7675
CHLD 5 670.457031 1567447258.7676
CHLD 6 669.910156 1567447258.7676
CHLD 7 751.277344 1567447258.7677
CHLD 8 10.925781 1567447258.7678
CHLD 9 10.886719 1567447258.7678
CHLD 10 10.898438 1567447258.7679
CHLD 11 10.890625 1567447258.7679
MEM 710.667969 1567447258.8685
CHLD 0 601.210938 1567447258.8950
CHLD 1 601.218750 1567447258.8950
CHLD 2 601.218750 1567447258.8951
CHLD 3 601.218750 1567447258.8952
CHLD 4 668.472656 1567447258.8952
CHLD 5 670.457031 1567447258.8953
CHLD 6 670.167969 1567447258.8953
CHLD 7 766.488281 1567447258.8954
CHLD 8 10.925781 1567447258.8954
CHLD 9 10.886719 1567447258.8955
CHLD 10 10.898438 1567447258.8955
CHLD 11 10.890625 1567447258.8956
MEM 710.667969 1567447258.9966
CHLD 0 601.210938 1567447259.0311
CHLD 1 601.218750 1567447259.0312
CHLD 2 601.218750 1567447259.0312
CHLD 3 601.218750 1567447259.0313
CHLD 4 668.472656 1567447259.0313
CHLD 5 670.457031 1567447259.0314
CHLD 6 670.167969 1567447259.0314
CHLD 7 757.890625 1567447259.0315
CHLD 8 10.925781 1567447259.0316
CHLD 9 10.886719 1567447259.0316
CHLD 10 10.898438 1567447259.0317
CHLD 11 10.890625 1567447259.0317
MEM 710.667969 1567447259.1322
CHLD 0 601.210938 1567447259.1596
CHLD 1 601.218750 1567447259.1596
CHLD 2 601.218750 1567447259.1597
CHLD 3 601.218750 1567447259.1598
CHLD 4 668.781250 1567447259.1598
CHLD 5 670.457031 1567447259.1599
CHLD 6 670.167969 1567447259.1599
CHLD 7 757.890625 1567447259.1600
CHLD 8 10.925781 1567447259.1600
CHLD 9 10.886719 1567447259.1601
CHLD 10 10.898438 1567447259.1602
CHLD 11 10.890625 1567447259.1602
MEM 710.667969 1567447259.2608
CHLD 0 601.210938 1567447259.2728
CHLD 1 601.218750 1567447259.2729
CHLD 2 601.218750 1567447259.2730
CHLD 3 601.218750 1567447259.2730
CHLD 4 668.781250 1567447259.2731
CHLD 5 670.457031 1567447259.2731
CHLD 6 670.167969 1567447259.2732
CHLD 7 757.890625 1567447259.2732
CHLD 8 10.925781 1567447259.2733
CHLD 9 10.886719 1567447259.2734
CHLD 10 10.898438 1567447259.2734
CHLD 11 10.890625 1567447259.2735
MEM 710.667969 1567447259.3740
CHLD 0 601.210938 1567447259.3920
CHLD 1 601.218750 1567447259.4066
CHLD 2 601.218750 1567447259.4068
CHLD 3 601.218750 1567447259.4068
CHLD 4 668.781250 1567447259.4069
CHLD 5 670.457031 1567447259.4069
CHLD 6 670.167969 1567447259.4070
CHLD 7 760.984375 1567447259.4070
CHLD 8 10.925781 1567447259.4071
CHLD 9 10.886719 1567447259.4071
CHLD 10 10.898438 1567447259.4072
CHLD 11 10.890625 1567447259.4073
MEM 710.667969 1567447259.5078
CHLD 0 601.210938 1567447259.5237
CHLD 1 601.218750 1567447259.5237
CHLD 2 601.218750 1567447259.5238
CHLD 3 601.218750 1567447259.5238
CHLD 4 668.781250 1567447259.5239
CHLD 5 670.457031 1567447259.5239
CHLD 6 670.167969 1567447259.5240
CHLD 7 770.007812 1567447259.5240
CHLD 8 10.925781 1567447259.5241
CHLD 9 10.886719 1567447259.5242
CHLD 10 10.898438 1567447259.5242
CHLD 11 10.890625 1567447259.5243
MEM 710.667969 1567447259.6281
CHLD 0 601.210938 1567447259.6861
CHLD 1 601.218750 1567447259.6862
CHLD 2 601.218750 1567447259.6862
CHLD 3 601.218750 1567447259.6863
CHLD 4 668.781250 1567447259.6863
CHLD 5 670.457031 1567447259.6864
CHLD 6 670.167969 1567447259.6864
CHLD 7 770.007812 1567447259.6865
CHLD 8 10.925781 1567447259.6866
CHLD 9 10.886719 1567447259.6866
CHLD 10 10.898438 1567447259.6866
CHLD 11 10.890625 1567447259.6867
MEM 710.667969 1567447259.7872
CHLD 0 601.210938 1567447259.8293
CHLD 1 601.218750 1567447259.8294
CHLD 2 601.218750 1567447259.8295
CHLD 3 601.218750 1567447259.8296
CHLD 4 668.781250 1567447259.8297
CHLD 5 670.457031 1567447259.8298
CHLD 6 670.167969 1567447259.8299
CHLD 7 770.007812 1567447259.8300
CHLD 8 10.925781 1567447259.8300
CHLD 9 10.886719 1567447259.8301
CHLD 10 10.898438 1567447259.8301
CHLD 11 10.890625 1567447259.8302
MEM 710.667969 1567447259.9306
CHLD 0 601.210938 1567447259.9659
CHLD 1 601.218750 1567447259.9660
CHLD 2 601.218750 1567447259.9660
CHLD 3 601.218750 1567447259.9660
CHLD 4 668.781250 1567447259.9661
CHLD 5 670.457031 1567447259.9661
CHLD 6 670.167969 1567447259.9661
CHLD 7 749.019531 1567447259.9662
CHLD 8 10.925781 1567447259.9662
CHLD 9 10.886719 1567447259.9662
CHLD 10 10.898438 1567447259.9663
CHLD 11 10.890625 1567447259.9663
MEM 710.667969 1567447260.0668
CHLD 0 601.210938 1567447260.0973
CHLD 1 601.218750 1567447260.0974
CHLD 2 601.218750 1567447260.0975
CHLD 3 601.218750 1567447260.0976
CHLD 4 668.781250 1567447260.0976
CHLD 5 670.972656 1567447260.0977
CHLD 6 670.167969 1567447260.0978
CHLD 7 755.207031 1567447260.0978
CHLD 8 10.925781 1567447260.0979
CHLD 9 10.886719 1567447260.0979
CHLD 10 10.898438 1567447260.0980
CHLD 11 10.890625 1567447260.0980
MEM 710.667969 1567447260.1993
CHLD 0 601.210938 1567447260.2479
CHLD 1 601.218750 1567447260.2480
CHLD 2 601.218750 1567447260.2480
CHLD 3 601.218750 1567447260.2481
CHLD 4 668.781250 1567447260.2481
CHLD 5 670.972656 1567447260.2482
CHLD 6 670.167969 1567447260.2482
CHLD 7 755.207031 1567447260.2483
CHLD 8 10.925781 1567447260.2484
CHLD 9 10.886719 1567447260.2485
CHLD 10 10.898438 1567447260.2486
CHLD 11 10.890625 1567447260.2486
MEM 710.667969 1567447260.3492
CHLD 0 601.210938 1567447260.3886
CHLD 1 601.218750 1567447260.3886
CHLD 2 601.218750 1567447260.3887
CHLD 3 601.218750 1567447260.3887
CHLD 4 668.781250 1567447260.3888
CHLD 5 670.972656 1567447260.3889
CHLD 6 670.167969 1567447260.3889
CHLD 7 755.207031 1567447260.3890
CHLD 8 10.925781 1567447260.3890
CHLD 9 10.886719 1567447260.3891
CHLD 10 10.898438 1567447260.3891
CHLD 11 10.890625 1567447260.3892
MEM 710.667969 1567447260.4898
CHLD 0 601.210938 1567447260.5082
CHLD 1 601.218750 1567447260.5083
CHLD 2 601.218750 1567447260.5084
CHLD 3 601.218750 1567447260.5085
CHLD 4 668.781250 1567447260.5085
CHLD 5 671.230469 1567447260.5086
CHLD 6 670.167969 1567447260.5086
CHLD 7 758.296875 1567447260.5087
CHLD 8 10.925781 1567447260.5087
CHLD 9 10.886719 1567447260.5088
CHLD 10 10.898438 1567447260.5088
CHLD 11 10.890625 1567447260.5089
MEM 710.667969 1567447260.6094
CHLD 0 601.210938 1567447260.6252
CHLD 1 601.218750 1567447260.6253
CHLD 2 601.218750 1567447260.6253
CHLD 3 601.218750 1567447260.6254
CHLD 4 669.039062 1567447260.6255
CHLD 5 671.230469 1567447260.6256
CHLD 6 670.167969 1567447260.6257
CHLD 7 758.296875 1567447260.6258
CHLD 8 10.925781 1567447260.6258
CHLD 9 10.886719 1567447260.6259
CHLD 10 10.898438 1567447260.6260
CHLD 11 10.890625 1567447260.6261
MEM 710.667969 1567447260.7276
CHLD 0 601.210938 1567447260.7970
CHLD 1 601.218750 1567447260.7971
CHLD 2 601.218750 1567447260.7972
CHLD 3 601.218750 1567447260.7973
CHLD 4 669.039062 1567447260.7973
CHLD 5 671.230469 1567447260.7974
CHLD 6 670.167969 1567447260.7974
CHLD 7 758.296875 1567447260.7975
CHLD 8 10.925781 1567447260.7976
CHLD 9 10.886719 1567447260.7976
CHLD 10 10.898438 1567447260.7977
CHLD 11 10.890625 1567447260.7977
MEM 710.667969 1567447260.8982
CHLD 0 601.210938 1567447260.9724
CHLD 1 601.218750 1567447260.9725
CHLD 2 601.218750 1567447260.9725
CHLD 3 601.218750 1567447260.9726
CHLD 4 669.039062 1567447260.9726
CHLD 5 671.230469 1567447260.9727
CHLD 6 670.167969 1567447260.9727
CHLD 7 761.390625 1567447260.9728
CHLD 8 10.925781 1567447260.9729
CHLD 9 10.886719 1567447260.9729
CHLD 10 10.898438 1567447260.9730
CHLD 11 10.890625 1567447260.9730
MEM 710.667969 1567447261.0735
CHLD 0 601.210938 1567447261.1375
CHLD 1 601.218750 1567447261.1375
CHLD 2 601.218750 1567447261.1376
CHLD 3 601.218750 1567447261.1376
CHLD 4 669.039062 1567447261.1377
CHLD 5 671.230469 1567447261.1378
CHLD 6 670.167969 1567447261.1378
CHLD 7 761.390625 1567447261.1379
CHLD 8 10.925781 1567447261.1379
CHLD 9 10.886719 1567447261.1380
CHLD 10 10.898438 1567447261.1380
CHLD 11 10.890625 1567447261.1381
MEM 710.667969 1567447261.2386
CHLD 0 601.210938 1567447261.2689
CHLD 1 601.218750 1567447261.2690
CHLD 2 601.218750 1567447261.2690
CHLD 3 601.218750 1567447261.2691
CHLD 4 669.039062 1567447261.2692
CHLD 5 671.230469 1567447261.2692
CHLD 6 670.167969 1567447261.2693
CHLD 7 764.503906 1567447261.2694
CHLD 8 10.925781 1567447261.2694
CHLD 9 10.886719 1567447261.2695
CHLD 10 10.898438 1567447261.2696
CHLD 11 10.890625 1567447261.2697
MEM 710.667969 1567447261.3701
CHLD 0 601.210938 1567447261.3936
CHLD 1 601.218750 1567447261.3936
CHLD 2 601.218750 1567447261.3937
CHLD 3 601.218750 1567447261.3937
CHLD 4 669.039062 1567447261.3937
CHLD 5 671.230469 1567447261.3938
CHLD 6 670.167969 1567447261.3938
CHLD 7 764.503906 1567447261.3938
CHLD 8 10.925781 1567447261.3939
CHLD 9 10.886719 1567447261.3939
CHLD 10 10.898438 1567447261.3939
CHLD 11 10.890625 1567447261.3940
MEM 710.667969 1567447261.4944
CHLD 0 601.210938 1567447261.5247
CHLD 1 601.218750 1567447261.5248
CHLD 2 601.218750 1567447261.5248
CHLD 3 601.218750 1567447261.5249
CHLD 4 669.039062 1567447261.5250
CHLD 5 671.230469 1567447261.5266
CHLD 6 670.425781 1567447261.5267
CHLD 7 749.000000 1567447261.5268
CHLD 8 10.925781 1567447261.5268
CHLD 9 10.886719 1567447261.5326
CHLD 10 10.898438 1567447261.5327
CHLD 11 10.890625 1567447261.5327
MEM 710.667969 1567447261.6426
CHLD 0 601.210938 1567447261.6914
CHLD 1 601.218750 1567447261.6914
CHLD 2 601.218750 1567447261.6915
CHLD 3 601.218750 1567447261.6916
CHLD 4 669.296875 1567447261.6916
CHLD 5 671.230469 1567447261.6917
CHLD 6 670.425781 1567447261.6917
CHLD 7 763.949219 1567447261.6918
CHLD 8 10.925781 1567447261.6918
CHLD 9 10.886719 1567447261.6919
CHLD 10 10.898438 1567447261.6920
CHLD 11 10.890625 1567447261.6920
MEM 710.667969 1567447261.7924
CHLD 0 601.210938 1567447261.8271
CHLD 1 601.218750 1567447261.8271
CHLD 2 601.218750 1567447261.8272
CHLD 3 601.218750 1567447261.8273
CHLD 4 669.296875 1567447261.8273
CHLD 5 671.230469 1567447261.8274
CHLD 6 670.425781 1567447261.8275
CHLD 7 770.136719 1567447261.8275
CHLD 8 10.925781 1567447261.8276
CHLD 9 10.886719 1567447261.8276
CHLD 10 10.898438 1567447261.8277
CHLD 11 10.890625 1567447261.8278
MEM 710.667969 1567447261.9287
CHLD 0 601.210938 1567447261.9825
CHLD 1 601.218750 1567447261.9825
CHLD 2 601.218750 1567447261.9826
CHLD 3 601.218750 1567447261.9826
CHLD 4 669.296875 1567447261.9827
CHLD 5 671.230469 1567447261.9872
CHLD 6 670.425781 1567447261.9873
CHLD 7 773.230469 1567447261.9874
CHLD 8 10.925781 1567447261.9874
CHLD 9 10.886719 1567447261.9875
CHLD 10 10.898438 1567447261.9876
CHLD 11 10.890625 1567447261.9876
MEM 710.667969 1567447262.0881
CHLD 0 601.210938 1567447262.1428
CHLD 1 601.218750 1567447262.1429
CHLD 2 601.218750 1567447262.1429
CHLD 3 601.218750 1567447262.1430
CHLD 4 669.296875 1567447262.1430
CHLD 5 671.488281 1567447262.1431
CHLD 6 670.425781 1567447262.1432
CHLD 7 773.230469 1567447262.1432
CHLD 8 10.925781 1567447262.1433
CHLD 9 10.886719 1567447262.1433
CHLD 10 10.898438 1567447262.1434
CHLD 11 10.890625 1567447262.1434
MEM 710.667969 1567447262.2439
CHLD 0 601.210938 1567447262.2706
CHLD 1 601.218750 1567447262.2707
CHLD 2 601.218750 1567447262.2707
CHLD 3 601.218750 1567447262.2708
CHLD 4 669.296875 1567447262.2709
CHLD 5 671.746094 1567447262.2709
CHLD 6 670.425781 1567447262.2710
CHLD 7 767.007812 1567447262.2710
CHLD 8 10.925781 1567447262.2711
CHLD 9 10.886719 1567447262.2712
CHLD 10 10.898438 1567447262.2712
CHLD 11 10.890625 1567447262.2713
MEM 710.667969 1567447262.3718
CHLD 0 601.210938 1567447262.4152
CHLD 1 601.218750 1567447262.4153
CHLD 2 601.218750 1567447262.4154
CHLD 3 601.218750 1567447262.4154
CHLD 4 669.296875 1567447262.4155
CHLD 5 671.746094 1567447262.4156
CHLD 6 670.425781 1567447262.4156
CHLD 7 770.359375 1567447262.4157
CHLD 8 10.925781 1567447262.4157
CHLD 9 10.886719 1567447262.4158
CHLD 10 10.898438 1567447262.4159
CHLD 11 10.890625 1567447262.4159
MEM 710.667969 1567447262.5165
CHLD 0 601.210938 1567447262.5453
CHLD 1 601.218750 1567447262.5454
CHLD 2 601.218750 1567447262.5455
CHLD 3 601.218750 1567447262.5455
CHLD 4 669.296875 1567447262.5456
CHLD 5 671.746094 1567447262.5457
CHLD 6 670.425781 1567447262.5457
CHLD 7 770.359375 1567447262.5458
CHLD 8 10.925781 1567447262.5458
CHLD 9 10.886719 1567447262.5459
CHLD 10 10.898438 1567447262.5459
CHLD 11 10.890625 1567447262.5460
MEM 710.667969 1567447262.6473
CHLD 0 601.210938 1567447262.7071
CHLD 1 601.218750 1567447262.7073
CHLD 2 601.218750 1567447262.7074
CHLD 3 601.218750 1567447262.7075
CHLD 4 669.812500 1567447262.7075
CHLD 5 671.746094 1567447262.7076
CHLD 6 670.425781 1567447262.7077
CHLD 7 770.359375 1567447262.7077
CHLD 8 10.925781 1567447262.7078
CHLD 9 10.886719 1567447262.7079
CHLD 10 10.898438 1567447262.7079
CHLD 11 10.890625 1567447262.7080
MEM 710.667969 1567447262.8084
CHLD 0 601.210938 1567447262.8494
CHLD 1 601.218750 1567447262.8495
CHLD 2 601.218750 1567447262.8495
CHLD 3 601.218750 1567447262.8496
CHLD 4 669.812500 1567447262.8497
CHLD 5 671.746094 1567447262.8498
CHLD 6 670.425781 1567447262.8498
CHLD 7 770.359375 1567447262.8499
CHLD 8 10.925781 1567447262.8500
CHLD 9 10.886719 1567447262.8501
CHLD 10 10.898438 1567447262.8501
CHLD 11 10.890625 1567447262.8502
MEM 710.667969 1567447262.9506
CHLD 0 601.210938 1567447263.0119
CHLD 1 601.218750 1567447263.0120
CHLD 2 601.218750 1567447263.0121
CHLD 3 601.218750 1567447263.0122
CHLD 4 669.812500 1567447263.0123
CHLD 5 671.746094 1567447263.0123
CHLD 6 670.425781 1567447263.0125
CHLD 7 779.898438 1567447263.0126
CHLD 8 10.925781 1567447263.0127
CHLD 9 10.886719 1567447263.0128
CHLD 10 10.898438 1567447263.0128
CHLD 11 10.890625 1567447263.0129
MEM 710.667969 1567447263.1139
CHLD 0 601.210938 1567447263.1561
CHLD 1 601.218750 1567447263.1562
CHLD 2 601.218750 1567447263.1563
CHLD 3 601.218750 1567447263.1564
CHLD 4 669.812500 1567447263.1564
CHLD 5 671.746094 1567447263.1565
CHLD 6 670.425781 1567447263.1565
CHLD 7 779.898438 1567447263.1566
CHLD 8 10.925781 1567447263.1567
CHLD 9 10.886719 1567447263.1567
CHLD 10 10.898438 1567447263.1568
CHLD 11 10.890625 1567447263.1568
MEM 710.667969 1567447263.2573
CHLD 0 601.210938 1567447263.2779
CHLD 1 601.218750 1567447263.2780
CHLD 2 601.218750 1567447263.2781
CHLD 3 601.218750 1567447263.2781
CHLD 4 669.812500 1567447263.2782
CHLD 5 671.746094 1567447263.2782
CHLD 6 670.425781 1567447263.2900
CHLD 7 779.898438 1567447263.2901
CHLD 8 10.925781 1567447263.2932
CHLD 9 10.886719 1567447263.2934
CHLD 10 10.898438 1567447263.2934
CHLD 11 10.890625 1567447263.2935
MEM 710.667969 1567447263.3948
CHLD 0 601.210938 1567447263.4347
CHLD 1 601.218750 1567447263.4348
CHLD 2 601.218750 1567447263.4349
CHLD 3 601.218750 1567447263.4349
CHLD 4 669.812500 1567447263.4350
CHLD 5 671.746094 1567447263.4351
CHLD 6 670.425781 1567447263.4351
CHLD 7 780.156250 1567447263.4352
CHLD 8 10.925781 1567447263.4352
CHLD 9 10.886719 1567447263.4353
CHLD 10 10.898438 1567447263.4354
CHLD 11 10.890625 1567447263.4354
MEM 710.667969 1567447263.5360
CHLD 0 601.210938 1567447263.5536
CHLD 1 601.218750 1567447263.5540
CHLD 2 601.218750 1567447263.5540
CHLD 3 601.218750 1567447263.5541
CHLD 4 669.812500 1567447263.5542
CHLD 5 671.746094 1567447263.5542
CHLD 6 670.425781 1567447263.5543
CHLD 7 780.156250 1567447263.5544
CHLD 8 10.925781 1567447263.5545
CHLD 9 10.886719 1567447263.5545
CHLD 10 10.898438 1567447263.5546
CHLD 11 10.890625 1567447263.5546
MEM 710.667969 1567447263.6586
CHLD 0 601.210938 1567447263.7219
CHLD 1 601.218750 1567447263.7220
CHLD 2 601.218750 1567447263.7221
CHLD 3 601.218750 1567447263.7221
CHLD 4 669.812500 1567447263.7222
CHLD 5 671.746094 1567447263.7226
CHLD 6 670.425781 1567447263.7227
CHLD 7 780.156250 1567447263.7228
CHLD 8 10.925781 1567447263.7228
CHLD 9 10.886719 1567447263.7229
CHLD 10 10.898438 1567447263.7230
CHLD 11 10.890625 1567447263.7230
MEM 710.667969 1567447263.8235
CHLD 0 601.210938 1567447263.8511
CHLD 1 601.218750 1567447263.8512
CHLD 2 601.218750 1567447263.8513
CHLD 3 601.218750 1567447263.8513
CHLD 4 669.863281 1567447263.8514
CHLD 5 671.746094 1567447263.8514
CHLD 6 670.425781 1567447263.8515
CHLD 7 780.156250 1567447263.8516
CHLD 8 10.925781 1567447263.8516
CHLD 9 10.886719 1567447263.8517
CHLD 10 10.898438 1567447263.8518
CHLD 11 10.890625 1567447263.8519
MEM 710.667969 1567447263.9525
CHLD 0 601.210938 1567447263.9801
CHLD 1 601.218750 1567447263.9802
CHLD 2 601.218750 1567447263.9802
CHLD 3 601.218750 1567447263.9803
CHLD 4 669.863281 1567447263.9804
CHLD 5 671.746094 1567447263.9804
CHLD 6 670.425781 1567447263.9805
CHLD 7 780.156250 1567447263.9805
CHLD 8 10.925781 1567447263.9806
CHLD 9 10.886719 1567447263.9806
CHLD 10 10.898438 1567447263.9807
CHLD 11 10.890625 1567447263.9807
MEM 710.667969 1567447264.0812
CHLD 0 601.210938 1567447264.1097
CHLD 1 601.218750 1567447264.1098
CHLD 2 601.218750 1567447264.1099
CHLD 3 601.218750 1567447264.1099
CHLD 4 669.863281 1567447264.1100
CHLD 5 671.746094 1567447264.1101
CHLD 6 670.425781 1567447264.1101
CHLD 7 780.156250 1567447264.1102
CHLD 8 10.925781 1567447264.1103
CHLD 9 10.886719 1567447264.1103
CHLD 10 10.898438 1567447264.1104
CHLD 11 10.890625 1567447264.1105
MEM 710.667969 1567447264.2109
CHLD 0 601.210938 1567447264.2525
CHLD 1 601.218750 1567447264.2525
CHLD 2 601.218750 1567447264.2526
CHLD 3 601.218750 1567447264.2527
CHLD 4 669.863281 1567447264.2527
CHLD 5 671.746094 1567447264.2528
CHLD 6 670.425781 1567447264.2528
CHLD 7 780.156250 1567447264.2529
CHLD 8 10.925781 1567447264.2530
CHLD 9 10.886719 1567447264.2530
CHLD 10 10.898438 1567447264.2531
CHLD 11 10.890625 1567447264.2531
MEM 710.667969 1567447264.3536
CHLD 0 601.210938 1567447264.3894
CHLD 1 601.218750 1567447264.3895
CHLD 2 601.218750 1567447264.3895
CHLD 3 601.218750 1567447264.3896
CHLD 4 669.863281 1567447264.3897
CHLD 5 671.746094 1567447264.3898
CHLD 6 670.425781 1567447264.3898
CHLD 7 780.156250 1567447264.3899
CHLD 8 10.925781 1567447264.3899
CHLD 9 10.886719 1567447264.3900
CHLD 10 10.898438 1567447264.3901
CHLD 11 10.890625 1567447264.3901
MEM 710.667969 1567447264.4906
CHLD 0 601.210938 1567447264.5411
CHLD 1 601.218750 1567447264.5412
CHLD 2 601.218750 1567447264.5442
CHLD 3 601.218750 1567447264.5442
CHLD 4 669.863281 1567447264.5443
CHLD 5 671.746094 1567447264.5444
CHLD 6 670.425781 1567447264.5445
CHLD 7 780.156250 1567447264.5445
CHLD 8 10.925781 1567447264.5446
CHLD 9 10.886719 1567447264.5447
CHLD 10 10.898438 1567447264.5447
CHLD 11 10.890625 1567447264.5448
MEM 710.667969 1567447264.6452
CHLD 0 601.210938 1567447264.6643
CHLD 1 601.218750 1567447264.6644
CHLD 2 601.218750 1567447264.6644
CHLD 3 601.218750 1567447264.6648
CHLD 4 669.863281 1567447264.6648
CHLD 5 671.746094 1567447264.6649
CHLD 6 670.425781 1567447264.6650
CHLD 7 783.250000 1567447264.6650
CHLD 8 10.925781 1567447264.6711
CHLD 9 10.886719 1567447264.6712
CHLD 10 10.898438 1567447264.6713
CHLD 11 10.890625 1567447264.6713
MEM 710.667969 1567447264.7717
CHLD 0 601.210938 1567447264.8160
CHLD 1 601.218750 1567447264.8161
CHLD 2 601.218750 1567447264.8161
CHLD 3 601.218750 1567447264.8162
CHLD 4 669.863281 1567447264.8163
CHLD 5 671.746094 1567447264.8163
CHLD 6 670.425781 1567447264.8164
CHLD 7 783.250000 1567447264.8165
CHLD 8 10.925781 1567447264.8165
CHLD 9 10.886719 1567447264.8166
CHLD 10 10.898438 1567447264.8166
CHLD 11 10.890625 1567447264.8167
MEM 710.667969 1567447264.9173
CHLD 0 601.210938 1567447264.9378
CHLD 1 601.218750 1567447264.9379
CHLD 2 601.218750 1567447264.9379
CHLD 3 601.218750 1567447264.9380
CHLD 4 669.863281 1567447264.9380
CHLD 5 671.746094 1567447264.9381
CHLD 6 670.425781 1567447264.9381
CHLD 7 783.250000 1567447264.9382
CHLD 8 10.925781 1567447264.9382
CHLD 9 10.886719 1567447264.9382
CHLD 10 10.898438 1567447264.9383
CHLD 11 10.890625 1567447264.9384
MEM 710.667969 1567447265.0391
CHLD 0 601.210938 1567447265.0604
CHLD 1 601.218750 1567447265.0604
CHLD 2 601.218750 1567447265.0605
CHLD 3 601.218750 1567447265.0739
CHLD 4 669.863281 1567447265.0789
CHLD 5 671.746094 1567447265.0840
CHLD 6 670.425781 1567447265.0841
CHLD 7 783.250000 1567447265.0841
CHLD 8 10.925781 1567447265.0842
CHLD 9 10.886719 1567447265.0842
CHLD 10 10.898438 1567447265.0843
CHLD 11 10.890625 1567447265.0843
MEM 710.683594 1567447265.1848
CHLD 0 601.210938 1567447265.2361
CHLD 1 601.218750 1567447265.2362
CHLD 2 601.218750 1567447265.2362
CHLD 3 601.218750 1567447265.2363
CHLD 4 669.863281 1567447265.2363
CHLD 5 671.746094 1567447265.2364
CHLD 6 670.425781 1567447265.2364
CHLD 7 754.718750 1567447265.2365
CHLD 8 10.925781 1567447265.2365
CHLD 9 10.886719 1567447265.2366
CHLD 10 10.898438 1567447265.2366
CHLD 11 10.890625 1567447265.2367
MEM 710.683594 1567447265.3376
CHLD 0 601.210938 1567447265.3755
CHLD 1 601.218750 1567447265.3755
CHLD 2 601.218750 1567447265.3756
CHLD 3 601.218750 1567447265.3756
CHLD 4 669.863281 1567447265.3757
CHLD 5 671.746094 1567447265.3758
CHLD 6 670.425781 1567447265.3758
CHLD 7 764.515625 1567447265.3759
CHLD 8 10.925781 1567447265.3759
CHLD 9 10.886719 1567447265.3760
CHLD 10 10.898438 1567447265.3761
CHLD 11 10.890625 1567447265.3761
MEM 710.683594 1567447265.4766
CHLD 0 601.210938 1567447265.5174
CHLD 1 601.218750 1567447265.5175
CHLD 2 601.218750 1567447265.5175
CHLD 3 601.218750 1567447265.5176
CHLD 4 669.863281 1567447265.5176
CHLD 5 671.746094 1567447265.5177
CHLD 6 670.425781 1567447265.5177
CHLD 7 752.113281 1567447265.5178
CHLD 8 10.925781 1567447265.5178
CHLD 9 10.886719 1567447265.5179
CHLD 10 10.898438 1567447265.5179
CHLD 11 10.890625 1567447265.5180
MEM 710.683594 1567447265.6184
CHLD 0 601.210938 1567447265.6781
CHLD 1 601.218750 1567447265.6781
CHLD 2 601.218750 1567447265.6782
CHLD 3 601.218750 1567447265.6782
CHLD 4 669.863281 1567447265.6783
CHLD 5 671.746094 1567447265.6784
CHLD 6 670.425781 1567447265.6784
CHLD 7 761.394531 1567447265.6785
CHLD 8 10.925781 1567447265.6785
CHLD 9 10.886719 1567447265.6786
CHLD 10 10.898438 1567447265.6787
CHLD 11 10.890625 1567447265.6787
MEM 710.683594 1567447265.7850
CHLD 0 601.210938 1567447265.8343
CHLD 1 601.218750 1567447265.8344
CHLD 2 601.218750 1567447265.8345
CHLD 3 601.218750 1567447265.8345
CHLD 4 669.863281 1567447265.8346
CHLD 5 671.746094 1567447265.8346
CHLD 6 670.425781 1567447265.8347
CHLD 7 761.394531 1567447265.8347
CHLD 8 10.925781 1567447265.8348
CHLD 9 10.886719 1567447265.8348
CHLD 10 10.898438 1567447265.8349
CHLD 11 10.890625 1567447265.8349
MEM 710.683594 1567447265.9363
CHLD 0 601.210938 1567447265.9818
CHLD 1 601.218750 1567447265.9819
CHLD 2 601.218750 1567447265.9820
CHLD 3 601.218750 1567447265.9821
CHLD 4 669.863281 1567447265.9822
CHLD 5 671.746094 1567447265.9822
CHLD 6 670.425781 1567447265.9848
CHLD 7 761.394531 1567447265.9900
CHLD 8 10.925781 1567447265.9902
CHLD 9 10.886719 1567447265.9940
CHLD 10 10.898438 1567447265.9942
CHLD 11 10.890625 1567447265.9971
MEM 710.683594 1567447266.0989
CHLD 0 601.210938 1567447266.1526
CHLD 1 601.218750 1567447266.1527
CHLD 2 601.218750 1567447266.1527
CHLD 3 601.218750 1567447266.1528
CHLD 4 669.863281 1567447266.1528
CHLD 5 671.746094 1567447266.1529
CHLD 6 670.425781 1567447266.1529
CHLD 7 761.394531 1567447266.1531
CHLD 8 10.925781 1567447266.1532
CHLD 9 10.886719 1567447266.1532
CHLD 10 10.898438 1567447266.1533
CHLD 11 10.890625 1567447266.1533
MEM 710.683594 1567447266.2538
CHLD 0 601.210938 1567447266.3009
CHLD 1 601.218750 1567447266.3009
CHLD 2 601.218750 1567447266.3010
CHLD 3 601.218750 1567447266.3010
CHLD 4 669.863281 1567447266.3011
CHLD 5 671.746094 1567447266.3011
CHLD 6 670.425781 1567447266.3012
CHLD 7 770.417969 1567447266.3013
CHLD 8 10.925781 1567447266.3013
CHLD 9 10.886719 1567447266.3014
CHLD 10 10.898438 1567447266.3014
CHLD 11 10.890625 1567447266.3015
MEM 710.683594 1567447266.4025
CHLD 0 601.210938 1567447266.4607
CHLD 1 601.218750 1567447266.4608
CHLD 2 601.218750 1567447266.4608
CHLD 3 601.218750 1567447266.4609
CHLD 4 669.863281 1567447266.4609
CHLD 5 671.746094 1567447266.4610
CHLD 6 670.425781 1567447266.4610
CHLD 7 761.457031 1567447266.4611
CHLD 8 10.925781 1567447266.4611
CHLD 9 10.886719 1567447266.4612
CHLD 10 10.898438 1567447266.4612
CHLD 11 10.890625 1567447266.4613
MEM 710.683594 1567447266.5617
CHLD 0 601.210938 1567447266.5973
CHLD 1 601.218750 1567447266.5974
CHLD 2 601.218750 1567447266.5975
CHLD 3 601.218750 1567447266.5975
CHLD 4 669.863281 1567447266.5976
CHLD 5 671.746094 1567447266.5977
CHLD 6 670.425781 1567447266.5977
CHLD 7 767.382812 1567447266.5978
CHLD 8 10.925781 1567447266.5978
CHLD 9 10.886719 1567447266.6037
CHLD 10 10.898438 1567447266.6038
CHLD 11 10.890625 1567447266.6039
MEM 710.683594 1567447266.7049
CHLD 0 601.210938 1567447266.7449
CHLD 1 601.218750 1567447266.7450
CHLD 2 601.218750 1567447266.7450
CHLD 3 601.218750 1567447266.7451
CHLD 4 669.863281 1567447266.7451
CHLD 5 671.746094 1567447266.7452
CHLD 6 670.726562 1567447266.7452
CHLD 7 776.402344 1567447266.7452
CHLD 8 10.925781 1567447266.7453
CHLD 9 10.886719 1567447266.7453
CHLD 10 10.898438 1567447266.7454
CHLD 11 10.890625 1567447266.7454
MEM 710.683594 1567447266.8460
CHLD 0 601.210938 1567447266.8589
CHLD 1 601.218750 1567447266.8590
CHLD 2 601.218750 1567447266.8591
CHLD 3 601.218750 1567447266.8591
CHLD 4 669.863281 1567447266.8592
CHLD 5 671.746094 1567447266.8592
CHLD 6 670.726562 1567447266.8593
CHLD 7 782.332031 1567447266.8593
CHLD 8 10.925781 1567447266.8594
CHLD 9 10.886719 1567447266.8594
CHLD 10 10.898438 1567447266.8595
CHLD 11 10.890625 1567447266.8595
MEM 710.683594 1567447266.9599
CHLD 0 601.210938 1567447266.9980
CHLD 1 601.218750 1567447266.9981
CHLD 2 601.218750 1567447266.9982
CHLD 3 601.218750 1567447266.9983
CHLD 4 669.863281 1567447266.9984
CHLD 5 671.746094 1567447266.9985
CHLD 6 670.726562 1567447266.9985
CHLD 7 782.332031 1567447266.9986
CHLD 8 10.925781 1567447266.9987
CHLD 9 10.886719 1567447266.9987
CHLD 10 10.898438 1567447266.9988
CHLD 11 10.890625 1567447266.9988
MEM 710.683594 1567447267.0994
CHLD 0 601.210938 1567447267.1309
CHLD 1 601.218750 1567447267.1310
CHLD 2 601.218750 1567447267.1311
CHLD 3 601.218750 1567447267.1311
CHLD 4 669.863281 1567447267.1312
CHLD 5 671.746094 1567447267.1313
CHLD 6 670.726562 1567447267.1314
CHLD 7 785.425781 1567447267.1314
CHLD 8 10.925781 1567447267.1315
CHLD 9 10.886719 1567447267.1316
CHLD 10 10.898438 1567447267.1316
CHLD 11 10.890625 1567447267.1317
MEM 710.683594 1567447267.2321
CHLD 0 601.210938 1567447267.2650
CHLD 1 601.218750 1567447267.2650
CHLD 2 601.218750 1567447267.2651
CHLD 3 601.218750 1567447267.2651
CHLD 4 669.863281 1567447267.2652
CHLD 5 671.746094 1567447267.2652
CHLD 6 670.726562 1567447267.2653
CHLD 7 785.425781 1567447267.2653
CHLD 8 10.925781 1567447267.2654
CHLD 9 10.886719 1567447267.2655
CHLD 10 10.898438 1567447267.2655
CHLD 11 10.890625 1567447267.2656
MEM 710.683594 1567447267.3660
CHLD 0 601.210938 1567447267.3895
CHLD 1 601.218750 1567447267.3900
CHLD 2 601.218750 1567447267.3901
CHLD 3 601.218750 1567447267.3901
CHLD 4 669.863281 1567447267.3902
CHLD 5 671.746094 1567447267.3902
CHLD 6 670.726562 1567447267.3910
CHLD 7 764.242188 1567447267.3911
CHLD 8 10.925781 1567447267.3912
CHLD 9 10.886719 1567447267.3912
CHLD 10 10.898438 1567447267.3916
CHLD 11 10.890625 1567447267.3916
MEM 710.683594 1567447267.4921
CHLD 0 601.210938 1567447267.5193
CHLD 1 601.218750 1567447267.5194
CHLD 2 601.218750 1567447267.5194
CHLD 3 601.218750 1567447267.5195
CHLD 4 669.863281 1567447267.5195
CHLD 5 671.746094 1567447267.5196
CHLD 6 670.726562 1567447267.5196
CHLD 7 764.242188 1567447267.5197
CHLD 8 10.925781 1567447267.5198
CHLD 9 10.886719 1567447267.5201
CHLD 10 10.898438 1567447267.5202
CHLD 11 10.890625 1567447267.5202
MEM 710.683594 1567447267.6209
CHLD 0 601.210938 1567447267.6391
CHLD 1 601.218750 1567447267.6391
CHLD 2 601.218750 1567447267.6392
CHLD 3 601.218750 1567447267.6392
CHLD 4 670.667969 1567447267.6393
CHLD 5 671.746094 1567447267.6394
CHLD 6 670.726562 1567447267.6394
CHLD 7 764.242188 1567447267.6395
CHLD 8 10.925781 1567447267.6395
CHLD 9 10.886719 1567447267.6396
CHLD 10 10.898438 1567447267.6397
CHLD 11 10.890625 1567447267.6397
MEM 710.683594 1567447267.7401
CHLD 0 601.210938 1567447267.7593
CHLD 1 601.218750 1567447267.7593
CHLD 2 601.218750 1567447267.7594
CHLD 3 601.218750 1567447267.7594
CHLD 4 670.667969 1567447267.7595
CHLD 5 671.746094 1567447267.7596
CHLD 6 670.726562 1567447267.7596
CHLD 7 746.082031 1567447267.7597
CHLD 8 10.925781 1567447267.7597
CHLD 9 10.886719 1567447267.7598
CHLD 10 10.898438 1567447267.7599
CHLD 11 10.890625 1567447267.7599
MEM 710.683594 1567447267.8606
CHLD 0 601.210938 1567447267.8933
CHLD 1 601.218750 1567447267.8934
CHLD 2 601.218750 1567447267.8935
CHLD 3 601.218750 1567447267.8935
CHLD 4 670.925781 1567447267.8936
CHLD 5 671.746094 1567447267.8937
CHLD 6 670.726562 1567447267.8937
CHLD 7 721.500000 1567447267.8938
CHLD 8 10.925781 1567447267.8939
CHLD 9 10.886719 1567447267.8939
CHLD 10 10.898438 1567447267.8940
CHLD 11 10.890625 1567447267.8941
MEM 710.683594 1567447267.9945
CHLD 0 601.210938 1567447268.0095
CHLD 1 601.218750 1567447268.0096
CHLD 2 601.218750 1567447268.0097
CHLD 3 601.218750 1567447268.0097
CHLD 4 671.183594 1567447268.0098
CHLD 5 671.746094 1567447268.0098
CHLD 6 670.726562 1567447268.0099
CHLD 7 723.554688 1567447268.0099
CHLD 8 10.925781 1567447268.0100
CHLD 9 10.886719 1567447268.0100
CHLD 10 10.898438 1567447268.0101
CHLD 11 10.890625 1567447268.0102
MEM 710.683594 1567447268.1105
CHLD 0 601.210938 1567447268.1501
CHLD 1 601.218750 1567447268.1502
CHLD 2 601.218750 1567447268.1503
CHLD 3 601.218750 1567447268.1503
CHLD 4 671.441406 1567447268.1504
CHLD 5 673.375000 1567447268.1505
CHLD 6 670.726562 1567447268.1505
CHLD 7 723.554688 1567447268.1506
CHLD 8 10.925781 1567447268.1506
CHLD 9 10.886719 1567447268.1507
CHLD 10 10.898438 1567447268.1508
CHLD 11 10.890625 1567447268.1508
MEM 710.683594 1567447268.2513
CHLD 0 601.210938 1567447268.2759
CHLD 1 601.218750 1567447268.2760
CHLD 2 601.218750 1567447268.2760
CHLD 3 601.218750 1567447268.2761
CHLD 4 671.699219 1567447268.2761
CHLD 5 673.886719 1567447268.2762
CHLD 6 671.253906 1567447268.2763
CHLD 7 723.554688 1567447268.2763
CHLD 8 10.925781 1567447268.2764
CHLD 9 10.886719 1567447268.2764
CHLD 10 10.898438 1567447268.2765
CHLD 11 10.890625 1567447268.2766
MEM 710.683594 1567447268.3770
CHLD 0 601.210938 1567447268.3938
CHLD 1 601.218750 1567447268.3939
CHLD 2 601.218750 1567447268.3939
CHLD 3 601.218750 1567447268.3940
CHLD 4 671.808594 1567447268.3941
CHLD 5 674.402344 1567447268.3941
CHLD 6 671.757812 1567447268.3942
CHLD 7 723.554688 1567447268.3942
CHLD 8 10.925781 1567447268.3943
CHLD 9 10.886719 1567447268.3944
CHLD 10 10.898438 1567447268.3944
CHLD 11 10.890625 1567447268.3945
MEM 710.683594 1567447268.4949
CHLD 0 601.210938 1567447268.5209
CHLD 1 601.218750 1567447268.5209
CHLD 2 601.218750 1567447268.5210
CHLD 3 601.218750 1567447268.5211
CHLD 4 672.062500 1567447268.5211
CHLD 5 674.917969 1567447268.5212
CHLD 6 672.015625 1567447268.5212
CHLD 7 723.554688 1567447268.5213
CHLD 8 10.925781 1567447268.5214
CHLD 9 10.886719 1567447268.5214
CHLD 10 10.898438 1567447268.5215
CHLD 11 10.890625 1567447268.5215
MEM 710.683594 1567447268.6220
CHLD 0 601.210938 1567447268.6413
CHLD 1 601.218750 1567447268.6413
CHLD 2 601.218750 1567447268.6414
CHLD 3 601.218750 1567447268.6415
CHLD 4 672.558594 1567447268.6415
CHLD 5 675.175781 1567447268.6416
CHLD 6 672.652344 1567447268.6416
CHLD 7 723.554688 1567447268.6417
CHLD 8 10.925781 1567447268.6418
CHLD 9 10.886719 1567447268.6418
CHLD 10 10.898438 1567447268.6419
CHLD 11 10.890625 1567447268.6419
MEM 710.683594 1567447268.7424
CHLD 0 601.210938 1567447268.7784
CHLD 1 601.218750 1567447268.7784
CHLD 2 601.218750 1567447268.7785
CHLD 3 601.218750 1567447268.7786
CHLD 4 673.308594 1567447268.7786
CHLD 5 675.949219 1567447268.7787
CHLD 6 672.910156 1567447268.7787
CHLD 7 723.554688 1567447268.7788
CHLD 8 10.925781 1567447268.7789
CHLD 9 10.886719 1567447268.7789
CHLD 10 10.898438 1567447268.7790
CHLD 11 10.890625 1567447268.7790
MEM 710.683594 1567447268.8794
CHLD 0 601.210938 1567447268.9124
CHLD 1 601.218750 1567447268.9125
CHLD 2 601.218750 1567447268.9125
CHLD 3 601.218750 1567447268.9126
CHLD 4 673.820312 1567447268.9126
CHLD 5 676.082031 1567447268.9127
CHLD 6 673.398438 1567447268.9128
CHLD 7 723.554688 1567447268.9128
CHLD 8 10.925781 1567447268.9129
CHLD 9 10.886719 1567447268.9129
CHLD 10 10.898438 1567447268.9130
CHLD 11 10.890625 1567447268.9130
MEM 710.683594 1567447269.0135
CHLD 0 601.210938 1567447269.0547
CHLD 1 601.218750 1567447269.0547
CHLD 2 601.218750 1567447269.0548
CHLD 3 601.218750 1567447269.0548
CHLD 4 674.421875 1567447269.0549
CHLD 5 676.082031 1567447269.0550
CHLD 6 673.902344 1567447269.0550
CHLD 7 723.554688 1567447269.0551
CHLD 8 10.925781 1567447269.0551
CHLD 9 10.886719 1567447269.0552
CHLD 10 10.898438 1567447269.0552
CHLD 11 10.890625 1567447269.0553
MEM 710.683594 1567447269.1557
CHLD 0 601.210938 1567447269.1703
CHLD 1 601.218750 1567447269.1704
CHLD 2 601.218750 1567447269.1705
CHLD 3 601.218750 1567447269.1705
CHLD 4 683.328125 1567447269.1706
CHLD 5 676.847656 1567447269.1706
CHLD 6 676.027344 1567447269.1707
CHLD 7 723.554688 1567447269.1707
CHLD 8 10.925781 1567447269.1708
CHLD 9 10.886719 1567447269.1709
CHLD 10 10.898438 1567447269.1709
CHLD 11 10.890625 1567447269.1710
MEM 710.683594 1567447269.2715
CHLD 0 601.210938 1567447269.2864
CHLD 1 601.218750 1567447269.2865
CHLD 2 601.218750 1567447269.2865
CHLD 3 601.218750 1567447269.2866
CHLD 4 689.257812 1567447269.2866
CHLD 5 677.105469 1567447269.2867
CHLD 6 676.027344 1567447269.2867
CHLD 7 723.554688 1567447269.2868
CHLD 8 10.925781 1567447269.2868
CHLD 9 10.886719 1567447269.2869
CHLD 10 10.898438 1567447269.2869
CHLD 11 10.890625 1567447269.2870
MEM 710.683594 1567447269.3874
CHLD 0 601.210938 1567447269.4068
CHLD 1 601.218750 1567447269.4069
CHLD 2 601.218750 1567447269.4070
CHLD 3 601.218750 1567447269.4070
CHLD 4 695.960938 1567447269.4071
CHLD 5 677.105469 1567447269.4071
CHLD 6 686.957031 1567447269.4072
CHLD 7 723.554688 1567447269.4072
CHLD 8 10.925781 1567447269.4073
CHLD 9 10.886719 1567447269.4073
CHLD 10 10.898438 1567447269.4074
CHLD 11 10.890625 1567447269.4074
MEM 710.683594 1567447269.5079
CHLD 0 601.210938 1567447269.5295
CHLD 1 601.218750 1567447269.5296
CHLD 2 601.218750 1567447269.5296
CHLD 3 601.218750 1567447269.5297
CHLD 4 697.765625 1567447269.5297
CHLD 5 677.105469 1567447269.5298
CHLD 6 693.660156 1567447269.5299
CHLD 7 723.554688 1567447269.5299
CHLD 8 10.925781 1567447269.5300
CHLD 9 10.886719 1567447269.5300
CHLD 10 10.898438 1567447269.5301
CHLD 11 10.890625 1567447269.5302
MEM 710.683594 1567447269.6309
CHLD 0 601.210938 1567447269.6756
CHLD 1 601.218750 1567447269.6817
CHLD 2 601.218750 1567447269.6817
CHLD 3 601.218750 1567447269.6818
CHLD 4 697.765625 1567447269.6819
CHLD 5 677.105469 1567447269.6819
CHLD 6 695.464844 1567447269.6820
CHLD 7 725.335938 1567447269.6820
CHLD 8 10.925781 1567447269.6821
CHLD 9 10.886719 1567447269.6821
CHLD 10 10.898438 1567447269.6822
CHLD 11 10.890625 1567447269.6823
MEM 710.683594 1567447269.7827
CHLD 0 601.210938 1567447269.8099
CHLD 1 601.218750 1567447269.8100
CHLD 2 601.218750 1567447269.8101
CHLD 3 601.218750 1567447269.8101
CHLD 4 697.765625 1567447269.8102
CHLD 5 677.105469 1567447269.8102
CHLD 6 697.785156 1567447269.8104
CHLD 7 725.335938 1567447269.8104
CHLD 8 10.925781 1567447269.8105
CHLD 9 10.886719 1567447269.8105
CHLD 10 10.898438 1567447269.8106
CHLD 11 10.890625 1567447269.8107
MEM 710.683594 1567447269.9111
CHLD 0 601.210938 1567447269.9419
CHLD 1 601.218750 1567447269.9419
CHLD 2 601.218750 1567447269.9420
CHLD 3 601.218750 1567447269.9421
CHLD 4 726.531250 1567447269.9421
CHLD 5 677.105469 1567447269.9422
CHLD 6 698.816406 1567447269.9425
CHLD 7 726.078125 1567447269.9425
CHLD 8 10.925781 1567447269.9426
CHLD 9 10.886719 1567447269.9426
CHLD 10 10.898438 1567447269.9505
CHLD 11 10.890625 1567447269.9506
MEM 710.683594 1567447270.0511
CHLD 0 601.210938 1567447270.0759
CHLD 1 601.218750 1567447270.0760
CHLD 2 601.218750 1567447270.0760
CHLD 3 601.218750 1567447270.0761
CHLD 4 739.679688 1567447270.0762
CHLD 5 677.468750 1567447270.0762
CHLD 6 699.332031 1567447270.0763
CHLD 7 726.230469 1567447270.0763
CHLD 8 10.925781 1567447270.0764
CHLD 9 10.886719 1567447270.0764
CHLD 10 10.898438 1567447270.0765
CHLD 11 10.890625 1567447270.0766
MEM 710.683594 1567447270.1770
CHLD 0 601.210938 1567447270.1933
CHLD 1 601.218750 1567447270.1934
CHLD 2 601.218750 1567447270.1934
CHLD 3 601.218750 1567447270.1935
CHLD 4 746.125000 1567447270.1935
CHLD 5 677.468750 1567447270.1936
CHLD 6 699.332031 1567447270.1936
CHLD 7 726.484375 1567447270.1937
CHLD 8 10.925781 1567447270.1938
CHLD 9 10.886719 1567447270.1938
CHLD 10 10.898438 1567447270.1939
CHLD 11 10.890625 1567447270.1939
MEM 710.683594 1567447270.2946
CHLD 0 601.210938 1567447270.3138
CHLD 1 601.218750 1567447270.3139
CHLD 2 601.218750 1567447270.3140
CHLD 3 601.218750 1567447270.3140
CHLD 4 750.046875 1567447270.3141
CHLD 5 677.468750 1567447270.3141
CHLD 6 700.621094 1567447270.3142
CHLD 7 726.738281 1567447270.3484
CHLD 8 10.925781 1567447270.3486
CHLD 9 10.886719 1567447270.3486
CHLD 10 10.898438 1567447270.3487
CHLD 11 10.890625 1567447270.3488
MEM 710.683594 1567447270.4492
CHLD 0 601.210938 1567447270.5055
CHLD 1 601.218750 1567447270.5056
CHLD 2 601.218750 1567447270.5056
CHLD 3 601.218750 1567447270.5057
CHLD 4 758.058594 1567447270.5058
CHLD 5 677.468750 1567447270.5058
CHLD 6 701.652344 1567447270.5059
CHLD 7 726.738281 1567447270.5060
CHLD 8 10.925781 1567447270.5060
CHLD 9 10.886719 1567447270.5061
CHLD 10 10.898438 1567447270.5062
CHLD 11 10.890625 1567447270.5063
MEM 710.683594 1567447270.6077
CHLD 0 601.210938 1567447270.6736
CHLD 1 601.218750 1567447270.6736
CHLD 2 601.218750 1567447270.6737
CHLD 3 601.218750 1567447270.6737
CHLD 4 766.308594 1567447270.6738
CHLD 5 677.468750 1567447270.6739
CHLD 6 703.714844 1567447270.6739
CHLD 7 726.996094 1567447270.6740
CHLD 8 10.925781 1567447270.6740
CHLD 9 10.886719 1567447270.6741
CHLD 10 10.898438 1567447270.6742
CHLD 11 10.890625 1567447270.6742
MEM 710.683594 1567447270.7746
CHLD 0 601.210938 1567447270.7948
CHLD 1 601.218750 1567447270.7949
CHLD 2 601.218750 1567447270.7950
CHLD 3 601.218750 1567447270.7950
CHLD 4 766.308594 1567447270.7951
CHLD 5 677.468750 1567447270.7951
CHLD 6 703.714844 1567447270.7952
CHLD 7 726.996094 1567447270.7952
CHLD 8 10.925781 1567447270.7953
CHLD 9 10.886719 1567447270.7953
CHLD 10 10.898438 1567447270.7954
CHLD 11 10.890625 1567447270.7954
MEM 710.683594 1567447270.8959
CHLD 0 601.210938 1567447270.9314
CHLD 1 601.218750 1567447270.9315
CHLD 2 601.218750 1567447270.9315
CHLD 3 601.218750 1567447270.9316
CHLD 4 766.308594 1567447270.9316
CHLD 5 677.468750 1567447270.9317
CHLD 6 703.972656 1567447270.9318
CHLD 7 727.253906 1567447270.9318
CHLD 8 10.925781 1567447270.9319
CHLD 9 10.886719 1567447270.9319
CHLD 10 10.898438 1567447270.9320
CHLD 11 10.890625 1567447270.9321
MEM 710.683594 1567447271.0325
CHLD 0 601.210938 1567447271.0519
CHLD 1 601.218750 1567447271.0520
CHLD 2 601.218750 1567447271.0520
CHLD 3 601.218750 1567447271.0521
CHLD 4 770.433594 1567447271.0522
CHLD 5 677.468750 1567447271.0522
CHLD 6 706.035156 1567447271.0523
CHLD 7 727.511719 1567447271.0523
CHLD 8 10.925781 1567447271.0524
CHLD 9 10.886719 1567447271.0525
CHLD 10 10.898438 1567447271.0525
CHLD 11 10.890625 1567447271.0526
MEM 710.683594 1567447271.1535
CHLD 0 601.210938 1567447271.1732
CHLD 1 601.218750 1567447271.1733
CHLD 2 601.218750 1567447271.1733
CHLD 3 601.218750 1567447271.1734
CHLD 4 770.433594 1567447271.1734
CHLD 5 677.468750 1567447271.1735
CHLD 6 706.035156 1567447271.1735
CHLD 7 727.511719 1567447271.1736
CHLD 8 10.925781 1567447271.1737
CHLD 9 10.886719 1567447271.1737
CHLD 10 10.898438 1567447271.1738
CHLD 11 10.890625 1567447271.1738
MEM 710.683594 1567447271.2744
CHLD 0 601.210938 1567447271.3092
CHLD 1 601.218750 1567447271.3092
CHLD 2 601.218750 1567447271.3093
CHLD 3 601.218750 1567447271.3094
CHLD 4 778.425781 1567447271.3094
CHLD 5 677.468750 1567447271.3095
CHLD 6 706.035156 1567447271.3095
CHLD 7 727.769531 1567447271.3096
CHLD 8 10.925781 1567447271.3096
CHLD 9 10.886719 1567447271.3097
CHLD 10 10.898438 1567447271.3098
CHLD 11 10.890625 1567447271.3098
MEM 710.683594 1567447271.4108
CHLD 0 601.210938 1567447271.4358
CHLD 1 601.218750 1567447271.4359
CHLD 2 601.218750 1567447271.4359
CHLD 3 601.218750 1567447271.4360
CHLD 4 752.437500 1567447271.4360
CHLD 5 677.468750 1567447271.4361
CHLD 6 707.324219 1567447271.4362
CHLD 7 728.023438 1567447271.4362
CHLD 8 10.925781 1567447271.4363
CHLD 9 10.886719 1567447271.4363
CHLD 10 10.898438 1567447271.4394
CHLD 11 10.890625 1567447271.4395
MEM 710.683594 1567447271.5401
CHLD 0 601.210938 1567447271.5748
CHLD 1 601.218750 1567447271.5749
CHLD 2 601.218750 1567447271.5749
CHLD 3 601.218750 1567447271.5750
CHLD 4 763.523438 1567447271.5750
CHLD 5 677.468750 1567447271.5751
CHLD 6 707.324219 1567447271.5751
CHLD 7 728.281250 1567447271.5752
CHLD 8 10.925781 1567447271.5753
CHLD 9 10.886719 1567447271.5753
CHLD 10 10.898438 1567447271.5754
CHLD 11 10.890625 1567447271.5754
MEM 710.683594 1567447271.6758
CHLD 0 601.210938 1567447271.7014
CHLD 1 601.218750 1567447271.7015
CHLD 2 601.218750 1567447271.7016
CHLD 3 601.218750 1567447271.7016
CHLD 4 759.503906 1567447271.7017
CHLD 5 677.468750 1567447271.7018
CHLD 6 710.417969 1567447271.7019
CHLD 7 728.281250 1567447271.7019
CHLD 8 10.925781 1567447271.7020
CHLD 9 10.886719 1567447271.7021
CHLD 10 10.898438 1567447271.7022
CHLD 11 10.890625 1567447271.7022
MEM 710.683594 1567447271.8142
CHLD 0 601.210938 1567447271.8501
CHLD 1 601.218750 1567447271.8502
CHLD 2 601.218750 1567447271.8502
CHLD 3 601.218750 1567447271.8503
CHLD 4 763.113281 1567447271.8504
CHLD 5 677.468750 1567447271.8504
CHLD 6 710.417969 1567447271.8505
CHLD 7 728.507812 1567447271.8505
CHLD 8 10.925781 1567447271.8506
CHLD 9 10.886719 1567447271.8507
CHLD 10 10.898438 1567447271.8507
CHLD 11 10.890625 1567447271.8508
MEM 710.683594 1567447271.9512
CHLD 0 601.210938 1567447271.9679
CHLD 1 601.218750 1567447271.9680
CHLD 2 601.218750 1567447271.9681
CHLD 3 601.218750 1567447271.9682
CHLD 4 766.722656 1567447271.9682
CHLD 5 677.468750 1567447271.9683
CHLD 6 710.417969 1567447271.9684
CHLD 7 728.984375 1567447271.9684
CHLD 8 10.925781 1567447271.9685
CHLD 9 10.886719 1567447271.9686
CHLD 10 10.898438 1567447271.9687
CHLD 11 10.890625 1567447271.9687
MEM 710.683594 1567447272.0692
CHLD 0 601.210938 1567447272.1008
CHLD 1 601.218750 1567447272.1009
CHLD 2 601.218750 1567447272.1009
CHLD 3 601.218750 1567447272.1010
CHLD 4 771.878906 1567447272.1010
CHLD 5 677.468750 1567447272.1011
CHLD 6 710.417969 1567447272.1012
CHLD 7 728.984375 1567447272.1012
CHLD 8 10.925781 1567447272.1013
CHLD 9 10.886719 1567447272.1013
CHLD 10 10.898438 1567447272.1014
CHLD 11 10.890625 1567447272.1014
MEM 710.683594 1567447272.2022
CHLD 0 601.210938 1567447272.2557
CHLD 1 601.218750 1567447272.2557
CHLD 2 601.218750 1567447272.2558
CHLD 3 601.218750 1567447272.2620
CHLD 4 756.136719 1567447272.2621
CHLD 5 677.468750 1567447272.2622
CHLD 6 710.417969 1567447272.2622
CHLD 7 728.984375 1567447272.2623
CHLD 8 10.925781 1567447272.2623
CHLD 9 10.886719 1567447272.2624
CHLD 10 10.898438 1567447272.2625
CHLD 11 10.890625 1567447272.2625
MEM 710.683594 1567447272.3631
CHLD 0 601.210938 1567447272.3895
CHLD 1 601.218750 1567447272.3896
CHLD 2 601.218750 1567447272.3896
CHLD 3 601.218750 1567447272.3897
CHLD 4 762.835938 1567447272.3897
CHLD 5 677.468750 1567447272.3898
CHLD 6 710.417969 1567447272.3898
CHLD 7 728.984375 1567447272.3899
CHLD 8 10.925781 1567447272.3899
CHLD 9 10.886719 1567447272.3900
CHLD 10 10.898438 1567447272.3900
CHLD 11 10.890625 1567447272.3901
MEM 710.683594 1567447272.4905
CHLD 0 601.210938 1567447272.5093
CHLD 1 601.218750 1567447272.5093
CHLD 2 601.218750 1567447272.5094
CHLD 3 601.218750 1567447272.5095
CHLD 4 762.835938 1567447272.5095
CHLD 5 677.468750 1567447272.5096
CHLD 6 710.417969 1567447272.5096
CHLD 7 728.984375 1567447272.5097
CHLD 8 10.925781 1567447272.5098
CHLD 9 10.886719 1567447272.5098
CHLD 10 10.898438 1567447272.5099
CHLD 11 10.890625 1567447272.5100
MEM 710.683594 1567447272.6104
CHLD 0 601.210938 1567447272.6515
CHLD 1 601.218750 1567447272.6515
CHLD 2 601.218750 1567447272.6516
CHLD 3 601.218750 1567447272.6516
CHLD 4 762.835938 1567447272.6517
CHLD 5 677.468750 1567447272.6517
CHLD 6 710.675781 1567447272.6518
CHLD 7 729.753906 1567447272.6518
CHLD 8 10.925781 1567447272.6519
CHLD 9 10.886719 1567447272.6520
CHLD 10 10.898438 1567447272.6520
CHLD 11 10.890625 1567447272.6521
MEM 710.683594 1567447272.7546
CHLD 0 601.210938 1567447272.8099
CHLD 1 601.218750 1567447272.8100
CHLD 2 601.218750 1567447272.8100
CHLD 3 601.218750 1567447272.8101
CHLD 4 762.835938 1567447272.8101
CHLD 5 677.468750 1567447272.8102
CHLD 6 710.675781 1567447272.8102
CHLD 7 730.011719 1567447272.8103
CHLD 8 10.925781 1567447272.8104
CHLD 9 10.886719 1567447272.8104
CHLD 10 10.898438 1567447272.8105
CHLD 11 10.890625 1567447272.8105
MEM 710.683594 1567447272.9111
CHLD 0 601.210938 1567447272.9650
CHLD 1 601.218750 1567447272.9651
CHLD 2 601.218750 1567447272.9651
CHLD 3 601.218750 1567447272.9652
CHLD 4 763.867188 1567447272.9653
CHLD 5 677.468750 1567447272.9653
CHLD 6 710.675781 1567447272.9654
CHLD 7 730.011719 1567447272.9654
CHLD 8 10.925781 1567447272.9655
CHLD 9 10.886719 1567447272.9656
CHLD 10 10.898438 1567447272.9656
CHLD 11 10.890625 1567447272.9657
MEM 710.683594 1567447273.0661
CHLD 0 601.210938 1567447273.0940
CHLD 1 601.218750 1567447273.0941
CHLD 2 601.218750 1567447273.0942
CHLD 3 601.218750 1567447273.0942
CHLD 4 747.742188 1567447273.0943
CHLD 5 677.468750 1567447273.0943
CHLD 6 711.449219 1567447273.0944
CHLD 7 730.011719 1567447273.0944
CHLD 8 10.925781 1567447273.0945
CHLD 9 10.886719 1567447273.0946
CHLD 10 10.898438 1567447273.0946
CHLD 11 10.890625 1567447273.0947
MEM 710.683594 1567447273.1951
CHLD 0 601.210938 1567447273.2339
CHLD 1 601.218750 1567447273.2339
CHLD 2 601.218750 1567447273.2339
CHLD 3 601.218750 1567447273.2340
CHLD 4 753.410156 1567447273.2340
CHLD 5 677.468750 1567447273.2341
CHLD 6 711.707031 1567447273.2341
CHLD 7 730.011719 1567447273.2342
CHLD 8 10.925781 1567447273.2342
CHLD 9 10.886719 1567447273.2343
CHLD 10 10.898438 1567447273.2344
CHLD 11 10.890625 1567447273.2344
MEM 710.683594 1567447273.3349
CHLD 0 601.210938 1567447273.3646
CHLD 1 601.218750 1567447273.3646
CHLD 2 601.218750 1567447273.3647
CHLD 3 601.218750 1567447273.3647
CHLD 4 756.246094 1567447273.3648
CHLD 5 677.468750 1567447273.3648
CHLD 6 711.707031 1567447273.3649
CHLD 7 730.011719 1567447273.3649
CHLD 8 10.925781 1567447273.3650
CHLD 9 10.886719 1567447273.3650
CHLD 10 10.898438 1567447273.3651
CHLD 11 10.890625 1567447273.3651
MEM 710.683594 1567447273.4663
CHLD 0 601.210938 1567447273.5089
CHLD 1 601.218750 1567447273.5089
CHLD 2 601.218750 1567447273.5090
CHLD 3 601.218750 1567447273.5090
CHLD 4 762.949219 1567447273.5091
CHLD 5 677.468750 1567447273.5092
CHLD 6 711.707031 1567447273.5092
CHLD 7 730.011719 1567447273.5093
CHLD 8 10.925781 1567447273.5093
CHLD 9 10.886719 1567447273.5094
CHLD 10 10.898438 1567447273.5095
CHLD 11 10.890625 1567447273.5095
MEM 710.683594 1567447273.6103
CHLD 0 601.210938 1567447273.6268
CHLD 1 601.218750 1567447273.6269
CHLD 2 601.218750 1567447273.6269
CHLD 3 601.218750 1567447273.6270
CHLD 4 762.949219 1567447273.6271
CHLD 5 677.468750 1567447273.6271
CHLD 6 711.707031 1567447273.6272
CHLD 7 730.011719 1567447273.6272
CHLD 8 10.925781 1567447273.6273
CHLD 9 10.886719 1567447273.6273
CHLD 10 10.898438 1567447273.6274
CHLD 11 10.890625 1567447273.6275
MEM 710.683594 1567447273.7279
CHLD 0 601.210938 1567447273.7494
CHLD 1 601.218750 1567447273.7495
CHLD 2 601.218750 1567447273.7496
CHLD 3 601.218750 1567447273.7496
CHLD 4 762.949219 1567447273.7497
CHLD 5 677.468750 1567447273.7497
CHLD 6 711.707031 1567447273.7498
CHLD 7 730.011719 1567447273.7498
CHLD 8 10.925781 1567447273.7499
CHLD 9 10.886719 1567447273.7499
CHLD 10 10.898438 1567447273.7500
CHLD 11 10.890625 1567447273.7501
MEM 710.683594 1567447273.8505
CHLD 0 601.210938 1567447273.8701
CHLD 1 601.218750 1567447273.8702
CHLD 2 601.218750 1567447273.8780
CHLD 3 601.218750 1567447273.8808
CHLD 4 763.207031 1567447273.8845
CHLD 5 677.468750 1567447273.8845
CHLD 6 711.707031 1567447273.8846
CHLD 7 730.011719 1567447273.8847
CHLD 8 10.925781 1567447273.8847
CHLD 9 10.886719 1567447273.8848
CHLD 10 10.898438 1567447273.8848
CHLD 11 10.890625 1567447273.8849
MEM 710.683594 1567447273.9853
CHLD 0 601.210938 1567447274.0049
CHLD 1 601.218750 1567447274.0049
CHLD 2 601.218750 1567447274.0050
CHLD 3 601.218750 1567447274.0051
CHLD 4 763.207031 1567447274.0051
CHLD 5 677.468750 1567447274.0052
CHLD 6 711.707031 1567447274.0052
CHLD 7 730.011719 1567447274.0053
CHLD 8 10.925781 1567447274.0053
CHLD 9 10.886719 1567447274.0054
CHLD 10 10.898438 1567447274.0054
CHLD 11 10.890625 1567447274.0055
MEM 710.683594 1567447274.1059
CHLD 0 601.210938 1567447274.1388
CHLD 1 601.218750 1567447274.1470
CHLD 2 601.218750 1567447274.1478
CHLD 3 601.218750 1567447274.1479
CHLD 4 766.300781 1567447274.1479
CHLD 5 677.468750 1567447274.1480
CHLD 6 711.707031 1567447274.1481
CHLD 7 730.011719 1567447274.1481
CHLD 8 10.925781 1567447274.1488
CHLD 9 10.886719 1567447274.1529
CHLD 10 10.898438 1567447274.1530
CHLD 11 10.890625 1567447274.1531
MEM 710.683594 1567447274.2535
CHLD 0 601.210938 1567447274.3159
CHLD 1 601.218750 1567447274.3159
CHLD 2 601.218750 1567447274.3159
CHLD 3 601.218750 1567447274.3160
CHLD 4 766.300781 1567447274.3160
CHLD 5 677.468750 1567447274.3160
CHLD 6 711.707031 1567447274.3161
CHLD 7 730.011719 1567447274.3161
CHLD 8 10.925781 1567447274.3161
CHLD 9 10.886719 1567447274.3163
CHLD 10 10.898438 1567447274.3163
CHLD 11 10.890625 1567447274.3301
MEM 710.683594 1567447274.4305
CHLD 0 601.210938 1567447274.4859
CHLD 1 601.218750 1567447274.4859
CHLD 2 601.218750 1567447274.4860
CHLD 3 601.218750 1567447274.4861
CHLD 4 769.652344 1567447274.4861
CHLD 5 677.468750 1567447274.4862
CHLD 6 711.707031 1567447274.4862
CHLD 7 730.011719 1567447274.4863
CHLD 8 10.925781 1567447274.4864
CHLD 9 10.886719 1567447274.4864
CHLD 10 10.898438 1567447274.4865
CHLD 11 10.890625 1567447274.4865
MEM 710.683594 1567447274.5877
CHLD 0 601.210938 1567447274.6140
CHLD 1 601.218750 1567447274.6141
CHLD 2 601.218750 1567447274.6142
CHLD 3 601.218750 1567447274.6144
CHLD 4 753.570312 1567447274.6144
CHLD 5 677.468750 1567447274.6145
CHLD 6 711.707031 1567447274.6145
CHLD 7 730.011719 1567447274.6146
CHLD 8 10.925781 1567447274.6147
CHLD 9 10.886719 1567447274.6147
CHLD 10 10.898438 1567447274.6148
CHLD 11 10.890625 1567447274.6149
MEM 710.683594 1567447274.7153
CHLD 0 601.210938 1567447274.7504
CHLD 1 601.218750 1567447274.7505
CHLD 2 601.218750 1567447274.7505
CHLD 3 601.218750 1567447274.7506
CHLD 4 761.300781 1567447274.7506
CHLD 5 677.468750 1567447274.7576
CHLD 6 711.707031 1567447274.7578
CHLD 7 730.011719 1567447274.7579
CHLD 8 10.925781 1567447274.7580
CHLD 9 10.886719 1567447274.7580
CHLD 10 10.898438 1567447274.7581
CHLD 11 10.890625 1567447274.7582
MEM 710.683594 1567447274.8586
CHLD 0 601.210938 1567447274.8945
CHLD 1 601.218750 1567447274.8945
CHLD 2 601.218750 1567447274.8982
CHLD 3 601.218750 1567447274.8984
CHLD 4 771.355469 1567447274.8984
CHLD 5 677.468750 1567447274.8985
CHLD 6 711.707031 1567447274.8986
CHLD 7 730.011719 1567447274.8986
CHLD 8 10.925781 1567447274.8987
CHLD 9 10.886719 1567447274.8987
CHLD 10 10.898438 1567447274.8988
CHLD 11 10.890625 1567447274.8989
MEM 710.683594 1567447274.9993
CHLD 0 601.210938 1567447275.0498
CHLD 1 601.218750 1567447275.0499
CHLD 2 601.218750 1567447275.0499
CHLD 3 601.218750 1567447275.0500
CHLD 4 771.355469 1567447275.0501
CHLD 5 677.468750 1567447275.0501
CHLD 6 711.707031 1567447275.0502
CHLD 7 730.011719 1567447275.0502
CHLD 8 10.925781 1567447275.0503
CHLD 9 10.886719 1567447275.0503
CHLD 10 10.898438 1567447275.0504
CHLD 11 10.890625 1567447275.0504
MEM 710.683594 1567447275.1587
CHLD 0 601.210938 1567447275.1773
CHLD 1 601.218750 1567447275.1773
CHLD 2 601.218750 1567447275.1774
CHLD 3 601.218750 1567447275.1775
CHLD 4 772.644531 1567447275.1775
CHLD 5 677.468750 1567447275.1776
CHLD 6 711.707031 1567447275.1777
CHLD 7 730.011719 1567447275.1777
CHLD 8 10.925781 1567447275.1778
CHLD 9 10.886719 1567447275.1779
CHLD 10 10.898438 1567447275.1779
CHLD 11 10.890625 1567447275.1780
MEM 710.683594 1567447275.2784
CHLD 0 601.210938 1567447275.3053
CHLD 1 601.218750 1567447275.3054
CHLD 2 601.218750 1567447275.3054
CHLD 3 601.218750 1567447275.3055
CHLD 4 772.644531 1567447275.3056
CHLD 5 677.468750 1567447275.3056
CHLD 6 711.707031 1567447275.3057
CHLD 7 730.011719 1567447275.3058
CHLD 8 10.925781 1567447275.3058
CHLD 9 10.886719 1567447275.3059
CHLD 10 10.898438 1567447275.3060
CHLD 11 10.890625 1567447275.3060
MEM 710.683594 1567447275.4080
CHLD 0 601.210938 1567447275.4398
CHLD 1 601.218750 1567447275.4398
CHLD 2 601.218750 1567447275.4399
CHLD 3 601.218750 1567447275.4400
CHLD 4 772.644531 1567447275.4400
CHLD 5 677.468750 1567447275.4401
CHLD 6 711.707031 1567447275.4401
CHLD 7 730.011719 1567447275.4402
CHLD 8 10.925781 1567447275.4403
CHLD 9 10.886719 1567447275.4403
CHLD 10 10.898438 1567447275.4404
CHLD 11 10.890625 1567447275.4404
MEM 710.683594 1567447275.5409
CHLD 0 601.210938 1567447275.5754
CHLD 1 601.218750 1567447275.5755
CHLD 2 601.218750 1567447275.5756
CHLD 3 601.218750 1567447275.5756
CHLD 4 756.269531 1567447275.5757
CHLD 5 677.468750 1567447275.5757
CHLD 6 711.707031 1567447275.5758
CHLD 7 730.011719 1567447275.5758
CHLD 8 10.925781 1567447275.5759
CHLD 9 10.886719 1567447275.5759
CHLD 10 10.898438 1567447275.5760
CHLD 11 10.890625 1567447275.5760
MEM 710.683594 1567447275.6770
CHLD 0 601.210938 1567447275.6941
CHLD 1 601.218750 1567447275.6941
CHLD 2 601.218750 1567447275.6942
CHLD 3 601.218750 1567447275.7273
CHLD 4 764.261719 1567447275.7274
CHLD 5 677.468750 1567447275.7275
CHLD 6 711.707031 1567447275.7275
CHLD 7 730.011719 1567447275.7276
CHLD 8 10.925781 1567447275.7276
CHLD 9 10.886719 1567447275.7277
CHLD 10 10.898438 1567447275.7278
CHLD 11 10.890625 1567447275.7278
MEM 710.683594 1567447275.8283
CHLD 0 601.210938 1567447275.8659
CHLD 1 601.218750 1567447275.8660
CHLD 2 601.218750 1567447275.8661
CHLD 3 601.218750 1567447275.8661
CHLD 4 764.261719 1567447275.8662
CHLD 5 677.468750 1567447275.8662
CHLD 6 711.707031 1567447275.8663
CHLD 7 730.011719 1567447275.8663
CHLD 8 10.925781 1567447275.8664
CHLD 9 10.886719 1567447275.8665
CHLD 10 10.898438 1567447275.8665
CHLD 11 10.890625 1567447275.8666
MEM 710.683594 1567447275.9670
CHLD 0 601.210938 1567447276.0075
CHLD 1 601.218750 1567447276.0076
CHLD 2 601.218750 1567447276.0077
CHLD 3 601.218750 1567447276.0077
CHLD 4 770.707031 1567447276.0078
CHLD 5 677.468750 1567447276.0079
CHLD 6 711.707031 1567447276.0079
CHLD 7 730.011719 1567447276.0080
CHLD 8 10.925781 1567447276.0080
CHLD 9 10.886719 1567447276.0081
CHLD 10 10.898438 1567447276.0081
CHLD 11 10.890625 1567447276.0082
MEM 710.683594 1567447276.1087
CHLD 0 601.210938 1567447276.1409
CHLD 1 601.218750 1567447276.1410
CHLD 2 601.218750 1567447276.1411
CHLD 3 601.218750 1567447276.1411
CHLD 4 772.511719 1567447276.1412
CHLD 5 677.984375 1567447276.1412
CHLD 6 711.707031 1567447276.1413
CHLD 7 730.011719 1567447276.1413
CHLD 8 10.925781 1567447276.1414
CHLD 9 10.886719 1567447276.1415
CHLD 10 10.898438 1567447276.1415
CHLD 11 10.890625 1567447276.1416
MEM 710.683594 1567447276.2420
CHLD 0 601.210938 1567447276.2620
CHLD 1 601.218750 1567447276.2621
CHLD 2 601.218750 1567447276.2621
CHLD 3 601.218750 1567447276.2622
CHLD 4 772.511719 1567447276.2622
CHLD 5 677.984375 1567447276.2623
CHLD 6 711.707031 1567447276.2624
CHLD 7 730.011719 1567447276.2624
CHLD 8 10.925781 1567447276.2625
CHLD 9 10.886719 1567447276.2625
CHLD 10 10.898438 1567447276.2626
CHLD 11 10.890625 1567447276.2627
MEM 710.683594 1567447276.3631
CHLD 0 601.210938 1567447276.3894
CHLD 1 601.218750 1567447276.3894
CHLD 2 601.218750 1567447276.3895
CHLD 3 601.218750 1567447276.3896
CHLD 4 772.511719 1567447276.3963
CHLD 5 677.984375 1567447276.3965
CHLD 6 711.707031 1567447276.3965
CHLD 7 730.011719 1567447276.3966
CHLD 8 10.925781 1567447276.3967
CHLD 9 10.886719 1567447276.3967
CHLD 10 10.898438 1567447276.3968
CHLD 11 10.890625 1567447276.3969
MEM 710.683594 1567447276.4975
CHLD 0 601.210938 1567447276.5216
CHLD 1 601.218750 1567447276.5216
CHLD 2 601.218750 1567447276.5217
CHLD 3 601.218750 1567447276.5217
CHLD 4 772.511719 1567447276.5218
CHLD 5 677.984375 1567447276.5219
CHLD 6 711.707031 1567447276.5219
CHLD 7 730.011719 1567447276.5220
CHLD 8 10.925781 1567447276.5220
CHLD 9 10.886719 1567447276.5221
CHLD 10 10.898438 1567447276.5221
CHLD 11 10.890625 1567447276.5222
MEM 710.683594 1567447276.6226
CHLD 0 601.210938 1567447276.6612
CHLD 1 601.218750 1567447276.6613
CHLD 2 601.218750 1567447276.6614
CHLD 3 601.218750 1567447276.6614
CHLD 4 780.757812 1567447276.6615
CHLD 5 677.984375 1567447276.6615
CHLD 6 711.707031 1567447276.6616
CHLD 7 730.011719 1567447276.6616
CHLD 8 10.925781 1567447276.6617
CHLD 9 10.886719 1567447276.6617
CHLD 10 10.898438 1567447276.6618
CHLD 11 10.890625 1567447276.6619
MEM 710.683594 1567447276.7623
CHLD 0 601.210938 1567447276.7781
CHLD 1 601.218750 1567447276.7782
CHLD 2 601.218750 1567447276.7782
CHLD 3 601.218750 1567447276.7905
CHLD 4 776.359375 1567447276.7907
CHLD 5 677.984375 1567447276.7907
CHLD 6 711.707031 1567447276.7908
CHLD 7 730.011719 1567447276.7908
CHLD 8 10.925781 1567447276.7909
CHLD 9 10.886719 1567447276.7909
CHLD 10 10.898438 1567447276.7910
CHLD 11 10.890625 1567447276.7910
MEM 710.683594 1567447276.8915
CHLD 0 601.210938 1567447276.9274
CHLD 1 601.218750 1567447276.9275
CHLD 2 601.218750 1567447276.9275
CHLD 3 601.218750 1567447276.9276
CHLD 4 760.484375 1567447276.9277
CHLD 5 677.984375 1567447276.9277
CHLD 6 711.707031 1567447276.9291
CHLD 7 730.011719 1567447276.9291
CHLD 8 10.925781 1567447276.9292
CHLD 9 10.886719 1567447276.9293
CHLD 10 10.898438 1567447276.9293
CHLD 11 10.890625 1567447276.9294
MEM 710.683594 1567447277.0415
CHLD 0 601.210938 1567447277.0785
CHLD 1 601.218750 1567447277.0786
CHLD 2 601.218750 1567447277.0787
CHLD 3 601.218750 1567447277.0787
CHLD 4 760.484375 1567447277.0788
CHLD 5 677.984375 1567447277.0788
CHLD 6 711.707031 1567447277.0789
CHLD 7 730.011719 1567447277.0789
CHLD 8 10.925781 1567447277.0790
CHLD 9 10.886719 1567447277.0790
CHLD 10 10.898438 1567447277.0791
CHLD 11 10.890625 1567447277.0791
MEM 710.683594 1567447277.1796
CHLD 0 601.210938 1567447277.2058
CHLD 1 601.218750 1567447277.2059
CHLD 2 601.218750 1567447277.2059
CHLD 3 601.218750 1567447277.2060
CHLD 4 760.484375 1567447277.2061
CHLD 5 677.984375 1567447277.2061
CHLD 6 711.707031 1567447277.2062
CHLD 7 730.011719 1567447277.2062
CHLD 8 10.925781 1567447277.2289
CHLD 9 10.886719 1567447277.2290
CHLD 10 10.898438 1567447277.2291
CHLD 11 10.890625 1567447277.2292
MEM 710.683594 1567447277.3296
CHLD 0 601.210938 1567447277.3643
CHLD 1 601.218750 1567447277.3644
CHLD 2 601.218750 1567447277.3644
CHLD 3 601.218750 1567447277.3645
CHLD 4 764.351562 1567447277.3645
CHLD 5 677.984375 1567447277.3646
CHLD 6 711.707031 1567447277.3646
CHLD 7 730.011719 1567447277.3647
CHLD 8 10.925781 1567447277.3647
CHLD 9 10.886719 1567447277.3648
CHLD 10 10.898438 1567447277.3649
CHLD 11 10.890625 1567447277.3649
MEM 710.683594 1567447277.4653
CHLD 0 601.210938 1567447277.4830
CHLD 1 601.218750 1567447277.4831
CHLD 2 601.218750 1567447277.4832
CHLD 3 601.218750 1567447277.4832
CHLD 4 768.214844 1567447277.4833
CHLD 5 677.984375 1567447277.4833
CHLD 6 711.707031 1567447277.4834
CHLD 7 730.011719 1567447277.4834
CHLD 8 10.925781 1567447277.4835
CHLD 9 10.886719 1567447277.4836
CHLD 10 10.898438 1567447277.4836
CHLD 11 10.890625 1567447277.4837
MEM 710.683594 1567447277.5906
CHLD 0 601.210938 1567447277.7276
CHLD 1 601.218750 1567447277.7277
CHLD 2 601.218750 1567447277.7277
CHLD 3 601.218750 1567447277.7278
CHLD 4 768.214844 1567447277.7278
CHLD 5 677.984375 1567447277.7279
CHLD 6 711.707031 1567447277.7280
CHLD 7 730.011719 1567447277.7280
CHLD 8 10.925781 1567447277.7281
CHLD 9 10.886719 1567447277.7281
CHLD 10 10.898438 1567447277.7282
CHLD 11 10.890625 1567447277.7283
MEM 710.683594 1567447277.8287
CHLD 0 601.210938 1567447277.8603
CHLD 1 601.218750 1567447277.8604
CHLD 2 601.218750 1567447277.8604
CHLD 3 601.218750 1567447277.8605
CHLD 4 768.214844 1567447277.8606
CHLD 5 677.984375 1567447277.8606
CHLD 6 714.800781 1567447277.8607
CHLD 7 730.011719 1567447277.8608
CHLD 8 10.925781 1567447277.8608
CHLD 9 10.886719 1567447277.8609
CHLD 10 10.898438 1567447277.8610
CHLD 11 10.890625 1567447277.8610
MEM 710.683594 1567447277.9635
CHLD 0 601.210938 1567447277.9848
CHLD 1 601.218750 1567447277.9848
CHLD 2 601.218750 1567447277.9849
CHLD 3 601.218750 1567447277.9850
CHLD 4 768.214844 1567447277.9850
CHLD 5 677.984375 1567447277.9851
CHLD 6 714.800781 1567447277.9851
CHLD 7 730.011719 1567447277.9852
CHLD 8 10.925781 1567447277.9852
CHLD 9 10.886719 1567447277.9853
CHLD 10 10.898438 1567447277.9853
CHLD 11 10.890625 1567447277.9854
MEM 710.683594 1567447278.0858
CHLD 0 601.210938 1567447278.1173
CHLD 1 601.218750 1567447278.1174
CHLD 2 601.218750 1567447278.1175
CHLD 3 601.218750 1567447278.1175
CHLD 4 774.660156 1567447278.1176
CHLD 5 677.984375 1567447278.1177
CHLD 6 714.800781 1567447278.1177
CHLD 7 730.011719 1567447278.1178
CHLD 8 10.925781 1567447278.1178
CHLD 9 10.886719 1567447278.1179
CHLD 10 10.898438 1567447278.1180
CHLD 11 10.890625 1567447278.1180
MEM 710.683594 1567447278.2185
CHLD 0 601.210938 1567447278.2699
CHLD 1 601.218750 1567447278.2700
CHLD 2 601.218750 1567447278.2700
CHLD 3 601.218750 1567447278.2701
CHLD 4 774.660156 1567447278.2701
CHLD 5 677.984375 1567447278.2702
CHLD 6 714.800781 1567447278.2703
CHLD 7 730.011719 1567447278.2703
CHLD 8 10.925781 1567447278.2704
CHLD 9 10.886719 1567447278.2704
CHLD 10 10.898438 1567447278.2705
CHLD 11 10.890625 1567447278.2706
MEM 710.683594 1567447278.3710
CHLD 0 601.210938 1567447278.3980
CHLD 1 601.218750 1567447278.3980
CHLD 2 601.218750 1567447278.3981
CHLD 3 601.218750 1567447278.3981
CHLD 4 758.414062 1567447278.3982
CHLD 5 677.984375 1567447278.3983
CHLD 6 714.800781 1567447278.3983
CHLD 7 730.011719 1567447278.3984
CHLD 8 10.925781 1567447278.3984
CHLD 9 10.886719 1567447278.3985
CHLD 10 10.898438 1567447278.3985
CHLD 11 10.890625 1567447278.3986
MEM 710.683594 1567447278.5000
CHLD 0 601.210938 1567447278.5419
CHLD 1 601.218750 1567447278.5420
CHLD 2 601.218750 1567447278.5420
CHLD 3 601.218750 1567447278.5421
CHLD 4 760.218750 1567447278.5421
CHLD 5 677.984375 1567447278.5422
CHLD 6 714.800781 1567447278.5423
CHLD 7 730.011719 1567447278.5423
CHLD 8 10.925781 1567447278.5424
CHLD 9 10.886719 1567447278.5425
CHLD 10 10.898438 1567447278.5425
CHLD 11 10.890625 1567447278.5426
MEM 710.683594 1567447278.6430
CHLD 0 601.210938 1567447278.6616
CHLD 1 601.218750 1567447278.6617
CHLD 2 601.218750 1567447278.6618
CHLD 3 601.218750 1567447278.6618
CHLD 4 762.023438 1567447278.6619
CHLD 5 677.984375 1567447278.6619
CHLD 6 714.800781 1567447278.6620
CHLD 7 730.011719 1567447278.6621
CHLD 8 10.925781 1567447278.6621
CHLD 9 10.886719 1567447278.6622
CHLD 10 10.898438 1567447278.6622
CHLD 11 10.890625 1567447278.6623
MEM 710.683594 1567447278.7627
CHLD 0 601.210938 1567447278.7828
CHLD 1 601.218750 1567447278.7829
CHLD 2 601.218750 1567447278.7829
CHLD 3 601.218750 1567447278.7830
CHLD 4 770.015625 1567447278.7830
CHLD 5 677.984375 1567447278.7831
CHLD 6 715.832031 1567447278.7831
CHLD 7 730.011719 1567447278.7832
CHLD 8 10.925781 1567447278.7832
CHLD 9 10.886719 1567447278.7833
CHLD 10 10.898438 1567447278.7834
CHLD 11 10.890625 1567447278.7847
MEM 710.683594 1567447278.8854
CHLD 0 601.210938 1567447278.9276
CHLD 1 601.218750 1567447278.9279
CHLD 2 601.218750 1567447278.9282
CHLD 3 601.218750 1567447278.9284
CHLD 4 771.046875 1567447278.9285
CHLD 5 678.144531 1567447278.9285
CHLD 6 715.832031 1567447278.9286
CHLD 7 730.011719 1567447278.9286
CHLD 8 10.925781 1567447278.9287
CHLD 9 10.886719 1567447278.9287
CHLD 10 10.898438 1567447278.9288
CHLD 11 10.890625 1567447278.9288
MEM 710.683594 1567447279.0293
CHLD 0 601.210938 1567447279.0439
CHLD 1 601.218750 1567447279.0439
CHLD 2 601.218750 1567447279.0440
CHLD 3 601.218750 1567447279.0440
CHLD 4 771.046875 1567447279.0441
CHLD 5 678.144531 1567447279.0441
CHLD 6 715.949219 1567447279.0442
CHLD 7 730.011719 1567447279.0442
CHLD 8 10.925781 1567447279.0443
CHLD 9 10.886719 1567447279.0443
CHLD 10 10.898438 1567447279.0444
CHLD 11 10.890625 1567447279.0445
MEM 710.683594 1567447279.1457
CHLD 0 601.210938 1567447279.1799
CHLD 1 601.218750 1567447279.1800
CHLD 2 601.218750 1567447279.1800
CHLD 3 601.218750 1567447279.1801
CHLD 4 756.218750 1567447279.1801
CHLD 5 678.144531 1567447279.1802
CHLD 6 715.949219 1567447279.1802
CHLD 7 730.011719 1567447279.1803
CHLD 8 10.925781 1567447279.1803
CHLD 9 10.886719 1567447279.1804
CHLD 10 10.898438 1567447279.1804
CHLD 11 10.890625 1567447279.1805
MEM 710.683594 1567447279.2809
CHLD 0 601.210938 1567447279.3014
CHLD 1 601.218750 1567447279.3014
CHLD 2 601.218750 1567447279.3015
CHLD 3 601.218750 1567447279.3016
CHLD 4 756.476562 1567447279.3016
CHLD 5 678.144531 1567447279.3017
CHLD 6 715.949219 1567447279.3017
CHLD 7 730.011719 1567447279.3018
CHLD 8 10.925781 1567447279.3018
CHLD 9 10.886719 1567447279.3019
CHLD 10 10.898438 1567447279.3019
CHLD 11 10.890625 1567447279.3020
MEM 710.683594 1567447279.4026
CHLD 0 601.210938 1567447279.4273
CHLD 1 601.218750 1567447279.4274
CHLD 2 601.218750 1567447279.4274
CHLD 3 601.218750 1567447279.4275
CHLD 4 756.476562 1567447279.4275
CHLD 5 678.144531 1567447279.4276
CHLD 6 715.949219 1567447279.4277
CHLD 7 730.011719 1567447279.4277
CHLD 8 10.925781 1567447279.4278
CHLD 9 10.886719 1567447279.4373
CHLD 10 10.898438 1567447279.4373
CHLD 11 10.890625 1567447279.4374
MEM 710.683594 1567447279.5381
CHLD 0 601.210938 1567447279.5539
CHLD 1 601.218750 1567447279.5539
CHLD 2 601.218750 1567447279.5540
CHLD 3 601.218750 1567447279.5541
CHLD 4 756.476562 1567447279.5541
CHLD 5 0.000000 1567447279.5542
CHLD 6 715.949219 1567447279.5542
CHLD 7 730.011719 1567447279.5556
CHLD 8 10.925781 1567447279.5558
CHLD 9 10.886719 1567447279.5558
CHLD 10 10.890625 1567447279.5559
MEM 710.683594 1567447279.6577
CHLD 0 601.210938 1567447279.6845
CHLD 1 601.218750 1567447279.6845
CHLD 2 601.218750 1567447279.6846
CHLD 3 601.218750 1567447279.6846
CHLD 4 756.730469 1567447279.6847
CHLD 5 0.000000 1567447279.6847
CHLD 6 715.949219 1567447279.6848
CHLD 7 730.011719 1567447279.6848
CHLD 8 10.925781 1567447279.6848
CHLD 9 10.886719 1567447279.6849
CHLD 10 10.890625 1567447279.6849
MEM 710.683594 1567447279.7853
CHLD 0 601.210938 1567447279.8133
CHLD 1 601.218750 1567447279.8134
CHLD 2 601.218750 1567447279.8134
CHLD 3 601.218750 1567447279.8135
CHLD 4 756.730469 1567447279.8136
CHLD 5 0.000000 1567447279.8156
CHLD 6 715.949219 1567447279.8157
CHLD 7 730.011719 1567447279.8157
CHLD 8 10.925781 1567447279.8158
CHLD 9 10.886719 1567447279.8159
CHLD 10 10.890625 1567447279.8159
MEM 710.683594 1567447279.9164
CHLD 0 601.210938 1567447279.9321
CHLD 1 601.218750 1567447279.9322
CHLD 2 601.218750 1567447279.9322
CHLD 3 601.218750 1567447279.9323
CHLD 4 756.730469 1567447279.9323
CHLD 5 0.000000 1567447279.9324
CHLD 6 715.949219 1567447279.9325
CHLD 7 730.011719 1567447279.9325
CHLD 8 10.925781 1567447279.9326
CHLD 9 10.886719 1567447279.9326
CHLD 10 10.890625 1567447279.9327
MEM 710.683594 1567447280.0332
CHLD 0 601.210938 1567447280.0675
CHLD 1 601.218750 1567447280.0675
CHLD 2 601.218750 1567447280.0676
CHLD 3 601.218750 1567447280.0677
CHLD 4 756.730469 1567447280.0677
CHLD 5 0.000000 1567447280.0678
CHLD 6 715.949219 1567447280.0679
CHLD 7 730.011719 1567447280.0679
CHLD 8 10.925781 1567447280.0680
CHLD 9 10.886719 1567447280.0681
CHLD 10 10.890625 1567447280.0681
MEM 710.683594 1567447280.1692
CHLD 0 601.210938 1567447280.1859
CHLD 1 601.218750 1567447280.1860
CHLD 2 601.218750 1567447280.1860
CHLD 3 601.218750 1567447280.1861
CHLD 4 756.730469 1567447280.1862
CHLD 5 0.000000 1567447280.1862
CHLD 6 715.949219 1567447280.1863
CHLD 7 730.011719 1567447280.1863
CHLD 8 10.925781 1567447280.1864
CHLD 9 10.886719 1567447280.1864
CHLD 10 10.890625 1567447280.1865
MEM 710.683594 1567447280.2870
CHLD 0 601.210938 1567447280.3007
CHLD 1 601.218750 1567447280.3008
CHLD 2 601.218750 1567447280.3008
CHLD 3 601.218750 1567447280.3009
CHLD 4 756.730469 1567447280.3009
CHLD 5 0.000000 1567447280.3010
CHLD 6 715.949219 1567447280.3010
CHLD 7 730.011719 1567447280.3011
CHLD 8 10.925781 1567447280.3011
CHLD 9 10.886719 1567447280.3012
CHLD 10 10.890625 1567447280.3013
MEM 710.683594 1567447280.4018
CHLD 0 601.210938 1567447280.4190
CHLD 1 601.218750 1567447280.4191
CHLD 2 601.218750 1567447280.4191
CHLD 3 601.218750 1567447280.4192
CHLD 4 756.730469 1567447280.4192
CHLD 5 0.000000 1567447280.4193
CHLD 6 715.949219 1567447280.4194
CHLD 7 730.011719 1567447280.4194
CHLD 8 10.925781 1567447280.4195
CHLD 9 10.886719 1567447280.4195
CHLD 10 10.890625 1567447280.4196
MEM 710.683594 1567447280.5201
CHLD 0 601.210938 1567447280.5584
CHLD 1 601.218750 1567447280.5585
CHLD 2 601.218750 1567447280.5585
CHLD 3 601.218750 1567447280.5586
CHLD 4 756.730469 1567447280.5587
CHLD 5 0.000000 1567447280.5587
CHLD 6 715.949219 1567447280.5588
CHLD 7 730.011719 1567447280.5588
CHLD 8 10.925781 1567447280.5589
CHLD 9 10.886719 1567447280.5590
CHLD 10 10.890625 1567447280.5590
MEM 710.683594 1567447280.6594
CHLD 0 601.210938 1567447280.6803
CHLD 1 601.218750 1567447280.6804
CHLD 2 601.218750 1567447280.6804
CHLD 3 601.218750 1567447280.6805
CHLD 4 756.730469 1567447280.6805
CHLD 5 0.000000 1567447280.6806
CHLD 6 715.949219 1567447280.6810
CHLD 7 730.011719 1567447280.6810
CHLD 8 10.925781 1567447280.6811
CHLD 9 10.886719 1567447280.6812
CHLD 10 10.890625 1567447280.6813
MEM 710.683594 1567447280.7826
CHLD 0 601.210938 1567447280.8102
CHLD 1 601.218750 1567447280.8102
CHLD 2 601.218750 1567447280.8103
CHLD 3 601.218750 1567447280.8103
CHLD 4 756.730469 1567447280.8104
CHLD 5 0.000000 1567447280.8104
CHLD 6 715.949219 1567447280.8115
CHLD 7 730.011719 1567447280.8122
CHLD 8 10.925781 1567447280.8123
CHLD 9 10.886719 1567447280.8124
CHLD 10 10.890625 1567447280.8125
MEM 710.683594 1567447280.9130
CHLD 0 601.210938 1567447280.9407
CHLD 1 601.218750 1567447280.9408
CHLD 2 601.218750 1567447280.9408
CHLD 3 601.218750 1567447280.9409
CHLD 4 756.730469 1567447280.9409
CHLD 5 0.000000 1567447280.9410
CHLD 6 715.949219 1567447280.9410
CHLD 7 730.011719 1567447280.9411
CHLD 8 10.925781 1567447280.9411
CHLD 9 10.886719 1567447280.9412
CHLD 10 10.890625 1567447280.9413
MEM 710.683594 1567447281.0417
CHLD 0 601.210938 1567447281.0573
CHLD 1 601.218750 1567447281.0573
CHLD 2 601.218750 1567447281.0574
CHLD 3 601.218750 1567447281.0574
CHLD 4 756.730469 1567447281.0575
CHLD 5 0.000000 1567447281.0576
CHLD 6 715.949219 1567447281.0576
CHLD 7 730.011719 1567447281.0577
CHLD 8 10.925781 1567447281.0577
CHLD 9 10.886719 1567447281.0578
CHLD 10 10.890625 1567447281.0578
MEM 710.683594 1567447281.1583
CHLD 0 601.210938 1567447281.1738
CHLD 1 601.218750 1567447281.1739
CHLD 2 601.218750 1567447281.1739
CHLD 3 601.218750 1567447281.1740
CHLD 4 756.730469 1567447281.1741
CHLD 5 0.000000 1567447281.1741
CHLD 6 715.949219 1567447281.1742
CHLD 7 730.011719 1567447281.1742
CHLD 8 10.925781 1567447281.1754
CHLD 9 10.886719 1567447281.1802
CHLD 10 10.890625 1567447281.1803
MEM 710.683594 1567447281.2808
CHLD 0 601.210938 1567447281.3099
CHLD 1 601.218750 1567447281.3100
CHLD 2 601.218750 1567447281.3101
CHLD 3 601.218750 1567447281.3101
CHLD 4 756.730469 1567447281.3102
CHLD 5 0.000000 1567447281.3103
CHLD 6 715.949219 1567447281.3108
CHLD 7 730.011719 1567447281.3112
CHLD 8 10.925781 1567447281.3123
CHLD 9 10.886719 1567447281.3124
CHLD 10 10.890625 1567447281.3124
MEM 710.683594 1567447281.4136
CHLD 0 601.210938 1567447281.4442
CHLD 1 601.218750 1567447281.4443
CHLD 2 601.218750 1567447281.4443
CHLD 3 601.218750 1567447281.4444
CHLD 4 756.730469 1567447281.4445
CHLD 5 0.000000 1567447281.4445
CHLD 6 715.949219 1567447281.4446
CHLD 7 730.011719 1567447281.4446
CHLD 8 10.925781 1567447281.4447
CHLD 9 10.886719 1567447281.4447
CHLD 10 10.890625 1567447281.4448
MEM 710.683594 1567447281.5454
CHLD 0 601.210938 1567447281.5659
CHLD 1 601.218750 1567447281.5660
CHLD 2 601.218750 1567447281.5661
CHLD 3 601.218750 1567447281.5661
CHLD 4 756.730469 1567447281.5662
CHLD 5 0.000000 1567447281.5663
CHLD 6 715.949219 1567447281.5663
CHLD 7 730.011719 1567447281.5664
CHLD 8 10.925781 1567447281.5692
CHLD 9 10.886719 1567447281.5693
CHLD 10 10.890625 1567447281.5693
MEM 710.683594 1567447281.6697
CHLD 0 601.210938 1567447281.7117
CHLD 1 601.218750 1567447281.7118
CHLD 2 601.218750 1567447281.7118
CHLD 3 601.218750 1567447281.7119
CHLD 4 756.730469 1567447281.7119
CHLD 5 0.000000 1567447281.7120
CHLD 6 715.949219 1567447281.7120
CHLD 7 730.011719 1567447281.7121
CHLD 8 10.925781 1567447281.7121
CHLD 9 10.886719 1567447281.7122
CHLD 10 10.890625 1567447281.7122
MEM 710.683594 1567447281.8127
CHLD 0 601.210938 1567447281.8275
CHLD 1 601.218750 1567447281.8276
CHLD 2 601.218750 1567447281.8276
CHLD 3 601.218750 1567447281.8277
CHLD 4 756.730469 1567447281.8278
CHLD 5 0.000000 1567447281.8278
CHLD 6 0.000000 1567447281.8279
CHLD 7 730.011719 1567447281.8279
CHLD 8 10.925781 1567447281.8280
CHLD 9 10.890625 1567447281.8280
MEM 710.683594 1567447281.9285
CHLD 0 601.210938 1567447281.9451
CHLD 1 601.218750 1567447281.9452
CHLD 2 601.218750 1567447281.9453
CHLD 3 601.218750 1567447281.9453
CHLD 4 756.730469 1567447281.9454
CHLD 5 0.000000 1567447281.9454
CHLD 6 0.000000 1567447281.9455
CHLD 7 730.011719 1567447281.9455
CHLD 8 10.925781 1567447281.9456
CHLD 9 10.890625 1567447281.9456
MEM 710.683594 1567447282.0461
CHLD 0 601.210938 1567447282.0651
CHLD 1 601.218750 1567447282.0651
CHLD 2 601.218750 1567447282.0652
CHLD 3 601.218750 1567447282.0653
CHLD 4 756.730469 1567447282.0659
CHLD 5 0.000000 1567447282.0660
CHLD 6 0.000000 1567447282.0661
CHLD 7 730.011719 1567447282.0662
CHLD 8 10.925781 1567447282.0662
CHLD 9 10.890625 1567447282.0663
MEM 710.683594 1567447282.1667
CHLD 0 601.210938 1567447282.1852
CHLD 1 601.218750 1567447282.1853
CHLD 2 601.218750 1567447282.1854
CHLD 3 601.218750 1567447282.1854
CHLD 4 756.730469 1567447282.1855
CHLD 5 0.000000 1567447282.1856
CHLD 6 0.000000 1567447282.1856
CHLD 7 730.011719 1567447282.1857
CHLD 8 10.925781 1567447282.1858
CHLD 9 10.890625 1567447282.1858
MEM 710.683594 1567447282.2865
CHLD 0 601.210938 1567447282.3048
CHLD 1 601.218750 1567447282.3048
CHLD 2 601.218750 1567447282.3049
CHLD 3 601.218750 1567447282.3049
CHLD 4 756.730469 1567447282.3050
CHLD 5 0.000000 1567447282.3051
CHLD 6 0.000000 1567447282.3051
CHLD 7 730.011719 1567447282.3052
CHLD 8 10.925781 1567447282.3052
CHLD 9 10.890625 1567447282.3053
MEM 710.683594 1567447282.4058
CHLD 0 601.210938 1567447282.4199
CHLD 1 601.218750 1567447282.4200
CHLD 2 601.218750 1567447282.4200
CHLD 3 601.218750 1567447282.4201
CHLD 4 756.730469 1567447282.4202
CHLD 5 0.000000 1567447282.4202
CHLD 6 0.000000 1567447282.4203
CHLD 7 0.000000 1567447282.4204
CHLD 8 10.890625 1567447282.4204
MEM 710.683594 1567447282.5209
CHLD 0 601.210938 1567447282.5350
CHLD 1 601.218750 1567447282.5350
CHLD 2 601.218750 1567447282.5351
CHLD 3 601.218750 1567447282.5351
CHLD 4 756.730469 1567447282.5352
CHLD 5 0.000000 1567447282.5352
CHLD 6 0.000000 1567447282.5353
CHLD 7 0.000000 1567447282.5354
CHLD 8 10.890625 1567447282.5354
MEM 710.683594 1567447282.6359
CHLD 0 601.210938 1567447282.6538
CHLD 1 601.218750 1567447282.6538
CHLD 2 601.218750 1567447282.6539
CHLD 3 601.218750 1567447282.6539
CHLD 4 756.730469 1567447282.6540
CHLD 5 0.000000 1567447282.6541
CHLD 6 0.000000 1567447282.6541
CHLD 7 0.000000 1567447282.6542
CHLD 8 10.890625 1567447282.6542
MEM 710.683594 1567447282.7547
CHLD 0 601.210938 1567447282.7681
CHLD 1 601.218750 1567447282.7682
CHLD 2 601.218750 1567447282.7682
CHLD 3 601.218750 1567447282.7683
CHLD 4 756.730469 1567447282.7684
CHLD 5 0.000000 1567447282.7684
CHLD 6 0.000000 1567447282.7685
CHLD 7 0.000000 1567447282.7686
CHLD 8 10.890625 1567447282.7686
MEM 710.683594 1567447282.8691
CHLD 0 601.210938 1567447282.8855
CHLD 1 601.218750 1567447282.8856
CHLD 2 601.218750 1567447282.8856
CHLD 3 601.218750 1567447282.8857
CHLD 4 756.730469 1567447282.8862
CHLD 5 0.000000 1567447282.8864
CHLD 6 0.000000 1567447282.8864
CHLD 7 0.000000 1567447282.8865
CHLD 8 10.890625 1567447282.8866
MEM 710.683594 1567447282.9871
CHLD 0 601.210938 1567447283.0031
CHLD 1 601.218750 1567447283.0032
CHLD 2 601.218750 1567447283.0033
CHLD 3 601.218750 1567447283.0033
CHLD 4 756.730469 1567447283.0034
CHLD 5 0.000000 1567447283.0034
CHLD 6 0.000000 1567447283.0035
CHLD 7 0.000000 1567447283.0036
CHLD 8 10.890625 1567447283.0036
