CMDLINE /home/dn16382/anaconda3/bin/python mnist_example.py
MEM 1.914062 1567446066.4702
MEM 18.546875 1567446066.5813
MEM 35.175781 1567446066.7016
MEM 43.347656 1567446066.8100
MEM 64.964844 1567446066.9182
MEM 73.835938 1567446067.0301
MEM 81.773438 1567446067.1439
MEM 123.476562 1567446067.2521
MEM 162.394531 1567446067.3603
MEM 164.617188 1567446067.4684
MEM 169.984375 1567446067.5765
MEM 179.699219 1567446067.6847
MEM 183.808594 1567446067.7927
MEM 190.625000 1567446067.9018
MEM 203.738281 1567446068.0128
MEM 209.453125 1567446068.1210
MEM 215.531250 1567446068.2314
MEM 223.234375 1567446068.3394
MEM 230.972656 1567446068.4488
MEM 236.933594 1567446068.5625
MEM 255.089844 1567446068.6769
MEM 258.984375 1567446068.7853
MEM 266.378906 1567446068.8937
MEM 277.636719 1567446069.0018
MEM 294.136719 1567446069.1099
MEM 310.894531 1567446069.2182
MEM 362.453125 1567446069.3266
MEM 366.101562 1567446069.4348
MEM 503.000000 1567446069.5430
MEM 667.226562 1567446069.6531
MEM 680.179688 1567446069.7614
MEM 653.769531 1567446069.8770
MEM 711.500000 1567446069.9905
CHLD 0 601.226562 1567446070.0052
CHLD 1 601.234375 1567446070.0053
CHLD 2 601.234375 1567446070.0054
CHLD 3 601.234375 1567446070.0055
CHLD 4 604.683594 1567446070.0055
MEM 711.507812 1567446070.1060
CHLD 0 601.226562 1567446070.1290
CHLD 1 601.234375 1567446070.1364
CHLD 2 601.234375 1567446070.1365
CHLD 3 601.234375 1567446070.1366
CHLD 4 608.929688 1567446070.1366
CHLD 5 607.792969 1567446070.1367
CHLD 6 605.531250 1567446070.1368
CHLD 7 605.195312 1567446070.1368
CHLD 8 605.113281 1567446070.1369
CHLD 9 604.367188 1567446070.1370
CHLD 10 0.007812 1567446070.1370
CHLD 11 6.898438 1567446070.1371
CHLD 12 7.886719 1567446070.1372
MEM 711.523438 1567446070.2376
CHLD 0 601.226562 1567446070.2643
CHLD 1 601.234375 1567446070.2644
CHLD 2 601.234375 1567446070.2645
CHLD 3 601.234375 1567446070.2645
CHLD 4 612.503906 1567446070.2646
CHLD 5 611.148438 1567446070.2646
CHLD 6 609.304688 1567446070.2647
CHLD 7 608.656250 1567446070.2648
CHLD 8 605.726562 1567446070.2648
CHLD 9 605.324219 1567446070.2649
CHLD 10 605.296875 1567446070.2650
CHLD 11 604.695312 1567446070.2650
CHLD 12 0.007812 1567446070.2651
CHLD 13 6.597656 1567446070.2651
CHLD 14 7.566406 1567446070.2652
CHLD 15 8.539062 1567446070.2653
CHLD 16 8.589844 1567446070.2653
CHLD 17 10.187500 1567446070.2654
MEM 711.523438 1567446070.3658
CHLD 0 601.226562 1567446070.4023
CHLD 1 601.234375 1567446070.4024
CHLD 2 601.234375 1567446070.4025
CHLD 3 601.234375 1567446070.4025
CHLD 4 617.574219 1567446070.4026
CHLD 5 613.050781 1567446070.4027
CHLD 6 611.968750 1567446070.4027
CHLD 7 611.500000 1567446070.4028
CHLD 8 609.265625 1567446070.4028
CHLD 9 608.656250 1567446070.4029
CHLD 10 606.925781 1567446070.4029
CHLD 11 605.398438 1567446070.4030
CHLD 12 0.007812 1567446070.4031
CHLD 13 8.511719 1567446070.4031
CHLD 14 7.929688 1567446070.4032
CHLD 15 9.062500 1567446070.4033
CHLD 16 9.050781 1567446070.4033
CHLD 17 10.449219 1567446070.4034
CHLD 18 10.253906 1567446070.4034
CHLD 19 10.886719 1567446070.4035
MEM 711.523438 1567446070.5039
CHLD 0 601.226562 1567446070.5320
CHLD 1 601.234375 1567446070.5321
CHLD 2 601.234375 1567446070.5321
CHLD 3 601.234375 1567446070.5322
CHLD 4 618.515625 1567446070.5322
CHLD 5 618.160156 1567446070.5323
CHLD 6 616.070312 1567446070.5324
CHLD 7 614.484375 1567446070.5324
CHLD 8 612.671875 1567446070.5325
CHLD 9 611.613281 1567446070.5325
CHLD 10 611.167969 1567446070.5326
CHLD 11 608.812500 1567446070.5326
CHLD 12 8.156250 1567446070.5327
CHLD 13 9.792969 1567446070.5328
CHLD 14 9.644531 1567446070.5328
CHLD 15 10.898438 1567446070.5329
CHLD 16 10.886719 1567446070.5329
CHLD 17 10.902344 1567446070.5330
CHLD 18 10.957031 1567446070.5331
CHLD 19 10.886719 1567446070.5331
MEM 711.523438 1567446070.6335
CHLD 0 601.226562 1567446070.6762
CHLD 1 601.234375 1567446070.6763
CHLD 2 601.234375 1567446070.6764
CHLD 3 601.234375 1567446070.6765
CHLD 4 619.449219 1567446070.6765
CHLD 5 618.410156 1567446070.6766
CHLD 6 618.160156 1567446070.6766
CHLD 7 618.160156 1567446070.6767
CHLD 8 615.171875 1567446070.6768
CHLD 9 614.625000 1567446070.6768
CHLD 10 614.488281 1567446070.6769
CHLD 11 612.324219 1567446070.6770
CHLD 12 10.960938 1567446070.6770
CHLD 13 11.078125 1567446070.6771
CHLD 14 10.925781 1567446070.6772
CHLD 15 10.898438 1567446070.6772
CHLD 16 10.886719 1567446070.6773
CHLD 17 10.902344 1567446070.6773
CHLD 18 10.957031 1567446070.6774
CHLD 19 10.886719 1567446070.6775
MEM 711.523438 1567446070.7779
CHLD 0 601.226562 1567446070.7971
CHLD 1 601.234375 1567446070.7972
CHLD 2 601.234375 1567446070.7972
CHLD 3 601.234375 1567446070.7973
CHLD 4 622.281250 1567446070.7974
CHLD 5 618.515625 1567446070.7974
CHLD 6 618.410156 1567446070.7975
CHLD 7 618.410156 1567446070.7975
CHLD 8 618.410156 1567446070.7976
CHLD 9 618.160156 1567446070.7976
CHLD 10 618.160156 1567446070.7977
CHLD 11 617.914062 1567446070.7978
CHLD 12 10.960938 1567446070.7978
CHLD 13 11.078125 1567446070.7979
CHLD 14 10.925781 1567446070.7979
CHLD 15 10.898438 1567446070.7980
CHLD 16 10.886719 1567446070.7980
CHLD 17 10.902344 1567446070.7981
CHLD 18 10.957031 1567446070.7981
CHLD 19 10.886719 1567446070.7982
MEM 711.523438 1567446070.8986
CHLD 0 601.226562 1567446070.9308
CHLD 1 601.234375 1567446070.9308
CHLD 2 601.234375 1567446070.9309
CHLD 3 601.234375 1567446070.9309
CHLD 4 623.417969 1567446070.9310
CHLD 5 618.781250 1567446070.9311
CHLD 6 618.660156 1567446070.9311
CHLD 7 618.589844 1567446070.9312
CHLD 8 618.875000 1567446070.9312
CHLD 9 618.410156 1567446070.9313
CHLD 10 618.410156 1567446070.9314
CHLD 11 618.410156 1567446070.9314
CHLD 12 10.960938 1567446070.9315
CHLD 13 11.078125 1567446070.9315
CHLD 14 10.925781 1567446070.9316
CHLD 15 10.898438 1567446070.9316
CHLD 16 10.886719 1567446070.9317
CHLD 17 10.902344 1567446070.9318
CHLD 18 10.957031 1567446070.9318
CHLD 19 10.886719 1567446070.9319
MEM 711.523438 1567446071.0323
CHLD 0 601.226562 1567446071.0610
CHLD 1 601.234375 1567446071.0611
CHLD 2 601.234375 1567446071.0611
CHLD 3 601.234375 1567446071.0612
CHLD 4 624.417969 1567446071.0612
CHLD 5 619.878906 1567446071.0613
CHLD 6 618.910156 1567446071.0614
CHLD 7 618.781250 1567446071.0614
CHLD 8 620.171875 1567446071.0615
CHLD 9 618.660156 1567446071.0615
CHLD 10 619.554688 1567446071.0616
CHLD 11 619.007812 1567446071.0616
CHLD 12 10.960938 1567446071.0617
CHLD 13 11.078125 1567446071.0618
CHLD 14 10.925781 1567446071.0618
CHLD 15 10.898438 1567446071.0619
CHLD 16 10.886719 1567446071.0619
CHLD 17 10.902344 1567446071.0620
CHLD 18 10.957031 1567446071.0620
CHLD 19 10.886719 1567446071.0621
MEM 711.523438 1567446071.1625
CHLD 0 601.226562 1567446071.1780
CHLD 1 601.234375 1567446071.1781
CHLD 2 601.234375 1567446071.1782
CHLD 3 601.234375 1567446071.1782
CHLD 4 631.085938 1567446071.2025
CHLD 5 623.375000 1567446071.2025
CHLD 6 621.085938 1567446071.2026
CHLD 7 619.699219 1567446071.2027
CHLD 8 623.003906 1567446071.2027
CHLD 9 619.070312 1567446071.2028
CHLD 10 623.738281 1567446071.2028
CHLD 11 623.304688 1567446071.2029
CHLD 12 10.960938 1567446071.2029
CHLD 13 11.078125 1567446071.2030
CHLD 14 10.925781 1567446071.2030
CHLD 15 10.898438 1567446071.2031
CHLD 16 10.886719 1567446071.2031
CHLD 17 10.902344 1567446071.2032
CHLD 18 10.957031 1567446071.2032
CHLD 19 10.886719 1567446071.2033
MEM 711.523438 1567446071.3037
CHLD 0 601.226562 1567446071.3235
CHLD 1 601.234375 1567446071.3236
CHLD 2 601.234375 1567446071.3236
CHLD 3 601.234375 1567446071.3237
CHLD 4 634.558594 1567446071.3238
CHLD 5 632.566406 1567446071.3238
CHLD 6 622.917969 1567446071.3239
CHLD 7 622.917969 1567446071.3239
CHLD 8 623.871094 1567446071.3240
CHLD 9 621.562500 1567446071.3241
CHLD 10 630.972656 1567446071.3241
CHLD 11 624.949219 1567446071.3242
CHLD 12 10.960938 1567446071.3242
CHLD 13 11.078125 1567446071.3243
CHLD 14 10.925781 1567446071.3243
CHLD 15 10.898438 1567446071.3244
CHLD 16 10.886719 1567446071.3245
CHLD 17 10.902344 1567446071.3245
CHLD 18 10.957031 1567446071.3246
CHLD 19 10.886719 1567446071.3246
MEM 711.523438 1567446071.4250
CHLD 0 601.226562 1567446071.4492
CHLD 1 601.234375 1567446071.4492
CHLD 2 601.234375 1567446071.4493
CHLD 3 601.234375 1567446071.4493
CHLD 4 635.691406 1567446071.4557
CHLD 5 635.890625 1567446071.4558
CHLD 6 623.859375 1567446071.4559
CHLD 7 624.164062 1567446071.4559
CHLD 8 630.968750 1567446071.4560
CHLD 9 623.304688 1567446071.4560
CHLD 10 635.238281 1567446071.4561
CHLD 11 633.972656 1567446071.4562
CHLD 12 10.960938 1567446071.4562
CHLD 13 11.078125 1567446071.4563
CHLD 14 10.925781 1567446071.4563
CHLD 15 10.898438 1567446071.4564
CHLD 16 10.886719 1567446071.4565
CHLD 17 10.902344 1567446071.4565
CHLD 18 10.957031 1567446071.4566
CHLD 19 10.886719 1567446071.4566
MEM 711.523438 1567446071.5570
CHLD 0 601.226562 1567446071.5963
CHLD 1 601.234375 1567446071.5964
CHLD 2 601.234375 1567446071.5964
CHLD 3 601.234375 1567446071.5965
CHLD 4 635.925781 1567446071.5966
CHLD 5 636.132812 1567446071.5966
CHLD 6 630.242188 1567446071.5967
CHLD 7 635.535156 1567446071.5967
CHLD 8 634.597656 1567446071.5968
CHLD 9 624.347656 1567446071.5969
CHLD 10 635.671875 1567446071.5969
CHLD 11 634.894531 1567446071.5970
CHLD 12 10.960938 1567446071.5970
CHLD 13 11.078125 1567446071.5971
CHLD 14 10.925781 1567446071.5972
CHLD 15 10.898438 1567446071.5972
CHLD 16 10.886719 1567446071.5973
CHLD 17 10.902344 1567446071.5973
CHLD 18 10.957031 1567446071.5974
CHLD 19 10.886719 1567446071.5974
MEM 711.523438 1567446071.6979
CHLD 0 601.226562 1567446071.7219
CHLD 1 601.234375 1567446071.7220
CHLD 2 601.234375 1567446071.7221
CHLD 3 601.234375 1567446071.7221
CHLD 4 638.023438 1567446071.7222
CHLD 5 638.207031 1567446071.7222
CHLD 6 634.562500 1567446071.7304
CHLD 7 635.921875 1567446071.7305
CHLD 8 635.648438 1567446071.7305
CHLD 9 630.972656 1567446071.7306
CHLD 10 636.191406 1567446071.7307
CHLD 11 635.773438 1567446071.7307
CHLD 12 10.960938 1567446071.7308
CHLD 13 11.078125 1567446071.7309
CHLD 14 10.925781 1567446071.7309
CHLD 15 10.898438 1567446071.7310
CHLD 16 10.886719 1567446071.7310
CHLD 17 10.902344 1567446071.7311
CHLD 18 10.957031 1567446071.7312
CHLD 19 10.886719 1567446071.7312
MEM 711.523438 1567446071.8316
CHLD 0 601.226562 1567446071.8557
CHLD 1 601.234375 1567446071.8558
CHLD 2 601.234375 1567446071.8559
CHLD 3 601.234375 1567446071.8584
CHLD 4 638.472656 1567446071.8585
CHLD 5 638.468750 1567446071.8586
CHLD 6 635.750000 1567446071.8586
CHLD 7 636.500000 1567446071.8587
CHLD 8 635.847656 1567446071.8588
CHLD 9 635.117188 1567446071.8588
CHLD 10 637.960938 1567446071.8589
CHLD 11 636.015625 1567446071.8589
CHLD 12 10.960938 1567446071.8590
CHLD 13 11.078125 1567446071.8591
CHLD 14 10.925781 1567446071.8591
CHLD 15 10.898438 1567446071.8592
CHLD 16 10.886719 1567446071.8592
CHLD 17 10.902344 1567446071.8593
CHLD 18 10.957031 1567446071.8594
CHLD 19 10.886719 1567446071.8594
MEM 711.523438 1567446071.9598
CHLD 0 601.226562 1567446071.9820
CHLD 1 601.234375 1567446071.9821
CHLD 2 601.234375 1567446071.9822
CHLD 3 601.234375 1567446071.9822
CHLD 4 638.472656 1567446071.9824
CHLD 5 638.468750 1567446071.9825
CHLD 6 636.000000 1567446071.9825
CHLD 7 639.484375 1567446071.9826
CHLD 8 638.023438 1567446071.9826
CHLD 9 635.687500 1567446071.9827
CHLD 10 638.226562 1567446071.9828
CHLD 11 637.519531 1567446071.9828
CHLD 12 10.960938 1567446071.9829
CHLD 13 11.078125 1567446071.9829
CHLD 14 10.925781 1567446071.9830
CHLD 15 10.898438 1567446071.9831
CHLD 16 10.886719 1567446071.9831
CHLD 17 10.902344 1567446071.9832
CHLD 18 10.957031 1567446071.9832
CHLD 19 10.886719 1567446071.9833
MEM 711.523438 1567446072.0837
CHLD 0 601.226562 1567446072.1079
CHLD 1 601.234375 1567446072.1080
CHLD 2 601.234375 1567446072.1081
CHLD 3 601.234375 1567446072.1081
CHLD 4 640.476562 1567446072.1082
CHLD 5 638.468750 1567446072.1082
CHLD 6 636.230469 1567446072.1083
CHLD 7 641.433594 1567446072.1083
CHLD 8 638.347656 1567446072.1084
CHLD 9 635.875000 1567446072.1084
CHLD 10 638.699219 1567446072.1085
CHLD 11 638.367188 1567446072.1085
CHLD 12 10.960938 1567446072.1086
CHLD 13 11.078125 1567446072.1086
CHLD 14 10.925781 1567446072.1087
CHLD 15 10.898438 1567446072.1088
CHLD 16 10.886719 1567446072.1088
CHLD 17 10.902344 1567446072.1089
CHLD 18 10.957031 1567446072.1089
CHLD 19 10.886719 1567446072.1090
MEM 711.523438 1567446072.2094
CHLD 0 601.226562 1567446072.2401
CHLD 1 601.234375 1567446072.2402
CHLD 2 601.234375 1567446072.2402
CHLD 3 601.234375 1567446072.2403
CHLD 4 641.753906 1567446072.2403
CHLD 5 641.828125 1567446072.2404
CHLD 6 637.527344 1567446072.2405
CHLD 7 641.953125 1567446072.2405
CHLD 8 639.734375 1567446072.2406
CHLD 9 636.332031 1567446072.2406
CHLD 10 638.699219 1567446072.2407
CHLD 11 639.320312 1567446072.2407
CHLD 12 10.960938 1567446072.2408
CHLD 13 11.078125 1567446072.2409
CHLD 14 10.925781 1567446072.2409
CHLD 15 10.898438 1567446072.2410
CHLD 16 10.886719 1567446072.2410
CHLD 17 10.902344 1567446072.2411
CHLD 18 10.957031 1567446072.2412
CHLD 19 10.886719 1567446072.2412
MEM 711.523438 1567446072.3416
CHLD 0 601.226562 1567446072.3699
CHLD 1 601.234375 1567446072.3699
CHLD 2 601.234375 1567446072.3700
CHLD 3 601.234375 1567446072.3701
CHLD 4 641.949219 1567446072.3701
CHLD 5 642.019531 1567446072.3702
CHLD 6 638.347656 1567446072.3702
CHLD 7 642.335938 1567446072.3703
CHLD 8 639.734375 1567446072.3704
CHLD 9 638.312500 1567446072.3704
CHLD 10 641.886719 1567446072.3705
CHLD 11 639.320312 1567446072.3705
CHLD 12 10.960938 1567446072.3706
CHLD 13 11.078125 1567446072.3707
CHLD 14 10.925781 1567446072.3707
CHLD 15 10.898438 1567446072.3708
CHLD 16 10.886719 1567446072.3708
CHLD 17 10.902344 1567446072.3709
CHLD 18 10.957031 1567446072.3710
CHLD 19 10.886719 1567446072.3710
MEM 711.523438 1567446072.4716
CHLD 0 601.226562 1567446072.4997
CHLD 1 601.234375 1567446072.4997
CHLD 2 601.234375 1567446072.4998
CHLD 3 601.234375 1567446072.4998
CHLD 4 642.363281 1567446072.4999
CHLD 5 642.410156 1567446072.5000
CHLD 6 638.347656 1567446072.5000
CHLD 7 642.769531 1567446072.5001
CHLD 8 641.796875 1567446072.5001
CHLD 9 638.312500 1567446072.5002
CHLD 10 642.078125 1567446072.5003
CHLD 11 641.742188 1567446072.5003
CHLD 12 10.960938 1567446072.5004
CHLD 13 11.078125 1567446072.5004
CHLD 14 10.925781 1567446072.5005
CHLD 15 10.898438 1567446072.5006
CHLD 16 10.886719 1567446072.5006
CHLD 17 10.902344 1567446072.5007
CHLD 18 10.957031 1567446072.5007
CHLD 19 10.886719 1567446072.5008
MEM 711.523438 1567446072.6012
CHLD 0 601.226562 1567446072.6182
CHLD 1 601.234375 1567446072.6344
CHLD 2 601.234375 1567446072.6345
CHLD 3 601.234375 1567446072.6346
CHLD 4 642.707031 1567446072.6346
CHLD 5 642.863281 1567446072.6347
CHLD 6 641.460938 1567446072.6348
CHLD 7 643.113281 1567446072.6348
CHLD 8 642.015625 1567446072.6349
CHLD 9 640.796875 1567446072.6349
CHLD 10 642.503906 1567446072.6350
CHLD 11 642.144531 1567446072.6351
CHLD 12 10.960938 1567446072.6351
CHLD 13 11.078125 1567446072.6352
CHLD 14 10.925781 1567446072.6352
CHLD 15 10.898438 1567446072.6353
CHLD 16 10.886719 1567446072.6354
CHLD 17 10.902344 1567446072.6354
CHLD 18 10.957031 1567446072.6355
CHLD 19 10.886719 1567446072.6355
MEM 711.523438 1567446072.7360
CHLD 0 601.226562 1567446072.7658
CHLD 1 601.234375 1567446072.7658
CHLD 2 601.234375 1567446072.7659
CHLD 3 601.234375 1567446072.7659
CHLD 4 642.949219 1567446072.7660
CHLD 5 643.125000 1567446072.7661
CHLD 6 641.949219 1567446072.7661
CHLD 7 643.371094 1567446072.7662
CHLD 8 642.328125 1567446072.7663
CHLD 9 641.636719 1567446072.7663
CHLD 10 643.007812 1567446072.7664
CHLD 11 642.488281 1567446072.7664
CHLD 12 10.960938 1567446072.7665
CHLD 13 11.078125 1567446072.7666
CHLD 14 10.925781 1567446072.7666
CHLD 15 10.898438 1567446072.7667
CHLD 16 10.886719 1567446072.7667
CHLD 17 10.902344 1567446072.7668
CHLD 18 10.957031 1567446072.7669
CHLD 19 10.886719 1567446072.7669
MEM 711.523438 1567446072.8674
CHLD 0 601.226562 1567446072.8892
CHLD 1 601.234375 1567446072.8893
CHLD 2 601.234375 1567446072.8894
CHLD 3 601.234375 1567446072.8894
CHLD 4 643.246094 1567446072.8895
CHLD 5 643.734375 1567446072.8896
CHLD 6 642.492188 1567446072.8896
CHLD 7 643.546875 1567446072.8897
CHLD 8 642.664062 1567446072.8897
CHLD 9 642.085938 1567446072.8898
CHLD 10 643.617188 1567446072.8899
CHLD 11 642.710938 1567446072.8899
CHLD 12 10.960938 1567446072.8900
CHLD 13 11.078125 1567446072.8900
CHLD 14 10.925781 1567446072.8901
CHLD 15 10.898438 1567446072.8902
CHLD 16 10.886719 1567446072.8902
CHLD 17 10.902344 1567446072.9104
CHLD 18 10.957031 1567446072.9105
CHLD 19 10.886719 1567446072.9106
MEM 711.523438 1567446073.0110
CHLD 0 601.226562 1567446073.0339
CHLD 1 601.234375 1567446073.0340
CHLD 2 601.234375 1567446073.0341
CHLD 3 601.234375 1567446073.0341
CHLD 4 651.062500 1567446073.0342
CHLD 5 651.406250 1567446073.0342
CHLD 6 642.824219 1567446073.0452
CHLD 7 643.714844 1567446073.0453
CHLD 8 642.980469 1567446073.0454
CHLD 9 642.429688 1567446073.0455
CHLD 10 651.894531 1567446073.0455
CHLD 11 643.257812 1567446073.0456
CHLD 12 10.960938 1567446073.0457
CHLD 13 11.078125 1567446073.0457
CHLD 14 10.925781 1567446073.0458
CHLD 15 10.898438 1567446073.0459
CHLD 16 10.886719 1567446073.0459
CHLD 17 10.902344 1567446073.0460
CHLD 18 10.957031 1567446073.0461
CHLD 19 10.886719 1567446073.0461
MEM 711.523438 1567446073.1468
CHLD 0 601.226562 1567446073.1730
CHLD 1 601.234375 1567446073.1731
CHLD 2 601.234375 1567446073.1731
CHLD 3 601.234375 1567446073.1732
CHLD 4 654.535156 1567446073.1732
CHLD 5 653.902344 1567446073.1733
CHLD 6 650.667969 1567446073.1734
CHLD 7 643.949219 1567446073.1734
CHLD 8 643.535156 1567446073.1735
CHLD 9 642.589844 1567446073.1735
CHLD 10 653.410156 1567446073.1736
CHLD 11 643.441406 1567446073.1737
CHLD 12 10.960938 1567446073.1737
CHLD 13 11.078125 1567446073.1738
CHLD 14 10.925781 1567446073.1738
CHLD 15 10.898438 1567446073.1739
CHLD 16 10.886719 1567446073.1739
CHLD 17 10.902344 1567446073.1740
CHLD 18 10.957031 1567446073.1741
CHLD 19 10.886719 1567446073.1741
MEM 711.523438 1567446073.2750
CHLD 0 601.226562 1567446073.3141
CHLD 1 601.234375 1567446073.3142
CHLD 2 601.234375 1567446073.3142
CHLD 3 601.234375 1567446073.3143
CHLD 4 654.535156 1567446073.3144
CHLD 5 656.417969 1567446073.3144
CHLD 6 656.378906 1567446073.3145
CHLD 7 644.128906 1567446073.3145
CHLD 8 643.898438 1567446073.3146
CHLD 9 642.757812 1567446073.3147
CHLD 10 656.007812 1567446073.3147
CHLD 11 648.375000 1567446073.3148
CHLD 12 10.960938 1567446073.3148
CHLD 13 11.078125 1567446073.3149
CHLD 14 10.925781 1567446073.3150
CHLD 15 10.898438 1567446073.3150
CHLD 16 10.886719 1567446073.3151
CHLD 17 10.902344 1567446073.3151
CHLD 18 10.957031 1567446073.3152
CHLD 19 10.886719 1567446073.3152
MEM 711.523438 1567446073.4157
CHLD 0 601.226562 1567446073.4319
CHLD 1 601.234375 1567446073.4320
CHLD 2 601.234375 1567446073.4320
CHLD 3 601.234375 1567446073.4321
CHLD 4 655.949219 1567446073.4321
CHLD 5 657.945312 1567446073.4322
CHLD 6 656.378906 1567446073.4322
CHLD 7 644.300781 1567446073.4323
CHLD 8 652.464844 1567446073.4323
CHLD 9 642.933594 1567446073.4324
CHLD 10 656.488281 1567446073.4324
CHLD 11 653.296875 1567446073.4325
CHLD 12 10.960938 1567446073.4325
CHLD 13 11.078125 1567446073.4326
CHLD 14 10.925781 1567446073.4326
CHLD 15 10.898438 1567446073.4327
CHLD 16 10.886719 1567446073.4327
CHLD 17 10.902344 1567446073.4328
CHLD 18 10.957031 1567446073.4328
CHLD 19 10.886719 1567446073.4329
MEM 711.523438 1567446073.5333
CHLD 0 601.226562 1567446073.5565
CHLD 1 601.234375 1567446073.5565
CHLD 2 601.234375 1567446073.5566
CHLD 3 601.234375 1567446073.5566
CHLD 4 656.695312 1567446073.5567
CHLD 5 657.945312 1567446073.5567
CHLD 6 656.671875 1567446073.5568
CHLD 7 645.863281 1567446073.5568
CHLD 8 656.570312 1567446073.5569
CHLD 9 643.109375 1567446073.5569
CHLD 10 656.550781 1567446073.5570
CHLD 11 656.429688 1567446073.5570
CHLD 12 10.960938 1567446073.5571
CHLD 13 11.078125 1567446073.5571
CHLD 14 10.925781 1567446073.5572
CHLD 15 10.898438 1567446073.5572
CHLD 16 10.886719 1567446073.5573
CHLD 17 10.902344 1567446073.5573
CHLD 18 10.957031 1567446073.5574
CHLD 19 10.886719 1567446073.5574
MEM 711.523438 1567446073.6579
CHLD 0 601.226562 1567446073.6726
CHLD 1 601.234375 1567446073.6727
CHLD 2 601.234375 1567446073.6728
CHLD 3 601.234375 1567446073.6728
CHLD 4 656.953125 1567446073.6729
CHLD 5 657.945312 1567446073.6729
CHLD 6 665.847656 1567446073.6730
CHLD 7 652.285156 1567446073.6730
CHLD 8 657.519531 1567446073.6731
CHLD 9 643.328125 1567446073.6732
CHLD 10 657.109375 1567446073.6732
CHLD 11 656.554688 1567446073.6733
CHLD 12 10.960938 1567446073.6733
CHLD 13 11.078125 1567446073.6734
CHLD 14 10.925781 1567446073.6734
CHLD 15 10.898438 1567446073.6735
CHLD 16 10.886719 1567446073.6736
CHLD 17 10.902344 1567446073.6736
CHLD 18 10.957031 1567446073.6737
CHLD 19 10.886719 1567446073.6737
MEM 711.523438 1567446073.7741
CHLD 0 601.226562 1567446073.8385
CHLD 1 601.234375 1567446073.8386
CHLD 2 601.234375 1567446073.8387
CHLD 3 601.234375 1567446073.8388
CHLD 4 656.953125 1567446073.8388
CHLD 5 677.406250 1567446073.8389
CHLD 6 668.421875 1567446073.8390
CHLD 7 656.589844 1567446073.8390
CHLD 8 657.882812 1567446073.8391
CHLD 9 643.644531 1567446073.8391
CHLD 10 657.593750 1567446073.8392
CHLD 11 656.554688 1567446073.8393
CHLD 12 10.960938 1567446073.8393
CHLD 13 11.078125 1567446073.8394
CHLD 14 10.925781 1567446073.8394
CHLD 15 10.898438 1567446073.8395
CHLD 16 10.886719 1567446073.8396
CHLD 17 10.902344 1567446073.8397
CHLD 18 10.957031 1567446073.8397
CHLD 19 10.886719 1567446073.8398
MEM 711.523438 1567446073.9403
CHLD 0 601.226562 1567446073.9644
CHLD 1 601.234375 1567446073.9644
CHLD 2 601.234375 1567446073.9645
CHLD 3 601.234375 1567446073.9645
CHLD 4 656.953125 1567446073.9646
CHLD 5 688.339844 1567446073.9647
CHLD 6 668.421875 1567446073.9647
CHLD 7 657.171875 1567446073.9648
CHLD 8 657.882812 1567446073.9648
CHLD 9 643.828125 1567446073.9649
CHLD 10 657.593750 1567446073.9827
CHLD 11 657.097656 1567446073.9828
CHLD 12 10.960938 1567446073.9829
CHLD 13 11.078125 1567446073.9829
CHLD 14 10.925781 1567446073.9830
CHLD 15 10.898438 1567446073.9830
CHLD 16 10.886719 1567446073.9831
CHLD 17 10.902344 1567446073.9832
CHLD 18 10.957031 1567446073.9832
CHLD 19 10.886719 1567446073.9833
MEM 711.523438 1567446074.0837
CHLD 0 601.226562 1567446074.1321
CHLD 1 601.234375 1567446074.1322
CHLD 2 601.234375 1567446074.1323
CHLD 3 601.234375 1567446074.1323
CHLD 4 665.121094 1567446074.1324
CHLD 5 691.433594 1567446074.1325
CHLD 6 668.937500 1567446074.1325
CHLD 7 657.234375 1567446074.1326
CHLD 8 657.941406 1567446074.1327
CHLD 9 643.988281 1567446074.1327
CHLD 10 657.593750 1567446074.1328
CHLD 11 657.097656 1567446074.1328
CHLD 12 10.960938 1567446074.1329
CHLD 13 11.078125 1567446074.1330
CHLD 14 10.925781 1567446074.1330
CHLD 15 10.898438 1567446074.1331
CHLD 16 10.886719 1567446074.1331
CHLD 17 10.902344 1567446074.1332
CHLD 18 10.957031 1567446074.1333
CHLD 19 10.886719 1567446074.1333
MEM 711.523438 1567446074.2339
CHLD 0 601.226562 1567446074.2496
CHLD 1 601.234375 1567446074.2497
CHLD 2 601.234375 1567446074.2498
CHLD 3 601.234375 1567446074.2498
CHLD 4 674.570312 1567446074.2499
CHLD 5 694.992188 1567446074.2499
CHLD 6 668.937500 1567446074.2500
CHLD 7 657.234375 1567446074.2500
CHLD 8 657.941406 1567446074.2501
CHLD 9 644.183594 1567446074.2502
CHLD 10 657.593750 1567446074.2502
CHLD 11 657.097656 1567446074.2784
CHLD 12 10.960938 1567446074.2785
CHLD 13 11.078125 1567446074.2786
CHLD 14 10.925781 1567446074.2787
CHLD 15 10.898438 1567446074.2787
CHLD 16 10.886719 1567446074.2788
CHLD 17 10.902344 1567446074.2788
CHLD 18 10.957031 1567446074.2789
CHLD 19 10.886719 1567446074.2789
MEM 711.523438 1567446074.3794
CHLD 0 601.226562 1567446074.3996
CHLD 1 601.234375 1567446074.3997
CHLD 2 601.234375 1567446074.3997
CHLD 3 601.234375 1567446074.3998
CHLD 4 675.601562 1567446074.3999
CHLD 5 697.054688 1567446074.3999
CHLD 6 669.195312 1567446074.4000
CHLD 7 657.234375 1567446074.4000
CHLD 8 657.941406 1567446074.4001
CHLD 9 644.367188 1567446074.4002
CHLD 10 657.593750 1567446074.4002
CHLD 11 657.097656 1567446074.4003
CHLD 12 10.960938 1567446074.4004
CHLD 13 11.078125 1567446074.4004
CHLD 14 10.925781 1567446074.4005
CHLD 15 10.898438 1567446074.4005
CHLD 16 10.886719 1567446074.4006
CHLD 17 10.902344 1567446074.4007
CHLD 18 10.957031 1567446074.4007
CHLD 19 10.886719 1567446074.4008
MEM 711.523438 1567446074.5015
CHLD 0 601.226562 1567446074.5512
CHLD 1 601.234375 1567446074.5512
CHLD 2 601.234375 1567446074.5513
CHLD 3 601.234375 1567446074.5514
CHLD 4 676.375000 1567446074.5514
CHLD 5 697.054688 1567446074.5515
CHLD 6 669.195312 1567446074.5515
CHLD 7 657.363281 1567446074.5516
CHLD 8 657.941406 1567446074.5517
CHLD 9 644.550781 1567446074.5517
CHLD 10 670.656250 1567446074.5518
CHLD 11 667.894531 1567446074.5518
CHLD 12 10.960938 1567446074.5519
CHLD 13 11.078125 1567446074.5520
CHLD 14 10.925781 1567446074.5520
CHLD 15 10.898438 1567446074.5521
CHLD 16 10.886719 1567446074.5521
CHLD 17 10.902344 1567446074.5522
CHLD 18 10.957031 1567446074.5522
CHLD 19 10.886719 1567446074.5523
MEM 711.523438 1567446074.6530
CHLD 0 601.226562 1567446074.7108
CHLD 1 601.234375 1567446074.7108
CHLD 2 601.234375 1567446074.7109
CHLD 3 601.234375 1567446074.7110
CHLD 4 676.890625 1567446074.7110
CHLD 5 697.570312 1567446074.7111
CHLD 6 669.195312 1567446074.7111
CHLD 7 657.363281 1567446074.7112
CHLD 8 658.488281 1567446074.7113
CHLD 9 644.734375 1567446074.7113
CHLD 10 672.460938 1567446074.7114
CHLD 11 670.207031 1567446074.7114
CHLD 12 10.960938 1567446074.7318
CHLD 13 11.078125 1567446074.7320
CHLD 14 10.925781 1567446074.7320
CHLD 15 10.898438 1567446074.7321
CHLD 16 10.886719 1567446074.7322
CHLD 17 10.902344 1567446074.7322
CHLD 18 10.957031 1567446074.7323
CHLD 19 10.886719 1567446074.7323
MEM 711.523438 1567446074.8332
CHLD 0 601.226562 1567446074.9556
CHLD 1 601.234375 1567446074.9557
CHLD 2 601.234375 1567446074.9557
CHLD 3 601.234375 1567446074.9558
CHLD 4 677.921875 1567446074.9559
CHLD 5 697.570312 1567446074.9559
CHLD 6 669.195312 1567446074.9560
CHLD 7 657.363281 1567446074.9560
CHLD 8 674.179688 1567446074.9561
CHLD 9 644.921875 1567446074.9562
CHLD 10 673.492188 1567446074.9562
CHLD 11 671.496094 1567446074.9563
CHLD 12 10.960938 1567446074.9563
CHLD 13 11.078125 1567446074.9564
CHLD 14 10.925781 1567446074.9565
CHLD 15 10.898438 1567446074.9565
CHLD 16 10.886719 1567446074.9566
CHLD 17 10.902344 1567446074.9566
CHLD 18 10.957031 1567446074.9567
CHLD 19 10.886719 1567446074.9568
MEM 711.523438 1567446075.0596
CHLD 0 601.226562 1567446075.1537
CHLD 1 601.234375 1567446075.1538
CHLD 2 601.234375 1567446075.1539
CHLD 3 601.234375 1567446075.1539
CHLD 4 677.921875 1567446075.1540
CHLD 5 697.570312 1567446075.1540
CHLD 6 669.195312 1567446075.1541
CHLD 7 657.363281 1567446075.1542
CHLD 8 676.242188 1567446075.1542
CHLD 9 645.078125 1567446075.2129
CHLD 10 674.781250 1567446075.2130
CHLD 11 671.496094 1567446075.2131
CHLD 12 10.960938 1567446075.2132
CHLD 13 11.078125 1567446075.2132
CHLD 14 10.925781 1567446075.2133
CHLD 15 10.898438 1567446075.2133
CHLD 16 10.886719 1567446075.2134
CHLD 17 10.902344 1567446075.2134
CHLD 18 10.957031 1567446075.2135
CHLD 19 10.886719 1567446075.2136
MEM 711.523438 1567446075.3140
CHLD 0 601.226562 1567446075.3911
CHLD 1 601.234375 1567446075.3911
CHLD 2 601.234375 1567446075.3912
CHLD 3 601.234375 1567446075.3913
CHLD 4 678.437500 1567446075.3913
CHLD 5 697.570312 1567446075.3914
CHLD 6 669.195312 1567446075.3915
CHLD 7 657.363281 1567446075.3915
CHLD 8 678.304688 1567446075.3916
CHLD 9 645.078125 1567446075.3917
CHLD 10 674.781250 1567446075.3917
CHLD 11 671.753906 1567446075.3918
CHLD 12 10.960938 1567446075.3919
CHLD 13 11.078125 1567446075.3919
CHLD 14 10.925781 1567446075.3920
CHLD 15 10.898438 1567446075.3920
CHLD 16 10.886719 1567446075.3921
CHLD 17 10.902344 1567446075.3922
CHLD 18 10.957031 1567446075.3922
CHLD 19 10.886719 1567446075.3923
MEM 711.523438 1567446075.5003
CHLD 0 601.226562 1567446075.5380
CHLD 1 601.234375 1567446075.5381
CHLD 2 601.234375 1567446075.5381
CHLD 3 601.234375 1567446075.5382
CHLD 4 678.437500 1567446075.5382
CHLD 5 697.570312 1567446075.5383
CHLD 6 669.195312 1567446075.5383
CHLD 7 657.656250 1567446075.5384
CHLD 8 678.304688 1567446075.5384
CHLD 9 645.078125 1567446075.5385
CHLD 10 674.781250 1567446075.5386
CHLD 11 673.042969 1567446075.5386
CHLD 12 10.960938 1567446075.5387
CHLD 13 11.078125 1567446075.5387
CHLD 14 10.925781 1567446075.5492
CHLD 15 10.898438 1567446075.5493
CHLD 16 10.886719 1567446075.5494
CHLD 17 10.902344 1567446075.5495
CHLD 18 10.957031 1567446075.5495
CHLD 19 10.886719 1567446075.5496
MEM 711.523438 1567446075.6505
CHLD 0 601.226562 1567446075.7486
CHLD 1 601.234375 1567446075.7487
CHLD 2 601.234375 1567446075.7487
CHLD 3 601.234375 1567446075.7488
CHLD 4 678.437500 1567446075.7489
CHLD 5 697.570312 1567446075.7489
CHLD 6 669.542969 1567446075.7490
CHLD 7 657.656250 1567446075.7490
CHLD 8 680.109375 1567446075.7491
CHLD 9 645.437500 1567446075.7492
CHLD 10 675.039062 1567446075.7492
CHLD 11 673.042969 1567446075.7493
CHLD 12 10.960938 1567446075.7494
CHLD 13 11.078125 1567446075.7494
CHLD 14 10.925781 1567446075.7495
CHLD 15 10.898438 1567446075.7495
CHLD 16 10.886719 1567446075.7496
CHLD 17 10.902344 1567446075.7497
CHLD 18 10.957031 1567446075.7497
CHLD 19 10.886719 1567446075.7498
MEM 711.523438 1567446075.8506
CHLD 0 601.226562 1567446075.9244
CHLD 1 601.234375 1567446075.9245
CHLD 2 601.234375 1567446075.9246
CHLD 3 601.234375 1567446075.9246
CHLD 4 678.437500 1567446075.9247
CHLD 5 697.570312 1567446075.9248
CHLD 6 670.058594 1567446075.9249
CHLD 7 657.656250 1567446075.9249
CHLD 8 680.109375 1567446075.9250
CHLD 9 645.437500 1567446075.9251
CHLD 10 675.554688 1567446075.9252
CHLD 11 673.042969 1567446075.9253
CHLD 12 10.960938 1567446075.9253
CHLD 13 11.078125 1567446075.9254
CHLD 14 10.925781 1567446075.9254
CHLD 15 10.898438 1567446075.9255
CHLD 16 10.886719 1567446075.9255
CHLD 17 10.902344 1567446075.9256
CHLD 18 10.957031 1567446075.9256
CHLD 19 10.886719 1567446075.9257
MEM 711.523438 1567446076.0284
CHLD 0 601.226562 1567446076.2090
CHLD 1 601.234375 1567446076.2091
CHLD 2 601.234375 1567446076.2092
CHLD 3 601.234375 1567446076.2092
CHLD 4 678.437500 1567446076.2093
CHLD 5 697.570312 1567446076.2094
CHLD 6 670.058594 1567446076.2094
CHLD 7 657.656250 1567446076.2095
CHLD 8 680.367188 1567446076.2096
CHLD 9 645.617188 1567446076.2096
CHLD 10 675.554688 1567446076.2097
CHLD 11 673.816406 1567446076.2097
CHLD 12 10.960938 1567446076.2098
CHLD 13 11.078125 1567446076.2098
CHLD 14 10.925781 1567446076.2099
CHLD 15 10.898438 1567446076.2100
CHLD 16 10.886719 1567446076.2100
CHLD 17 10.902344 1567446076.2101
CHLD 18 10.957031 1567446076.2101
CHLD 19 10.886719 1567446076.2102
MEM 711.523438 1567446076.3107
CHLD 0 601.226562 1567446076.4394
CHLD 1 601.234375 1567446076.4394
CHLD 2 601.234375 1567446076.4395
CHLD 3 601.234375 1567446076.4396
CHLD 4 678.437500 1567446076.4396
CHLD 5 697.570312 1567446076.4397
CHLD 6 670.058594 1567446076.4397
CHLD 7 657.656250 1567446076.4398
CHLD 8 681.398438 1567446076.4399
CHLD 9 645.800781 1567446076.4399
CHLD 10 675.554688 1567446076.4400
CHLD 11 673.816406 1567446076.4400
CHLD 12 10.960938 1567446076.4401
CHLD 13 11.078125 1567446076.4401
CHLD 14 10.925781 1567446076.4402
CHLD 15 10.898438 1567446076.4403
CHLD 16 10.886719 1567446076.4403
CHLD 17 10.902344 1567446076.4404
CHLD 18 10.957031 1567446076.4404
CHLD 19 10.886719 1567446076.4405
MEM 711.523438 1567446076.5423
CHLD 0 601.226562 1567446076.6536
CHLD 1 601.234375 1567446076.6537
CHLD 2 601.234375 1567446076.6537
CHLD 3 601.234375 1567446076.6538
CHLD 4 678.437500 1567446076.6539
CHLD 5 697.570312 1567446076.6539
CHLD 6 670.058594 1567446076.6540
CHLD 7 657.656250 1567446076.6540
CHLD 8 681.398438 1567446076.6541
CHLD 9 645.953125 1567446076.6541
CHLD 10 675.554688 1567446076.6542
CHLD 11 673.816406 1567446076.6549
CHLD 12 10.960938 1567446076.6550
CHLD 13 11.078125 1567446076.6551
CHLD 14 10.925781 1567446076.6551
CHLD 15 10.898438 1567446076.6552
CHLD 16 10.886719 1567446076.6553
CHLD 17 10.902344 1567446076.6553
CHLD 18 10.957031 1567446076.6554
CHLD 19 10.886719 1567446076.6554
MEM 711.523438 1567446076.7559
CHLD 0 601.226562 1567446076.8529
CHLD 1 601.234375 1567446076.8530
CHLD 2 601.234375 1567446076.8530
CHLD 3 601.234375 1567446076.8531
CHLD 4 678.437500 1567446076.8531
CHLD 5 699.890625 1567446076.8532
CHLD 6 670.058594 1567446076.8533
CHLD 7 657.656250 1567446076.8533
CHLD 8 681.398438 1567446076.8534
CHLD 9 647.500000 1567446076.8534
CHLD 10 675.812500 1567446076.8535
CHLD 11 673.816406 1567446076.8535
CHLD 12 10.960938 1567446076.8536
CHLD 13 11.078125 1567446076.8537
CHLD 14 10.925781 1567446076.8537
CHLD 15 10.898438 1567446076.8538
CHLD 16 10.886719 1567446076.8538
CHLD 17 10.902344 1567446076.8539
CHLD 18 10.957031 1567446076.8539
CHLD 19 10.886719 1567446076.8540
MEM 711.523438 1567446076.9545
CHLD 0 601.226562 1567446077.0644
CHLD 1 601.234375 1567446077.0645
CHLD 2 601.234375 1567446077.0646
CHLD 3 601.234375 1567446077.0646
CHLD 4 678.437500 1567446077.0647
CHLD 5 699.890625 1567446077.0648
CHLD 6 670.058594 1567446077.0649
CHLD 7 657.656250 1567446077.0649
CHLD 8 681.398438 1567446077.0650
CHLD 9 653.328125 1567446077.0650
CHLD 10 675.812500 1567446077.0651
CHLD 11 673.816406 1567446077.0652
CHLD 12 10.960938 1567446077.0652
CHLD 13 11.078125 1567446077.0653
CHLD 14 10.925781 1567446077.0653
CHLD 15 10.898438 1567446077.0654
CHLD 16 10.886719 1567446077.0655
CHLD 17 10.902344 1567446077.0655
CHLD 18 10.957031 1567446077.0656
CHLD 19 10.886719 1567446077.0657
MEM 711.523438 1567446077.1666
CHLD 0 601.226562 1567446077.2792
CHLD 1 601.234375 1567446077.2792
CHLD 2 601.234375 1567446077.2793
CHLD 3 601.234375 1567446077.2794
CHLD 4 678.953125 1567446077.2794
CHLD 5 700.406250 1567446077.2795
CHLD 6 670.058594 1567446077.2795
CHLD 7 659.027344 1567446077.2796
CHLD 8 682.687500 1567446077.2796
CHLD 9 653.625000 1567446077.2797
CHLD 10 675.812500 1567446077.2798
CHLD 11 673.816406 1567446077.2798
CHLD 12 10.960938 1567446077.2799
CHLD 13 11.078125 1567446077.2799
CHLD 14 10.925781 1567446077.2800
CHLD 15 10.898438 1567446077.2800
CHLD 16 10.886719 1567446077.2801
CHLD 17 10.902344 1567446077.2802
CHLD 18 10.957031 1567446077.2802
CHLD 19 10.886719 1567446077.2803
MEM 711.523438 1567446077.3843
CHLD 0 601.226562 1567446077.4755
CHLD 1 601.234375 1567446077.4756
CHLD 2 601.234375 1567446077.4757
CHLD 3 601.234375 1567446077.4757
CHLD 4 678.953125 1567446077.4758
CHLD 5 700.406250 1567446077.4758
CHLD 6 670.058594 1567446077.4759
CHLD 7 669.312500 1567446077.4760
CHLD 8 682.687500 1567446077.4760
CHLD 9 654.296875 1567446077.4761
CHLD 10 676.328125 1567446077.4761
CHLD 11 673.816406 1567446077.4762
CHLD 12 10.960938 1567446077.4762
CHLD 13 11.078125 1567446077.4763
CHLD 14 10.925781 1567446077.4763
CHLD 15 10.898438 1567446077.4764
CHLD 16 10.886719 1567446077.4765
CHLD 17 10.902344 1567446077.4765
CHLD 18 10.957031 1567446077.4766
CHLD 19 10.886719 1567446077.4766
MEM 711.523438 1567446077.5776
CHLD 0 601.226562 1567446077.7036
CHLD 1 601.234375 1567446077.7036
CHLD 2 601.234375 1567446077.7037
CHLD 3 601.234375 1567446077.7038
CHLD 4 678.953125 1567446077.7038
CHLD 5 700.406250 1567446077.7039
CHLD 6 670.316406 1567446077.7039
CHLD 7 670.085938 1567446077.7040
CHLD 8 682.687500 1567446077.7041
CHLD 9 655.625000 1567446077.7041
CHLD 10 676.328125 1567446077.7042
CHLD 11 674.847656 1567446077.7042
CHLD 12 10.960938 1567446077.7043
CHLD 13 11.078125 1567446077.7043
CHLD 14 10.925781 1567446077.7044
CHLD 15 10.898438 1567446077.7045
CHLD 16 10.886719 1567446077.7045
CHLD 17 10.902344 1567446077.7046
CHLD 18 10.957031 1567446077.7046
CHLD 19 10.886719 1567446077.7047
MEM 711.523438 1567446077.8063
CHLD 0 601.226562 1567446077.9894
CHLD 1 601.234375 1567446077.9895
CHLD 2 601.234375 1567446077.9895
CHLD 3 601.234375 1567446077.9896
CHLD 4 678.953125 1567446077.9897
CHLD 5 700.406250 1567446077.9897
CHLD 6 670.316406 1567446077.9898
CHLD 7 671.375000 1567446077.9898
CHLD 8 683.976562 1567446077.9899
CHLD 9 656.726562 1567446077.9899
CHLD 10 676.328125 1567446077.9900
CHLD 11 674.847656 1567446077.9900
CHLD 12 10.960938 1567446077.9901
CHLD 13 11.078125 1567446077.9901
CHLD 14 10.925781 1567446077.9902
CHLD 15 10.898438 1567446077.9916
CHLD 16 10.886719 1567446077.9917
CHLD 17 10.902344 1567446077.9918
CHLD 18 10.957031 1567446077.9919
CHLD 19 10.886719 1567446077.9919
MEM 711.523438 1567446078.0926
CHLD 0 601.226562 1567446078.2223
CHLD 1 601.234375 1567446078.2224
CHLD 2 601.234375 1567446078.2225
CHLD 3 601.234375 1567446078.2225
CHLD 4 678.953125 1567446078.2226
CHLD 5 700.406250 1567446078.2226
CHLD 6 670.316406 1567446078.2227
CHLD 7 671.632812 1567446078.2227
CHLD 8 683.976562 1567446078.2228
CHLD 9 656.726562 1567446078.2467
CHLD 10 676.328125 1567446078.2469
CHLD 11 675.363281 1567446078.2469
CHLD 12 10.960938 1567446078.2470
CHLD 13 11.078125 1567446078.2471
CHLD 14 10.925781 1567446078.2472
CHLD 15 10.898438 1567446078.2472
CHLD 16 10.886719 1567446078.2473
CHLD 17 10.902344 1567446078.2474
CHLD 18 10.957031 1567446078.2474
CHLD 19 10.886719 1567446078.2475
MEM 711.523438 1567446078.3482
CHLD 0 601.226562 1567446078.4381
CHLD 1 601.234375 1567446078.4382
CHLD 2 601.234375 1567446078.4383
CHLD 3 601.234375 1567446078.4383
CHLD 4 678.953125 1567446078.4384
CHLD 5 701.953125 1567446078.4385
CHLD 6 670.316406 1567446078.4385
CHLD 7 672.406250 1567446078.4386
CHLD 8 683.976562 1567446078.4386
CHLD 9 656.726562 1567446078.4387
CHLD 10 676.328125 1567446078.4387
CHLD 11 675.363281 1567446078.4388
CHLD 12 10.960938 1567446078.4388
CHLD 13 11.078125 1567446078.4389
CHLD 14 10.925781 1567446078.4389
CHLD 15 10.898438 1567446078.4390
CHLD 16 10.886719 1567446078.4391
CHLD 17 10.902344 1567446078.4391
CHLD 18 10.957031 1567446078.4392
CHLD 19 10.886719 1567446078.4392
MEM 711.523438 1567446078.5421
CHLD 0 601.226562 1567446078.6136
CHLD 1 601.234375 1567446078.6137
CHLD 2 601.234375 1567446078.6138
CHLD 3 601.234375 1567446078.6138
CHLD 4 678.953125 1567446078.6139
CHLD 5 701.953125 1567446078.6139
CHLD 6 670.316406 1567446078.6140
CHLD 7 672.921875 1567446078.6140
CHLD 8 683.976562 1567446078.6141
CHLD 9 658.578125 1567446078.6142
CHLD 10 676.328125 1567446078.6142
CHLD 11 675.363281 1567446078.6387
CHLD 12 10.960938 1567446078.6388
CHLD 13 11.078125 1567446078.6389
CHLD 14 10.925781 1567446078.6389
CHLD 15 10.898438 1567446078.6390
CHLD 16 10.886719 1567446078.6390
CHLD 17 10.902344 1567446078.6391
CHLD 18 10.957031 1567446078.6391
CHLD 19 10.886719 1567446078.6392
MEM 711.523438 1567446078.7398
CHLD 0 601.226562 1567446078.8376
CHLD 1 601.234375 1567446078.8377
CHLD 2 601.234375 1567446078.8378
CHLD 3 601.234375 1567446078.8378
CHLD 4 678.953125 1567446078.8379
CHLD 5 701.953125 1567446078.8379
CHLD 6 670.316406 1567446078.8380
CHLD 7 673.437500 1567446078.8380
CHLD 8 683.976562 1567446078.8381
CHLD 9 658.691406 1567446078.8382
CHLD 10 676.328125 1567446078.8382
CHLD 11 675.363281 1567446078.8383
CHLD 12 10.960938 1567446078.8383
CHLD 13 11.078125 1567446078.8384
CHLD 14 10.925781 1567446078.8385
CHLD 15 10.898438 1567446078.8385
CHLD 16 10.886719 1567446078.8386
CHLD 17 10.902344 1567446078.8386
CHLD 18 10.957031 1567446078.8387
CHLD 19 10.886719 1567446078.8388
MEM 711.523438 1567446078.9449
CHLD 0 601.226562 1567446079.0886
CHLD 1 601.234375 1567446079.0887
CHLD 2 601.234375 1567446079.0888
CHLD 3 601.234375 1567446079.0888
CHLD 4 678.953125 1567446079.1503
CHLD 5 702.468750 1567446079.1505
CHLD 6 670.832031 1567446079.1505
CHLD 7 673.437500 1567446079.1506
CHLD 8 685.007812 1567446079.1507
CHLD 9 662.789062 1567446079.1507
CHLD 10 676.328125 1567446079.1508
CHLD 11 675.363281 1567446079.1508
CHLD 12 10.960938 1567446079.1509
CHLD 13 11.078125 1567446079.1510
CHLD 14 10.925781 1567446079.1510
CHLD 15 10.898438 1567446079.1511
CHLD 16 10.886719 1567446079.1511
CHLD 17 10.902344 1567446079.1512
CHLD 18 10.957031 1567446079.1512
CHLD 19 10.886719 1567446079.1513
MEM 711.523438 1567446079.2517
CHLD 0 601.226562 1567446079.3549
CHLD 1 601.234375 1567446079.3550
CHLD 2 601.234375 1567446079.3550
CHLD 3 601.234375 1567446079.3551
CHLD 4 678.953125 1567446079.3551
CHLD 5 702.468750 1567446079.3552
CHLD 6 670.832031 1567446079.3552
CHLD 7 673.437500 1567446079.3553
CHLD 8 685.007812 1567446079.3553
CHLD 9 664.910156 1567446079.3554
CHLD 10 676.328125 1567446079.3554
CHLD 11 675.363281 1567446079.3555
CHLD 12 10.960938 1567446079.3555
CHLD 13 11.078125 1567446079.3556
CHLD 14 10.925781 1567446079.3557
CHLD 15 10.898438 1567446079.3557
CHLD 16 10.886719 1567446079.3558
CHLD 17 10.902344 1567446079.3558
CHLD 18 10.957031 1567446079.3559
CHLD 19 10.886719 1567446079.3559
MEM 711.523438 1567446079.4565
CHLD 0 601.226562 1567446079.6039
CHLD 1 601.234375 1567446079.6040
CHLD 2 601.234375 1567446079.6040
CHLD 3 601.234375 1567446079.6041
CHLD 4 678.953125 1567446079.6041
CHLD 5 702.468750 1567446079.6042
CHLD 6 670.832031 1567446079.6042
CHLD 7 673.695312 1567446079.6043
CHLD 8 685.007812 1567446079.6044
CHLD 9 669.757812 1567446079.6044
CHLD 10 676.328125 1567446079.6045
CHLD 11 675.363281 1567446079.6045
CHLD 12 10.960938 1567446079.6046
CHLD 13 11.078125 1567446079.6047
CHLD 14 10.925781 1567446079.6047
CHLD 15 10.898438 1567446079.6048
CHLD 16 10.886719 1567446079.6048
CHLD 17 10.902344 1567446079.6049
CHLD 18 10.957031 1567446079.6049
CHLD 19 10.886719 1567446079.6050
MEM 711.523438 1567446079.7074
CHLD 0 601.226562 1567446079.8168
CHLD 1 601.234375 1567446079.8168
CHLD 2 601.234375 1567446079.8169
CHLD 3 601.234375 1567446079.8169
CHLD 4 678.953125 1567446079.8170
CHLD 5 702.468750 1567446079.8171
CHLD 6 670.832031 1567446079.8171
CHLD 7 673.695312 1567446079.8172
CHLD 8 685.265625 1567446079.8172
CHLD 9 669.757812 1567446079.8173
CHLD 10 676.328125 1567446079.8174
CHLD 11 675.363281 1567446079.8174
CHLD 12 10.960938 1567446079.8175
CHLD 13 11.078125 1567446079.8176
CHLD 14 10.925781 1567446079.8176
CHLD 15 10.898438 1567446079.8177
CHLD 16 10.886719 1567446079.8177
CHLD 17 10.902344 1567446079.8178
CHLD 18 10.957031 1567446079.8179
CHLD 19 10.886719 1567446079.8179
MEM 711.523438 1567446079.9198
CHLD 0 601.226562 1567446080.0774
CHLD 1 601.234375 1567446080.0775
CHLD 2 601.234375 1567446080.0775
CHLD 3 601.234375 1567446080.0776
CHLD 4 678.953125 1567446080.0777
CHLD 5 702.468750 1567446080.0777
CHLD 6 670.832031 1567446080.0778
CHLD 7 673.695312 1567446080.0778
CHLD 8 685.265625 1567446080.0779
CHLD 9 669.757812 1567446080.0779
CHLD 10 676.328125 1567446080.0780
CHLD 11 675.363281 1567446080.0780
CHLD 12 10.960938 1567446080.0781
CHLD 13 11.078125 1567446080.0782
CHLD 14 10.925781 1567446080.2888
CHLD 15 10.898438 1567446080.2889
CHLD 16 10.886719 1567446080.2890
CHLD 17 10.902344 1567446080.2890
CHLD 18 10.957031 1567446080.2891
CHLD 19 10.886719 1567446080.2891
MEM 711.535156 1567446080.3904
CHLD 0 601.226562 1567446080.4978
CHLD 1 601.234375 1567446080.4979
CHLD 2 601.234375 1567446080.4980
CHLD 3 601.234375 1567446080.4980
CHLD 4 679.210938 1567446080.4981
CHLD 5 702.468750 1567446080.4981
CHLD 6 670.832031 1567446080.4982
CHLD 7 673.695312 1567446080.4983
CHLD 8 685.265625 1567446080.4983
CHLD 9 669.757812 1567446080.4984
CHLD 10 676.328125 1567446080.4985
CHLD 11 675.363281 1567446080.4985
CHLD 12 10.960938 1567446080.4986
CHLD 13 11.078125 1567446080.4986
CHLD 14 10.925781 1567446080.4987
CHLD 15 10.898438 1567446080.4988
CHLD 16 10.886719 1567446080.4988
CHLD 17 10.902344 1567446080.4989
CHLD 18 10.957031 1567446080.5010
CHLD 19 10.886719 1567446080.5011
MEM 711.535156 1567446080.6015
CHLD 0 601.226562 1567446080.6489
CHLD 1 601.234375 1567446080.6490
CHLD 2 601.234375 1567446080.6491
CHLD 3 601.234375 1567446080.6491
CHLD 4 679.210938 1567446080.6492
CHLD 5 702.468750 1567446080.6492
CHLD 6 670.832031 1567446080.6493
CHLD 7 673.953125 1567446080.6494
CHLD 8 685.265625 1567446080.6494
CHLD 9 669.757812 1567446080.6495
CHLD 10 676.328125 1567446080.6496
CHLD 11 675.363281 1567446080.6496
CHLD 12 10.960938 1567446080.6497
CHLD 13 11.078125 1567446080.6497
CHLD 14 10.925781 1567446080.6498
CHLD 15 10.898438 1567446080.6498
CHLD 16 10.886719 1567446080.6499
CHLD 17 10.902344 1567446080.6499
CHLD 18 10.957031 1567446080.6500
CHLD 19 10.886719 1567446080.6500
MEM 711.535156 1567446080.7506
CHLD 0 601.226562 1567446080.9102
CHLD 1 601.234375 1567446080.9285
CHLD 2 601.234375 1567446080.9286
CHLD 3 601.234375 1567446080.9286
CHLD 4 679.468750 1567446080.9287
CHLD 5 702.468750 1567446080.9287
CHLD 6 670.832031 1567446080.9288
CHLD 7 673.953125 1567446080.9289
CHLD 8 685.265625 1567446080.9289
CHLD 9 669.757812 1567446080.9290
CHLD 10 676.585938 1567446080.9290
CHLD 11 675.363281 1567446080.9291
CHLD 12 10.960938 1567446080.9292
CHLD 13 11.078125 1567446080.9292
CHLD 14 10.925781 1567446080.9293
CHLD 15 10.898438 1567446080.9293
CHLD 16 10.886719 1567446080.9294
CHLD 17 10.902344 1567446080.9294
CHLD 18 10.957031 1567446080.9295
CHLD 19 10.886719 1567446080.9295
MEM 711.535156 1567446081.0374
CHLD 0 601.226562 1567446081.1247
CHLD 1 601.234375 1567446081.1248
CHLD 2 601.234375 1567446081.1248
CHLD 3 601.234375 1567446081.1249
CHLD 4 679.468750 1567446081.1250
CHLD 5 702.468750 1567446081.1250
CHLD 6 670.832031 1567446081.1251
CHLD 7 673.953125 1567446081.1251
CHLD 8 685.523438 1567446081.1252
CHLD 9 669.757812 1567446081.1252
CHLD 10 676.585938 1567446081.1253
CHLD 11 675.363281 1567446081.1254
CHLD 12 10.960938 1567446081.1255
CHLD 13 11.078125 1567446081.1269
CHLD 14 10.925781 1567446081.1270
CHLD 15 10.898438 1567446081.1271
CHLD 16 10.886719 1567446081.1272
CHLD 17 10.902344 1567446081.1272
CHLD 18 10.957031 1567446081.1273
CHLD 19 10.886719 1567446081.1273
MEM 711.535156 1567446081.2283
CHLD 0 601.226562 1567446081.3120
CHLD 1 601.234375 1567446081.3121
CHLD 2 601.234375 1567446081.3121
CHLD 3 601.234375 1567446081.3122
CHLD 4 679.468750 1567446081.3122
CHLD 5 702.468750 1567446081.3123
CHLD 6 670.832031 1567446081.3123
CHLD 7 673.953125 1567446081.3124
CHLD 8 685.523438 1567446081.3125
CHLD 9 669.757812 1567446081.3125
CHLD 10 676.585938 1567446081.3126
CHLD 11 675.363281 1567446081.3126
CHLD 12 10.960938 1567446081.3127
CHLD 13 11.078125 1567446081.3128
CHLD 14 10.925781 1567446081.3128
CHLD 15 10.898438 1567446081.3129
CHLD 16 10.886719 1567446081.3130
CHLD 17 10.902344 1567446081.3130
CHLD 18 10.957031 1567446081.3131
CHLD 19 10.886719 1567446081.3131
MEM 711.535156 1567446081.4147
CHLD 0 601.226562 1567446081.5308
CHLD 1 601.234375 1567446081.5313
CHLD 2 601.234375 1567446081.5313
CHLD 3 601.234375 1567446081.5314
CHLD 4 679.726562 1567446081.5314
CHLD 5 702.468750 1567446081.5315
CHLD 6 670.832031 1567446081.5316
CHLD 7 673.953125 1567446081.5316
CHLD 8 685.523438 1567446081.5317
CHLD 9 669.757812 1567446081.5318
CHLD 10 676.585938 1567446081.5318
CHLD 11 675.363281 1567446081.5319
CHLD 12 10.960938 1567446081.5319
CHLD 13 11.078125 1567446081.5320
CHLD 14 10.925781 1567446081.5320
CHLD 15 10.898438 1567446081.5321
CHLD 16 10.886719 1567446081.5322
CHLD 17 10.902344 1567446081.5322
CHLD 18 10.957031 1567446081.5323
CHLD 19 10.886719 1567446081.5323
MEM 711.535156 1567446081.6335
CHLD 0 601.226562 1567446081.7135
CHLD 1 601.234375 1567446081.7136
CHLD 2 601.234375 1567446081.7137
CHLD 3 601.234375 1567446081.7137
CHLD 4 679.726562 1567446081.7138
CHLD 5 702.468750 1567446081.7138
CHLD 6 670.832031 1567446081.7139
CHLD 7 673.953125 1567446081.7139
CHLD 8 685.523438 1567446081.7140
CHLD 9 669.757812 1567446081.7140
CHLD 10 676.585938 1567446081.7141
CHLD 11 675.363281 1567446081.7141
CHLD 12 10.960938 1567446081.7142
CHLD 13 11.078125 1567446081.7143
CHLD 14 10.925781 1567446081.7143
CHLD 15 10.898438 1567446081.7144
CHLD 16 10.886719 1567446081.7144
CHLD 17 10.902344 1567446081.7145
CHLD 18 10.957031 1567446081.7146
CHLD 19 10.886719 1567446081.7146
MEM 711.535156 1567446081.8157
CHLD 0 601.226562 1567446082.0184
CHLD 1 601.234375 1567446082.0185
CHLD 2 601.234375 1567446082.0186
CHLD 3 601.234375 1567446082.0187
CHLD 4 679.726562 1567446082.0187
CHLD 5 702.468750 1567446082.0188
CHLD 6 670.832031 1567446082.0188
CHLD 7 673.953125 1567446082.0189
CHLD 8 685.523438 1567446082.0189
CHLD 9 669.757812 1567446082.0190
CHLD 10 676.585938 1567446082.0190
CHLD 11 675.363281 1567446082.0191
CHLD 12 10.960938 1567446082.0191
CHLD 13 11.078125 1567446082.0192
CHLD 14 10.925781 1567446082.0193
CHLD 15 10.898438 1567446082.0193
CHLD 16 10.886719 1567446082.0194
CHLD 17 10.902344 1567446082.0194
CHLD 18 10.957031 1567446082.0195
CHLD 19 10.886719 1567446082.0196
MEM 711.535156 1567446082.1201
CHLD 0 601.226562 1567446082.2724
CHLD 1 601.234375 1567446082.2725
CHLD 2 601.234375 1567446082.2726
CHLD 3 601.234375 1567446082.2726
CHLD 4 679.726562 1567446082.2727
CHLD 5 702.726562 1567446082.2727
CHLD 6 670.832031 1567446082.2728
CHLD 7 673.953125 1567446082.2728
CHLD 8 685.523438 1567446082.2729
CHLD 9 669.757812 1567446082.2729
CHLD 10 676.585938 1567446082.2730
CHLD 11 676.136719 1567446082.2731
CHLD 12 10.960938 1567446082.2731
CHLD 13 11.078125 1567446082.2732
CHLD 14 10.925781 1567446082.2732
CHLD 15 10.898438 1567446082.2733
CHLD 16 10.886719 1567446082.2734
CHLD 17 10.902344 1567446082.2734
CHLD 18 10.957031 1567446082.2735
CHLD 19 10.886719 1567446082.2735
MEM 711.535156 1567446082.3740
CHLD 0 601.226562 1567446082.4934
CHLD 1 601.234375 1567446082.4935
CHLD 2 601.234375 1567446082.4935
CHLD 3 601.234375 1567446082.4936
CHLD 4 679.726562 1567446082.4936
CHLD 5 702.726562 1567446082.4937
CHLD 6 670.832031 1567446082.4938
CHLD 7 673.953125 1567446082.4938
CHLD 8 685.523438 1567446082.4939
CHLD 9 669.757812 1567446082.4939
CHLD 10 676.585938 1567446082.5112
CHLD 11 676.136719 1567446082.5113
CHLD 12 10.960938 1567446082.5113
CHLD 13 11.078125 1567446082.5114
CHLD 14 10.925781 1567446082.5115
CHLD 15 10.898438 1567446082.5116
CHLD 16 10.886719 1567446082.5116
CHLD 17 10.902344 1567446082.5117
CHLD 18 10.957031 1567446082.5117
CHLD 19 10.886719 1567446082.5118
MEM 711.535156 1567446082.6134
CHLD 0 601.226562 1567446082.6817
CHLD 1 601.234375 1567446082.6817
CHLD 2 601.234375 1567446082.6818
CHLD 3 601.234375 1567446082.6818
CHLD 4 679.726562 1567446082.6819
CHLD 5 702.726562 1567446082.6819
CHLD 6 671.347656 1567446082.6820
CHLD 7 673.953125 1567446082.6821
CHLD 8 685.523438 1567446082.6821
CHLD 9 669.757812 1567446082.6822
CHLD 10 676.585938 1567446082.6822
CHLD 11 676.136719 1567446082.6823
CHLD 12 10.960938 1567446082.6824
CHLD 13 11.078125 1567446082.6824
CHLD 14 10.925781 1567446082.6825
CHLD 15 10.898438 1567446082.6825
CHLD 16 10.886719 1567446082.6826
CHLD 17 10.902344 1567446082.6826
CHLD 18 10.957031 1567446082.6827
CHLD 19 10.886719 1567446082.6828
MEM 711.535156 1567446082.7833
CHLD 0 601.226562 1567446082.9379
CHLD 1 601.234375 1567446082.9380
CHLD 2 601.234375 1567446082.9381
CHLD 3 601.234375 1567446082.9381
CHLD 4 679.726562 1567446082.9382
CHLD 5 702.726562 1567446082.9382
CHLD 6 671.347656 1567446082.9383
CHLD 7 673.953125 1567446082.9384
CHLD 8 685.523438 1567446082.9384
CHLD 9 669.757812 1567446082.9385
CHLD 10 676.585938 1567446082.9386
CHLD 11 676.136719 1567446082.9386
CHLD 12 10.960938 1567446082.9387
CHLD 13 11.078125 1567446082.9387
CHLD 14 10.925781 1567446082.9388
CHLD 15 10.898438 1567446082.9388
CHLD 16 10.886719 1567446082.9389
CHLD 17 10.902344 1567446082.9390
CHLD 18 10.957031 1567446082.9390
CHLD 19 10.886719 1567446082.9391
MEM 711.535156 1567446083.0399
CHLD 0 601.226562 1567446083.0824
CHLD 1 601.234375 1567446083.0825
CHLD 2 601.234375 1567446083.0825
CHLD 3 601.234375 1567446083.0826
CHLD 4 679.726562 1567446083.0827
CHLD 5 702.726562 1567446083.0827
CHLD 6 671.347656 1567446083.0828
CHLD 7 673.953125 1567446083.0828
CHLD 8 685.523438 1567446083.0829
CHLD 9 669.757812 1567446083.0829
CHLD 10 676.585938 1567446083.0830
CHLD 11 676.136719 1567446083.0831
CHLD 12 10.960938 1567446083.0831
CHLD 13 11.078125 1567446083.0832
CHLD 14 10.925781 1567446083.0832
CHLD 15 10.898438 1567446083.0833
CHLD 16 10.886719 1567446083.0833
CHLD 17 10.902344 1567446083.0834
CHLD 18 10.957031 1567446083.0834
CHLD 19 10.886719 1567446083.0835
MEM 711.535156 1567446083.1840
CHLD 0 601.226562 1567446083.3439
CHLD 1 601.234375 1567446083.3440
CHLD 2 601.234375 1567446083.3440
CHLD 3 601.234375 1567446083.3441
CHLD 4 679.726562 1567446083.3441
CHLD 5 702.726562 1567446083.3442
CHLD 6 671.347656 1567446083.3443
CHLD 7 673.953125 1567446083.3443
CHLD 8 685.523438 1567446083.3444
CHLD 9 669.757812 1567446083.3444
CHLD 10 676.585938 1567446083.3445
CHLD 11 676.136719 1567446083.3445
CHLD 12 10.960938 1567446083.3446
CHLD 13 11.078125 1567446083.3446
CHLD 14 10.925781 1567446083.3447
CHLD 15 10.898438 1567446083.3447
CHLD 16 10.886719 1567446083.3448
CHLD 17 10.902344 1567446083.3448
CHLD 18 10.957031 1567446083.3449
CHLD 19 10.886719 1567446083.3449
MEM 711.535156 1567446083.4454
CHLD 0 601.226562 1567446083.5973
CHLD 1 601.234375 1567446083.6007
CHLD 2 601.234375 1567446083.6009
CHLD 3 601.234375 1567446083.6010
CHLD 4 679.726562 1567446083.6010
CHLD 5 702.726562 1567446083.6011
CHLD 6 671.347656 1567446083.6012
CHLD 7 673.953125 1567446083.6012
CHLD 8 685.523438 1567446083.6013
CHLD 9 669.757812 1567446083.6013
CHLD 10 676.585938 1567446083.6014
CHLD 11 676.136719 1567446083.6015
CHLD 12 10.960938 1567446083.6015
CHLD 13 11.078125 1567446083.6016
CHLD 14 10.925781 1567446083.6016
CHLD 15 10.898438 1567446083.6017
CHLD 16 10.886719 1567446083.6017
CHLD 17 10.902344 1567446083.6018
CHLD 18 10.957031 1567446083.6019
CHLD 19 10.886719 1567446083.6019
MEM 711.535156 1567446083.7024
CHLD 0 601.226562 1567446083.7611
CHLD 1 601.234375 1567446083.7611
CHLD 2 601.234375 1567446083.7612
CHLD 3 601.234375 1567446083.7612
CHLD 4 679.726562 1567446083.7613
CHLD 5 702.726562 1567446083.7614
CHLD 6 671.347656 1567446083.7614
CHLD 7 673.953125 1567446083.7713
CHLD 8 685.523438 1567446083.7715
CHLD 9 669.757812 1567446083.7716
CHLD 10 676.585938 1567446083.7716
CHLD 11 676.136719 1567446083.7717
CHLD 12 10.960938 1567446083.7717
CHLD 13 11.078125 1567446083.7718
CHLD 14 10.925781 1567446083.7718
CHLD 15 10.898438 1567446083.7719
CHLD 16 10.886719 1567446083.7720
CHLD 17 10.902344 1567446083.7720
CHLD 18 10.957031 1567446083.7721
CHLD 19 10.886719 1567446083.7721
MEM 711.535156 1567446083.8726
CHLD 0 601.226562 1567446083.9551
CHLD 1 601.234375 1567446083.9552
CHLD 2 601.234375 1567446083.9552
CHLD 3 601.234375 1567446083.9553
CHLD 4 679.726562 1567446083.9553
CHLD 5 702.726562 1567446083.9554
CHLD 6 671.605469 1567446083.9554
CHLD 7 673.953125 1567446083.9555
CHLD 8 685.523438 1567446083.9556
CHLD 9 709.328125 1567446083.9556
CHLD 10 676.585938 1567446083.9557
CHLD 11 676.136719 1567446083.9557
CHLD 12 10.960938 1567446083.9558
CHLD 13 11.078125 1567446083.9558
CHLD 14 10.925781 1567446083.9559
CHLD 15 10.898438 1567446083.9559
CHLD 16 10.886719 1567446083.9560
CHLD 17 10.902344 1567446083.9560
CHLD 18 10.957031 1567446083.9561
CHLD 19 10.886719 1567446083.9561
MEM 711.535156 1567446084.0566
CHLD 0 601.226562 1567446084.1457
CHLD 1 601.234375 1567446084.1457
CHLD 2 601.234375 1567446084.1458
CHLD 3 601.234375 1567446084.1459
CHLD 4 679.726562 1567446084.1459
CHLD 5 702.726562 1567446084.1460
CHLD 6 671.605469 1567446084.1460
CHLD 7 673.953125 1567446084.1461
CHLD 8 685.523438 1567446084.1462
CHLD 9 739.750000 1567446084.1462
CHLD 10 676.585938 1567446084.2184
CHLD 11 676.136719 1567446084.2185
CHLD 12 10.960938 1567446084.2194
CHLD 13 11.078125 1567446084.2194
CHLD 14 10.925781 1567446084.2195
CHLD 15 10.898438 1567446084.2195
CHLD 16 10.886719 1567446084.2196
CHLD 17 10.902344 1567446084.2196
CHLD 18 10.957031 1567446084.2197
CHLD 19 10.886719 1567446084.2197
MEM 711.535156 1567446084.3202
CHLD 0 601.226562 1567446084.3753
CHLD 1 601.234375 1567446084.3754
CHLD 2 601.234375 1567446084.3755
CHLD 3 601.234375 1567446084.3755
CHLD 4 679.726562 1567446084.3756
CHLD 5 702.726562 1567446084.3757
CHLD 6 671.605469 1567446084.3757
CHLD 7 673.953125 1567446084.3758
CHLD 8 685.523438 1567446084.3758
CHLD 9 752.125000 1567446084.3759
CHLD 10 676.585938 1567446084.3759
CHLD 11 676.136719 1567446084.3760
CHLD 12 10.960938 1567446084.3760
CHLD 13 11.078125 1567446084.3761
CHLD 14 10.925781 1567446084.3761
CHLD 15 10.898438 1567446084.3762
CHLD 16 10.886719 1567446084.3763
CHLD 17 10.902344 1567446084.3763
CHLD 18 10.957031 1567446084.3764
CHLD 19 10.886719 1567446084.3764
MEM 711.535156 1567446084.4773
CHLD 0 601.226562 1567446084.5863
CHLD 1 601.234375 1567446084.5864
CHLD 2 601.234375 1567446084.5864
CHLD 3 601.234375 1567446084.5865
CHLD 4 679.726562 1567446084.5865
CHLD 5 702.726562 1567446084.5866
CHLD 6 671.605469 1567446084.5867
CHLD 7 673.953125 1567446084.5867
CHLD 8 685.523438 1567446084.5868
CHLD 9 758.054688 1567446084.5868
CHLD 10 676.585938 1567446084.5942
CHLD 11 676.136719 1567446084.5944
CHLD 12 10.960938 1567446084.5944
CHLD 13 11.078125 1567446084.5945
CHLD 14 10.925781 1567446084.5946
CHLD 15 10.898438 1567446084.5946
CHLD 16 10.886719 1567446084.5947
CHLD 17 10.902344 1567446084.5947
CHLD 18 10.957031 1567446084.5948
CHLD 19 10.886719 1567446084.5949
MEM 711.535156 1567446084.6953
CHLD 0 601.226562 1567446084.7480
CHLD 1 601.234375 1567446084.7481
CHLD 2 601.234375 1567446084.7481
CHLD 3 601.234375 1567446084.7482
CHLD 4 679.726562 1567446084.7483
CHLD 5 702.726562 1567446084.7483
CHLD 6 671.605469 1567446084.7484
CHLD 7 673.953125 1567446084.7484
CHLD 8 685.523438 1567446084.7485
CHLD 9 758.054688 1567446084.7486
CHLD 10 676.585938 1567446084.7486
CHLD 11 676.136719 1567446084.7487
CHLD 12 10.960938 1567446084.7487
CHLD 13 11.078125 1567446084.7488
CHLD 14 10.925781 1567446084.7488
CHLD 15 10.898438 1567446084.7489
CHLD 16 10.886719 1567446084.7490
CHLD 17 10.902344 1567446084.7490
CHLD 18 10.957031 1567446084.7491
CHLD 19 10.886719 1567446084.7491
MEM 711.535156 1567446084.8507
CHLD 0 601.226562 1567446084.9955
CHLD 1 601.234375 1567446084.9956
CHLD 2 601.234375 1567446084.9956
CHLD 3 601.234375 1567446084.9957
CHLD 4 679.726562 1567446084.9957
CHLD 5 702.726562 1567446084.9958
CHLD 6 671.605469 1567446084.9959
CHLD 7 673.953125 1567446084.9959
CHLD 8 685.523438 1567446084.9960
CHLD 9 760.117188 1567446084.9960
CHLD 10 676.585938 1567446085.0037
CHLD 11 676.136719 1567446085.0038
CHLD 12 10.960938 1567446085.0038
CHLD 13 11.078125 1567446085.0039
CHLD 14 10.925781 1567446085.0040
CHLD 15 10.898438 1567446085.0040
CHLD 16 10.886719 1567446085.0041
CHLD 17 10.902344 1567446085.0041
CHLD 18 10.957031 1567446085.0042
CHLD 19 10.886719 1567446085.0042
MEM 711.535156 1567446085.1049
CHLD 0 601.226562 1567446085.2538
CHLD 1 601.234375 1567446085.2539
CHLD 2 601.234375 1567446085.2539
CHLD 3 601.234375 1567446085.2540
CHLD 4 679.726562 1567446085.2541
CHLD 5 702.726562 1567446085.2541
CHLD 6 671.605469 1567446085.2542
CHLD 7 673.953125 1567446085.2542
CHLD 8 685.523438 1567446085.2543
CHLD 9 764.242188 1567446085.2543
CHLD 10 676.585938 1567446085.2544
CHLD 11 676.136719 1567446085.2545
CHLD 12 10.960938 1567446085.2545
CHLD 13 11.078125 1567446085.2546
CHLD 14 10.925781 1567446085.2764
CHLD 15 10.898438 1567446085.2766
CHLD 16 10.886719 1567446085.2767
CHLD 17 10.902344 1567446085.2768
CHLD 18 10.957031 1567446085.2768
CHLD 19 10.886719 1567446085.2769
MEM 711.535156 1567446085.3777
CHLD 0 601.226562 1567446085.4255
CHLD 1 601.234375 1567446085.4256
CHLD 2 601.234375 1567446085.4257
CHLD 3 601.234375 1567446085.4257
CHLD 4 679.726562 1567446085.4258
CHLD 5 702.726562 1567446085.4259
CHLD 6 671.605469 1567446085.4259
CHLD 7 673.953125 1567446085.4260
CHLD 8 685.523438 1567446085.4260
CHLD 9 765.273438 1567446085.4375
CHLD 10 677.851562 1567446085.4377
CHLD 11 676.136719 1567446085.4377
CHLD 12 10.960938 1567446085.4763
CHLD 13 11.078125 1567446085.4765
CHLD 14 10.925781 1567446085.4766
CHLD 15 10.898438 1567446085.4766
CHLD 16 10.886719 1567446085.4767
CHLD 17 10.902344 1567446085.4767
CHLD 18 10.957031 1567446085.4768
CHLD 19 10.886719 1567446085.4768
MEM 711.546875 1567446085.5773
CHLD 0 601.226562 1567446085.6046
CHLD 1 601.234375 1567446085.6047
CHLD 2 601.234375 1567446085.6048
CHLD 3 601.234375 1567446085.6049
CHLD 4 0.000000 1567446085.6049
CHLD 5 702.726562 1567446085.6050
CHLD 6 671.605469 1567446085.6050
CHLD 7 673.953125 1567446085.6051
CHLD 8 685.523438 1567446085.6051
CHLD 9 768.367188 1567446085.6052
CHLD 10 0.000000 1567446085.6053
CHLD 11 676.136719 1567446085.6053
CHLD 12 10.960938 1567446085.6054
CHLD 13 11.078125 1567446085.6054
CHLD 14 10.925781 1567446085.6055
CHLD 15 10.898438 1567446085.6056
CHLD 16 10.886719 1567446085.6056
CHLD 17 10.902344 1567446085.6057
CHLD 18 10.957031 1567446085.6057
CHLD 19 0.000000 1567446085.6058
MEM 711.546875 1567446085.7063
CHLD 0 601.226562 1567446085.7493
CHLD 1 601.234375 1567446085.7494
CHLD 2 601.234375 1567446085.7494
CHLD 3 601.234375 1567446085.7495
CHLD 4 0.000000 1567446085.7496
CHLD 5 702.726562 1567446085.7531
CHLD 6 671.605469 1567446085.7533
CHLD 7 673.953125 1567446085.7534
CHLD 8 0.000000 1567446085.7535
CHLD 9 768.367188 1567446085.7536
CHLD 10 0.000000 1567446085.7537
CHLD 11 0.000000 1567446085.7538
CHLD 12 0.000000 1567446085.7538
CHLD 13 10.925781 1567446085.7539
CHLD 14 10.898438 1567446085.7540
CHLD 15 10.886719 1567446085.7541
CHLD 16 10.902344 1567446085.7542
CHLD 17 10.957031 1567446085.7543
MEM 711.546875 1567446085.8550
CHLD 0 601.226562 1567446085.8887
CHLD 1 601.234375 1567446085.8888
CHLD 2 601.234375 1567446085.8888
CHLD 3 601.234375 1567446085.8889
CHLD 4 0.000000 1567446085.8889
CHLD 5 702.726562 1567446085.8890
CHLD 6 0.000000 1567446085.8891
CHLD 7 675.492188 1567446085.8891
CHLD 8 0.000000 1567446085.8892
CHLD 9 768.367188 1567446085.8892
CHLD 10 0.000000 1567446085.8893
CHLD 11 0.000000 1567446085.8893
CHLD 12 10.925781 1567446085.8894
CHLD 13 10.886719 1567446085.8895
CHLD 14 10.957031 1567446085.8895
MEM 711.546875 1567446085.9900
CHLD 0 601.226562 1567446086.0287
CHLD 1 601.234375 1567446086.0288
CHLD 2 601.234375 1567446086.0288
CHLD 3 601.234375 1567446086.0289
CHLD 4 0.000000 1567446086.0290
CHLD 5 704.605469 1567446086.0291
CHLD 6 0.000000 1567446086.0291
CHLD 7 0.000000 1567446086.0292
CHLD 8 0.000000 1567446086.0293
CHLD 9 746.738281 1567446086.0294
CHLD 10 0.000000 1567446086.0295
CHLD 11 0.000000 1567446086.0295
CHLD 12 10.925781 1567446086.0296
CHLD 13 10.957031 1567446086.0297
MEM 711.546875 1567446086.1303
CHLD 0 601.226562 1567446086.1465
CHLD 1 601.234375 1567446086.1466
CHLD 2 601.234375 1567446086.1467
CHLD 3 601.234375 1567446086.1467
CHLD 4 0.000000 1567446086.1468
CHLD 5 0.000000 1567446086.1468
CHLD 6 0.000000 1567446086.1469
CHLD 7 0.000000 1567446086.1469
CHLD 8 0.000000 1567446086.1470
CHLD 9 763.753906 1567446086.1470
CHLD 10 0.000000 1567446086.1471
CHLD 11 0.000000 1567446086.1471
CHLD 12 10.925781 1567446086.1472
MEM 711.546875 1567446086.2478
CHLD 0 601.226562 1567446086.2709
CHLD 1 601.234375 1567446086.2710
CHLD 2 601.234375 1567446086.2711
CHLD 3 601.234375 1567446086.2712
CHLD 4 0.000000 1567446086.2713
CHLD 5 0.000000 1567446086.2714
CHLD 6 0.000000 1567446086.2714
CHLD 7 0.000000 1567446086.2715
CHLD 8 0.000000 1567446086.2716
CHLD 9 778.707031 1567446086.2716
CHLD 10 0.000000 1567446086.2717
CHLD 11 0.000000 1567446086.2717
CHLD 12 10.925781 1567446086.2718
MEM 711.546875 1567446086.3725
CHLD 0 601.226562 1567446086.3887
CHLD 1 601.234375 1567446086.3888
CHLD 2 601.234375 1567446086.3888
CHLD 3 601.234375 1567446086.3889
CHLD 4 0.000000 1567446086.3889
CHLD 5 0.000000 1567446086.3890
CHLD 6 0.000000 1567446086.3890
CHLD 7 0.000000 1567446086.3891
CHLD 8 0.000000 1567446086.3891
CHLD 9 778.707031 1567446086.3892
CHLD 10 0.000000 1567446086.3892
CHLD 11 0.000000 1567446086.3893
CHLD 12 10.925781 1567446086.3893
MEM 711.546875 1567446086.4899
CHLD 0 601.226562 1567446086.5092
CHLD 1 601.234375 1567446086.5093
CHLD 2 601.234375 1567446086.5094
CHLD 3 601.234375 1567446086.5094
CHLD 4 0.000000 1567446086.5095
CHLD 5 0.000000 1567446086.5095
CHLD 6 0.000000 1567446086.5096
CHLD 7 0.000000 1567446086.5096
CHLD 8 0.000000 1567446086.5097
CHLD 9 753.574219 1567446086.5097
CHLD 10 0.000000 1567446086.5098
CHLD 11 0.000000 1567446086.5099
CHLD 12 10.925781 1567446086.5100
MEM 711.546875 1567446086.6108
CHLD 0 601.226562 1567446086.6278
CHLD 1 601.234375 1567446086.6278
CHLD 2 601.234375 1567446086.6279
CHLD 3 601.234375 1567446086.6280
CHLD 4 0.000000 1567446086.6280
CHLD 5 0.000000 1567446086.6281
CHLD 6 0.000000 1567446086.6281
CHLD 7 0.000000 1567446086.6282
CHLD 8 0.000000 1567446086.6282
CHLD 9 761.824219 1567446086.6283
CHLD 10 0.000000 1567446086.6283
CHLD 11 0.000000 1567446086.6284
CHLD 12 10.925781 1567446086.6285
MEM 711.546875 1567446086.7290
CHLD 0 601.226562 1567446086.7436
CHLD 1 601.234375 1567446086.7437
CHLD 2 601.234375 1567446086.7437
CHLD 3 601.234375 1567446086.7437
CHLD 4 0.000000 1567446086.7438
CHLD 5 0.000000 1567446086.7438
CHLD 6 0.000000 1567446086.7439
CHLD 7 0.000000 1567446086.7439
CHLD 8 0.000000 1567446086.7440
CHLD 9 744.289062 1567446086.7441
CHLD 10 0.000000 1567446086.7441
CHLD 11 0.000000 1567446086.7442
CHLD 12 10.925781 1567446086.7442
MEM 711.546875 1567446086.8447
CHLD 0 601.226562 1567446086.8598
CHLD 1 601.234375 1567446086.8598
CHLD 2 601.234375 1567446086.8599
CHLD 3 601.234375 1567446086.8599
CHLD 4 0.000000 1567446086.8600
CHLD 5 0.000000 1567446086.8600
CHLD 6 0.000000 1567446086.8601
CHLD 7 0.000000 1567446086.8602
CHLD 8 0.000000 1567446086.8602
CHLD 9 744.546875 1567446086.8603
CHLD 10 0.000000 1567446086.8603
CHLD 11 0.000000 1567446086.8604
CHLD 12 10.925781 1567446086.8604
MEM 711.546875 1567446086.9609
CHLD 0 601.226562 1567446086.9755
CHLD 1 601.234375 1567446086.9756
CHLD 2 601.234375 1567446086.9756
CHLD 3 601.234375 1567446086.9757
CHLD 4 0.000000 1567446086.9757
CHLD 5 0.000000 1567446086.9758
CHLD 6 0.000000 1567446086.9758
CHLD 7 0.000000 1567446086.9759
CHLD 8 0.000000 1567446086.9759
CHLD 9 744.546875 1567446086.9760
CHLD 10 0.000000 1567446086.9760
CHLD 11 0.000000 1567446086.9761
CHLD 12 10.925781 1567446086.9761
MEM 711.546875 1567446087.0766
CHLD 0 601.226562 1567446087.0905
CHLD 1 601.234375 1567446087.0906
CHLD 2 601.234375 1567446087.0907
CHLD 3 601.234375 1567446087.0907
CHLD 4 0.000000 1567446087.0908
CHLD 5 0.000000 1567446087.0908
CHLD 6 0.000000 1567446087.0909
CHLD 7 0.000000 1567446087.0909
CHLD 8 0.000000 1567446087.0910
CHLD 9 744.546875 1567446087.0911
CHLD 10 0.000000 1567446087.0911
CHLD 11 0.000000 1567446087.0913
CHLD 12 10.925781 1567446087.0914
MEM 711.546875 1567446087.1920
CHLD 0 601.226562 1567446087.2066
CHLD 1 601.234375 1567446087.2067
CHLD 2 601.234375 1567446087.2067
CHLD 3 601.234375 1567446087.2068
CHLD 4 0.000000 1567446087.2068
CHLD 5 0.000000 1567446087.2069
CHLD 6 0.000000 1567446087.2069
CHLD 7 0.000000 1567446087.2070
CHLD 8 0.000000 1567446087.2070
CHLD 9 744.546875 1567446087.2071
CHLD 10 0.000000 1567446087.2072
CHLD 11 0.000000 1567446087.2072
CHLD 12 10.925781 1567446087.2073
MEM 711.546875 1567446087.3078
CHLD 0 601.226562 1567446087.3253
CHLD 1 601.234375 1567446087.3254
CHLD 2 601.234375 1567446087.3255
CHLD 3 601.234375 1567446087.3255
CHLD 4 0.000000 1567446087.3256
CHLD 5 0.000000 1567446087.3257
CHLD 6 0.000000 1567446087.3257
CHLD 7 0.000000 1567446087.3258
CHLD 8 0.000000 1567446087.3258
CHLD 9 744.546875 1567446087.3259
CHLD 10 0.000000 1567446087.3260
CHLD 11 0.000000 1567446087.3260
CHLD 12 10.925781 1567446087.3261
MEM 711.546875 1567446087.4264
CHLD 0 601.226562 1567446087.4386
CHLD 1 601.234375 1567446087.4387
CHLD 2 601.234375 1567446087.4387
CHLD 3 601.234375 1567446087.4388
CHLD 4 0.000000 1567446087.4388
CHLD 5 0.000000 1567446087.4389
CHLD 6 0.000000 1567446087.4389
CHLD 7 0.000000 1567446087.4390
CHLD 8 0.000000 1567446087.4390
CHLD 9 744.546875 1567446087.4391
CHLD 10 0.000000 1567446087.4391
CHLD 11 0.000000 1567446087.4392
CHLD 12 10.925781 1567446087.4392
MEM 711.546875 1567446087.5397
CHLD 0 601.226562 1567446087.5500
CHLD 1 601.234375 1567446087.5501
CHLD 2 601.234375 1567446087.5501
CHLD 3 601.234375 1567446087.5502
CHLD 4 0.000000 1567446087.5502
CHLD 5 0.000000 1567446087.5503
CHLD 6 0.000000 1567446087.5503
CHLD 7 0.000000 1567446087.5504
CHLD 8 0.000000 1567446087.5505
CHLD 9 744.546875 1567446087.5505
CHLD 10 0.000000 1567446087.5506
CHLD 11 0.000000 1567446087.5506
CHLD 12 10.925781 1567446087.5507
MEM 711.546875 1567446087.6511
CHLD 0 601.226562 1567446087.6666
CHLD 1 601.234375 1567446087.6666
CHLD 2 601.234375 1567446087.6667
CHLD 3 601.234375 1567446087.6667
CHLD 4 0.000000 1567446087.6667
CHLD 5 0.000000 1567446087.6668
CHLD 6 0.000000 1567446087.6668
CHLD 7 0.000000 1567446087.6668
CHLD 8 0.000000 1567446087.6669
CHLD 9 744.546875 1567446087.6669
CHLD 10 0.000000 1567446087.6669
CHLD 11 0.000000 1567446087.6670
CHLD 12 10.925781 1567446087.6670
MEM 711.546875 1567446087.7675
CHLD 0 601.226562 1567446087.7808
CHLD 1 601.234375 1567446087.7808
CHLD 2 601.234375 1567446087.7809
CHLD 3 601.234375 1567446087.7809
CHLD 4 0.000000 1567446087.7810
CHLD 5 0.000000 1567446087.7810
CHLD 6 0.000000 1567446087.7811
CHLD 7 0.000000 1567446087.7811
CHLD 8 0.000000 1567446087.7811
CHLD 9 744.546875 1567446087.7812
CHLD 10 0.000000 1567446087.7812
CHLD 11 0.000000 1567446087.7812
CHLD 12 10.925781 1567446087.7813
MEM 711.546875 1567446087.8817
CHLD 0 601.226562 1567446087.8964
CHLD 1 601.234375 1567446087.8964
CHLD 2 601.234375 1567446087.8965
CHLD 3 601.234375 1567446087.8965
CHLD 4 0.000000 1567446087.8966
CHLD 5 0.000000 1567446087.8966
CHLD 6 0.000000 1567446087.8967
CHLD 7 0.000000 1567446087.8967
CHLD 8 0.000000 1567446087.8968
CHLD 9 744.546875 1567446087.8969
CHLD 10 0.000000 1567446087.8969
CHLD 11 0.000000 1567446087.8970
CHLD 12 10.925781 1567446087.8970
MEM 711.546875 1567446087.9975
CHLD 0 601.226562 1567446088.0098
CHLD 1 601.234375 1567446088.0099
CHLD 2 601.234375 1567446088.0099
CHLD 3 601.234375 1567446088.0100
CHLD 4 0.000000 1567446088.0101
CHLD 5 0.000000 1567446088.0102
CHLD 6 0.000000 1567446088.0102
CHLD 7 0.000000 1567446088.0103
CHLD 8 0.000000 1567446088.0104
CHLD 9 744.546875 1567446088.0104
CHLD 10 0.000000 1567446088.0105
CHLD 11 0.000000 1567446088.0105
CHLD 12 10.925781 1567446088.0106
MEM 711.546875 1567446088.1110
CHLD 0 601.226562 1567446088.1198
CHLD 1 601.234375 1567446088.1199
CHLD 2 601.234375 1567446088.1199
CHLD 3 601.234375 1567446088.1199
CHLD 4 0.000000 1567446088.1200
CHLD 5 0.000000 1567446088.1200
CHLD 6 0.000000 1567446088.1200
CHLD 7 10.925781 1567446088.1201
MEM 727.382812 1567446088.2204
CHLD 0 601.226562 1567446088.2289
CHLD 1 601.234375 1567446088.2289
CHLD 2 601.234375 1567446088.2290
CHLD 3 601.234375 1567446088.2290
MEM 728.503906 1567446088.3294
CHLD 0 601.226562 1567446088.3376
CHLD 1 601.234375 1567446088.3376
CHLD 2 601.234375 1567446088.3377
CHLD 3 601.234375 1567446088.3377
MEM 729.199219 1567446088.4381
CHLD 0 601.226562 1567446088.4462
CHLD 1 601.234375 1567446088.4462
CHLD 2 601.234375 1567446088.4463
CHLD 3 601.234375 1567446088.4463
MEM 729.421875 1567446088.5467
MEM 729.421875 1567446088.6552
MEM 729.234375 1567446088.7638
MEM 0.000000 1567446088.8723
