CMDLINE /home/dn16382/anaconda3/bin/python mnist_example.py
MEM 1.917969 1567445945.0635
MEM 17.789062 1567445945.1724
MEM 34.273438 1567445945.2903
MEM 42.242188 1567445945.3988
MEM 63.812500 1567445945.5072
MEM 72.433594 1567445945.6156
MEM 79.343750 1567445945.7243
MEM 123.207031 1567445945.8382
MEM 161.480469 1567445945.9503
MEM 163.710938 1567445946.0635
MEM 168.953125 1567445946.1776
MEM 177.832031 1567445946.2901
MEM 183.300781 1567445946.4049
MEM 191.390625 1567445946.5133
MEM 203.500000 1567445946.6216
MEM 209.460938 1567445946.7305
MEM 215.570312 1567445946.8403
MEM 226.300781 1567445946.9486
MEM 234.113281 1567445947.0569
MEM 248.500000 1567445947.1657
MEM 254.882812 1567445947.2762
MEM 263.460938 1567445947.3850
MEM 268.972656 1567445947.4976
MEM 285.730469 1567445947.6058
MEM 302.230469 1567445947.7144
MEM 371.437500 1567445947.8228
MEM 358.171875 1567445947.9320
MEM 419.789062 1567445948.0405
MEM 566.742188 1567445948.1490
MEM 715.757812 1567445948.2575
MEM 634.351562 1567445948.3660
MEM 702.035156 1567445948.4805
MEM 710.457031 1567445948.5962
CHLD 0 601.042969 1567445948.6152
CHLD 1 601.050781 1567445948.6153
CHLD 2 601.050781 1567445948.6153
CHLD 3 601.050781 1567445948.6154
CHLD 4 605.273438 1567445948.6155
CHLD 5 605.097656 1567445948.6155
CHLD 6 605.019531 1567445948.6156
CHLD 7 604.015625 1567445948.6156
CHLD 8 0.007812 1567445948.6157
MEM 710.476562 1567445948.7161
CHLD 0 601.042969 1567445948.7569
CHLD 1 601.050781 1567445948.7570
CHLD 2 601.050781 1567445948.7571
CHLD 3 601.050781 1567445948.7571
CHLD 4 610.156250 1567445948.7572
CHLD 5 608.839844 1567445948.7573
CHLD 6 612.183594 1567445948.7573
CHLD 7 605.214844 1567445948.7574
CHLD 8 605.121094 1567445948.7575
CHLD 9 604.933594 1567445948.7576
CHLD 10 604.742188 1567445948.7576
CHLD 11 7.699219 1567445948.7577
CHLD 12 6.761719 1567445948.7578
CHLD 13 8.496094 1567445948.7578
MEM 710.488281 1567445948.8582
CHLD 0 601.042969 1567445948.9143
CHLD 1 601.050781 1567445948.9144
CHLD 2 601.050781 1567445948.9145
CHLD 3 601.050781 1567445948.9145
CHLD 4 614.730469 1567445948.9146
CHLD 5 612.109375 1567445948.9147
CHLD 6 616.246094 1567445948.9147
CHLD 7 608.835938 1567445948.9148
CHLD 8 606.511719 1567445948.9149
CHLD 9 605.742188 1567445948.9149
CHLD 10 605.527344 1567445948.9150
CHLD 11 605.378906 1567445948.9150
CHLD 12 6.871094 1567445948.9151
CHLD 13 6.699219 1567445948.9152
CHLD 14 6.039062 1567445948.9152
CHLD 15 8.164062 1567445948.9153
CHLD 16 10.960938 1567445948.9154
CHLD 17 9.585938 1567445948.9154
CHLD 18 10.855469 1567445948.9155
MEM 710.488281 1567445949.0159
CHLD 0 601.042969 1567445949.0613
CHLD 1 601.050781 1567445949.0613
CHLD 2 601.050781 1567445949.0614
CHLD 3 601.050781 1567445949.0614
CHLD 4 617.839844 1567445949.0615
CHLD 5 615.195312 1567445949.0616
CHLD 6 617.984375 1567445949.0616
CHLD 7 611.750000 1567445949.0617
CHLD 8 609.640625 1567445949.0618
CHLD 9 610.332031 1567445949.0618
CHLD 10 609.640625 1567445949.0619
CHLD 11 609.226562 1567445949.0619
CHLD 12 8.609375 1567445949.0620
CHLD 13 9.097656 1567445949.0621
CHLD 14 8.957031 1567445949.0621
CHLD 15 9.074219 1567445949.0622
CHLD 16 10.632812 1567445949.0622
CHLD 17 10.960938 1567445949.0788
CHLD 18 10.933594 1567445949.0789
CHLD 19 10.855469 1567445949.0790
MEM 710.488281 1567445949.1794
CHLD 0 601.042969 1567445949.2051
CHLD 1 601.050781 1567445949.2052
CHLD 2 601.050781 1567445949.2053
CHLD 3 601.050781 1567445949.2053
CHLD 4 618.179688 1567445949.2054
CHLD 5 617.984375 1567445949.2054
CHLD 6 618.339844 1567445949.2055
CHLD 7 615.828125 1567445949.2056
CHLD 8 617.828125 1567445949.2056
CHLD 9 614.226562 1567445949.2057
CHLD 10 615.199219 1567445949.2057
CHLD 11 612.453125 1567445949.2058
CHLD 12 10.972656 1567445949.2058
CHLD 13 10.933594 1567445949.2059
CHLD 14 10.855469 1567445949.2059
CHLD 15 10.972656 1567445949.2060
CHLD 16 10.910156 1567445949.2060
CHLD 17 10.960938 1567445949.2061
CHLD 18 10.933594 1567445949.2061
CHLD 19 10.855469 1567445949.2062
MEM 710.488281 1567445949.3066
CHLD 0 601.042969 1567445949.3382
CHLD 1 601.050781 1567445949.3382
CHLD 2 601.050781 1567445949.3383
CHLD 3 601.050781 1567445949.3384
CHLD 4 618.535156 1567445949.3384
CHLD 5 618.339844 1567445949.3385
CHLD 6 618.839844 1567445949.3386
CHLD 7 617.988281 1567445949.3386
CHLD 8 618.433594 1567445949.3387
CHLD 9 617.921875 1567445949.3387
CHLD 10 618.089844 1567445949.3388
CHLD 11 617.839844 1567445949.3388
CHLD 12 10.972656 1567445949.3389
CHLD 13 10.933594 1567445949.3390
CHLD 14 10.855469 1567445949.3390
CHLD 15 10.972656 1567445949.3391
CHLD 16 10.910156 1567445949.3391
CHLD 17 10.960938 1567445949.3392
CHLD 18 10.933594 1567445949.3392
CHLD 19 10.855469 1567445949.3393
MEM 710.488281 1567445949.4397
CHLD 0 601.042969 1567445949.4635
CHLD 1 601.050781 1567445949.4636
CHLD 2 601.050781 1567445949.4637
CHLD 3 601.050781 1567445949.4637
CHLD 4 619.171875 1567445949.4638
CHLD 5 618.589844 1567445949.4638
CHLD 6 621.757812 1567445949.4639
CHLD 7 618.179688 1567445949.4640
CHLD 8 619.285156 1567445949.4640
CHLD 9 618.339844 1567445949.4641
CHLD 10 618.437500 1567445949.4641
CHLD 11 618.089844 1567445949.4642
CHLD 12 10.972656 1567445949.4642
CHLD 13 10.933594 1567445949.4643
CHLD 14 10.855469 1567445949.4643
CHLD 15 10.972656 1567445949.4644
CHLD 16 10.910156 1567445949.4644
CHLD 17 10.960938 1567445949.4645
CHLD 18 10.933594 1567445949.4646
CHLD 19 10.855469 1567445949.4646
MEM 710.488281 1567445949.5650
CHLD 0 601.042969 1567445949.5888
CHLD 1 601.050781 1567445949.5889
CHLD 2 601.050781 1567445949.5889
CHLD 3 601.050781 1567445949.5890
CHLD 4 621.757812 1567445949.5890
CHLD 5 620.675781 1567445949.5891
CHLD 6 623.761719 1567445949.5892
CHLD 7 618.527344 1567445949.5892
CHLD 8 622.519531 1567445949.5893
CHLD 9 618.839844 1567445949.5893
CHLD 10 619.511719 1567445949.5894
CHLD 11 618.437500 1567445949.5894
CHLD 12 10.972656 1567445949.5895
CHLD 13 10.933594 1567445949.5896
CHLD 14 10.855469 1567445949.5896
CHLD 15 10.972656 1567445949.5897
CHLD 16 10.910156 1567445949.5897
CHLD 17 10.960938 1567445949.5898
CHLD 18 10.933594 1567445949.5898
CHLD 19 10.855469 1567445949.5899
MEM 710.488281 1567445949.6903
CHLD 0 601.042969 1567445949.7267
CHLD 1 601.050781 1567445949.7268
CHLD 2 601.050781 1567445949.7269
CHLD 3 601.050781 1567445949.7269
CHLD 4 623.617188 1567445949.7270
CHLD 5 622.988281 1567445949.7270
CHLD 6 631.968750 1567445949.7271
CHLD 7 620.679688 1567445949.7271
CHLD 8 624.152344 1567445949.7272
CHLD 9 622.101562 1567445949.7273
CHLD 10 622.992188 1567445949.7273
CHLD 11 618.769531 1567445949.7274
CHLD 12 10.972656 1567445949.7274
CHLD 13 10.933594 1567445949.7275
CHLD 14 10.855469 1567445949.7275
CHLD 15 10.972656 1567445949.7276
CHLD 16 10.910156 1567445949.7277
CHLD 17 10.960938 1567445949.7277
CHLD 18 10.933594 1567445949.7278
CHLD 19 10.855469 1567445949.7278
MEM 710.488281 1567445949.8282
CHLD 0 601.042969 1567445949.8530
CHLD 1 601.050781 1567445949.8531
CHLD 2 601.050781 1567445949.8531
CHLD 3 601.050781 1567445949.8532
CHLD 4 630.710938 1567445949.8533
CHLD 5 624.925781 1567445949.8533
CHLD 6 635.203125 1567445949.8534
CHLD 7 623.082031 1567445949.8534
CHLD 8 633.222656 1567445949.8535
CHLD 9 623.964844 1567445949.8536
CHLD 10 624.156250 1567445949.8536
CHLD 11 621.464844 1567445949.8537
CHLD 12 10.972656 1567445949.8537
CHLD 13 10.933594 1567445949.8538
CHLD 14 10.855469 1567445949.8539
CHLD 15 10.972656 1567445949.8539
CHLD 16 10.910156 1567445949.8540
CHLD 17 10.960938 1567445949.8540
CHLD 18 10.933594 1567445949.8541
CHLD 19 10.855469 1567445949.8541
MEM 710.488281 1567445949.9545
CHLD 0 601.042969 1567445949.9750
CHLD 1 601.050781 1567445949.9751
CHLD 2 601.050781 1567445949.9752
CHLD 3 601.050781 1567445949.9752
CHLD 4 634.328125 1567445949.9753
CHLD 5 633.703125 1567445949.9753
CHLD 6 635.410156 1567445949.9754
CHLD 7 624.898438 1567445949.9755
CHLD 8 635.453125 1567445949.9755
CHLD 9 630.714844 1567445949.9756
CHLD 10 633.140625 1567445949.9756
CHLD 11 623.472656 1567445949.9757
CHLD 12 10.972656 1567445949.9757
CHLD 13 10.933594 1567445949.9758
CHLD 14 10.855469 1567445949.9759
CHLD 15 10.972656 1567445949.9759
CHLD 16 10.910156 1567445949.9760
CHLD 17 10.960938 1567445949.9760
CHLD 18 10.933594 1567445949.9761
CHLD 19 10.855469 1567445949.9762
MEM 710.488281 1567445950.0767
CHLD 0 601.042969 1567445950.1120
CHLD 1 601.050781 1567445950.1120
CHLD 2 601.050781 1567445950.1121
CHLD 3 601.050781 1567445950.1122
CHLD 4 635.351562 1567445950.1122
CHLD 5 635.355469 1567445950.1123
CHLD 6 635.847656 1567445950.1123
CHLD 7 634.128906 1567445950.1124
CHLD 8 635.871094 1567445950.1125
CHLD 9 635.230469 1567445950.1125
CHLD 10 634.480469 1567445950.1126
CHLD 11 630.714844 1567445950.1126
CHLD 12 10.972656 1567445950.1127
CHLD 13 10.933594 1567445950.1128
CHLD 14 10.855469 1567445950.1128
CHLD 15 10.972656 1567445950.1129
CHLD 16 10.910156 1567445950.1129
CHLD 17 10.960938 1567445950.1130
CHLD 18 10.933594 1567445950.1131
CHLD 19 10.855469 1567445950.1131
MEM 710.488281 1567445950.2135
CHLD 0 601.042969 1567445950.2464
CHLD 1 601.050781 1567445950.2465
CHLD 2 601.050781 1567445950.2466
CHLD 3 601.050781 1567445950.2466
CHLD 4 635.738281 1567445950.2467
CHLD 5 635.718750 1567445950.2467
CHLD 6 637.597656 1567445950.2468
CHLD 7 635.390625 1567445950.2468
CHLD 8 638.062500 1567445950.2469
CHLD 9 635.511719 1567445950.2470
CHLD 10 635.503906 1567445950.2470
CHLD 11 635.078125 1567445950.2471
CHLD 12 10.972656 1567445950.2471
CHLD 13 10.933594 1567445950.2472
CHLD 14 10.855469 1567445950.2473
CHLD 15 10.972656 1567445950.2473
CHLD 16 10.910156 1567445950.2474
CHLD 17 10.960938 1567445950.2474
CHLD 18 10.933594 1567445950.2475
CHLD 19 10.855469 1567445950.2475
MEM 710.488281 1567445950.3480
CHLD 0 601.042969 1567445950.3712
CHLD 1 601.050781 1567445950.3713
CHLD 2 601.050781 1567445950.3713
CHLD 3 601.050781 1567445950.3714
CHLD 4 635.980469 1567445950.3714
CHLD 5 635.960938 1567445950.3715
CHLD 6 638.101562 1567445950.3716
CHLD 7 635.566406 1567445950.3716
CHLD 8 638.148438 1567445950.3717
CHLD 9 635.878906 1567445950.3717
CHLD 10 637.636719 1567445950.3718
CHLD 11 635.398438 1567445950.3718
CHLD 12 10.972656 1567445950.3719
CHLD 13 10.933594 1567445950.3719
CHLD 14 10.855469 1567445950.3720
CHLD 15 10.972656 1567445950.3720
CHLD 16 10.910156 1567445950.3721
CHLD 17 10.960938 1567445950.3721
CHLD 18 10.933594 1567445950.3722
CHLD 19 10.855469 1567445950.3722
MEM 710.488281 1567445950.4727
CHLD 0 601.042969 1567445950.5090
CHLD 1 601.050781 1567445950.5091
CHLD 2 601.050781 1567445950.5092
CHLD 3 601.050781 1567445950.5092
CHLD 4 636.390625 1567445950.5093
CHLD 5 637.917969 1567445950.5094
CHLD 6 638.101562 1567445950.5094
CHLD 7 636.039062 1567445950.5095
CHLD 8 641.234375 1567445950.5095
CHLD 9 637.390625 1567445950.5096
CHLD 10 638.160156 1567445950.5097
CHLD 11 635.812500 1567445950.5097
CHLD 12 10.972656 1567445950.5098
CHLD 13 10.933594 1567445950.5098
CHLD 14 10.855469 1567445950.5099
CHLD 15 10.972656 1567445950.5100
CHLD 16 10.910156 1567445950.5100
CHLD 17 10.960938 1567445950.5101
CHLD 18 10.933594 1567445950.5101
CHLD 19 10.855469 1567445950.5102
MEM 710.488281 1567445950.6106
CHLD 0 601.042969 1567445950.6514
CHLD 1 601.050781 1567445950.6514
CHLD 2 601.050781 1567445950.6515
CHLD 3 601.050781 1567445950.6516
CHLD 4 636.390625 1567445950.6516
CHLD 5 638.031250 1567445950.6517
CHLD 6 638.101562 1567445950.6517
CHLD 7 638.015625 1567445950.6518
CHLD 8 641.695312 1567445950.6518
CHLD 9 638.031250 1567445950.6519
CHLD 10 638.316406 1567445950.6520
CHLD 11 636.050781 1567445950.6520
CHLD 12 10.972656 1567445950.6521
CHLD 13 10.933594 1567445950.6521
CHLD 14 10.855469 1567445950.6522
CHLD 15 10.972656 1567445950.6523
CHLD 16 10.910156 1567445950.6523
CHLD 17 10.960938 1567445950.6524
CHLD 18 10.933594 1567445950.6524
CHLD 19 10.855469 1567445950.6525
MEM 710.488281 1567445950.7529
CHLD 0 601.042969 1567445950.7767
CHLD 1 601.050781 1567445950.7768
CHLD 2 601.050781 1567445950.7768
CHLD 3 601.050781 1567445950.7769
CHLD 4 638.699219 1567445950.7770
CHLD 5 640.890625 1567445950.7770
CHLD 6 641.339844 1567445950.7771
CHLD 7 638.179688 1567445950.7771
CHLD 8 641.863281 1567445950.7772
CHLD 9 639.109375 1567445950.7772
CHLD 10 640.863281 1567445950.7773
CHLD 11 636.265625 1567445950.7773
CHLD 12 10.972656 1567445950.7774
CHLD 13 10.933594 1567445950.7774
CHLD 14 10.855469 1567445950.7775
CHLD 15 10.972656 1567445950.7775
CHLD 16 10.910156 1567445950.7776
CHLD 17 10.960938 1567445950.7776
CHLD 18 10.933594 1567445950.7777
CHLD 19 10.855469 1567445950.7777
MEM 710.488281 1567445950.8782
CHLD 0 601.042969 1567445950.9098
CHLD 1 601.050781 1567445950.9099
CHLD 2 601.050781 1567445950.9099
CHLD 3 601.050781 1567445950.9100
CHLD 4 638.699219 1567445950.9101
CHLD 5 640.890625 1567445950.9101
CHLD 6 641.667969 1567445950.9102
CHLD 7 638.179688 1567445950.9102
CHLD 8 642.031250 1567445950.9103
CHLD 9 641.109375 1567445950.9103
CHLD 10 641.363281 1567445950.9104
CHLD 11 638.023438 1567445950.9104
CHLD 12 10.972656 1567445950.9105
CHLD 13 10.933594 1567445950.9106
CHLD 14 10.855469 1567445950.9106
CHLD 15 10.972656 1567445950.9107
CHLD 16 10.910156 1567445950.9107
CHLD 17 10.960938 1567445950.9108
CHLD 18 10.933594 1567445950.9108
CHLD 19 10.855469 1567445950.9109
MEM 710.488281 1567445951.0113
CHLD 0 601.042969 1567445951.0509
CHLD 1 601.050781 1567445951.0510
CHLD 2 601.050781 1567445951.0511
CHLD 3 601.050781 1567445951.0511
CHLD 4 641.050781 1567445951.0512
CHLD 5 641.792969 1567445951.0512
CHLD 6 642.035156 1567445951.0513
CHLD 7 641.097656 1567445951.0513
CHLD 8 642.378906 1567445951.0514
CHLD 9 641.816406 1567445951.0514
CHLD 10 641.988281 1567445951.0515
CHLD 11 638.617188 1567445951.0515
CHLD 12 10.972656 1567445951.0516
CHLD 13 10.933594 1567445951.0516
CHLD 14 10.855469 1567445951.0517
CHLD 15 10.972656 1567445951.0517
CHLD 16 10.910156 1567445951.0518
CHLD 17 10.960938 1567445951.0518
CHLD 18 10.933594 1567445951.0519
CHLD 19 10.855469 1567445951.0519
MEM 710.488281 1567445951.1526
CHLD 0 601.042969 1567445951.1866
CHLD 1 601.050781 1567445951.1867
CHLD 2 601.050781 1567445951.1867
CHLD 3 601.050781 1567445951.1868
CHLD 4 641.562500 1567445951.1868
CHLD 5 642.312500 1567445951.1869
CHLD 6 642.363281 1567445951.1870
CHLD 7 641.570312 1567445951.1870
CHLD 8 650.175781 1567445951.1871
CHLD 9 642.035156 1567445951.1871
CHLD 10 642.359375 1567445951.1872
CHLD 11 638.617188 1567445951.1873
CHLD 12 10.972656 1567445951.1873
CHLD 13 10.933594 1567445951.1874
CHLD 14 10.855469 1567445951.1874
CHLD 15 10.972656 1567445951.1875
CHLD 16 10.910156 1567445951.1876
CHLD 17 10.960938 1567445951.1876
CHLD 18 10.933594 1567445951.1877
CHLD 19 10.855469 1567445951.1877
MEM 710.488281 1567445951.2882
CHLD 0 601.042969 1567445951.3199
CHLD 1 601.050781 1567445951.3200
CHLD 2 601.050781 1567445951.3201
CHLD 3 601.050781 1567445951.3201
CHLD 4 642.011719 1567445951.3202
CHLD 5 642.640625 1567445951.3202
CHLD 6 642.710938 1567445951.3203
CHLD 7 642.007812 1567445951.3204
CHLD 8 655.105469 1567445951.3204
CHLD 9 642.363281 1567445951.3205
CHLD 10 651.796875 1567445951.3205
CHLD 11 641.687500 1567445951.3206
CHLD 12 10.972656 1567445951.3206
CHLD 13 10.933594 1567445951.3207
CHLD 14 10.855469 1567445951.3207
CHLD 15 10.972656 1567445951.3208
CHLD 16 10.910156 1567445951.3208
CHLD 17 10.960938 1567445951.3209
CHLD 18 10.933594 1567445951.3210
CHLD 19 10.855469 1567445951.3210
MEM 710.488281 1567445951.4214
CHLD 0 601.042969 1567445951.4458
CHLD 1 601.050781 1567445951.4459
CHLD 2 601.050781 1567445951.4460
CHLD 3 601.050781 1567445951.4460
CHLD 4 642.332031 1567445951.4461
CHLD 5 642.808594 1567445951.4462
CHLD 6 643.113281 1567445951.4462
CHLD 7 642.113281 1567445951.4463
CHLD 8 656.031250 1567445951.4464
CHLD 9 642.699219 1567445951.4464
CHLD 10 654.910156 1567445951.4465
CHLD 11 642.042969 1567445951.4465
CHLD 12 10.972656 1567445951.4466
CHLD 13 10.933594 1567445951.4466
CHLD 14 10.855469 1567445951.4467
CHLD 15 10.972656 1567445951.4468
CHLD 16 10.910156 1567445951.4468
CHLD 17 10.960938 1567445951.4469
CHLD 18 10.933594 1567445951.4469
CHLD 19 10.855469 1567445951.4470
MEM 710.488281 1567445951.5474
CHLD 0 601.042969 1567445951.5800
CHLD 1 601.050781 1567445951.5800
CHLD 2 601.050781 1567445951.5801
CHLD 3 601.050781 1567445951.5801
CHLD 4 642.671875 1567445951.5802
CHLD 5 643.250000 1567445951.5803
CHLD 6 643.480469 1567445951.5803
CHLD 7 642.433594 1567445951.5804
CHLD 8 656.257812 1567445951.5804
CHLD 9 643.039062 1567445951.5805
CHLD 10 655.035156 1567445951.5806
CHLD 11 642.210938 1567445951.5806
CHLD 12 10.972656 1567445951.5807
CHLD 13 10.933594 1567445951.5807
CHLD 14 10.855469 1567445951.5808
CHLD 15 10.972656 1567445951.5809
CHLD 16 10.910156 1567445951.5809
CHLD 17 10.960938 1567445951.5810
CHLD 18 10.933594 1567445951.5810
CHLD 19 10.855469 1567445951.5811
MEM 710.488281 1567445951.6815
CHLD 0 601.042969 1567445951.7093
CHLD 1 601.050781 1567445951.7094
CHLD 2 601.050781 1567445951.7094
CHLD 3 601.050781 1567445951.7095
CHLD 4 642.843750 1567445951.7095
CHLD 5 650.585938 1567445951.7096
CHLD 6 649.269531 1567445951.7097
CHLD 7 642.781250 1567445951.7097
CHLD 8 656.257812 1567445951.7098
CHLD 9 643.363281 1567445951.7098
CHLD 10 655.035156 1567445951.7099
CHLD 11 642.539062 1567445951.7100
CHLD 12 10.972656 1567445951.7100
CHLD 13 10.933594 1567445951.7101
CHLD 14 10.855469 1567445951.7101
CHLD 15 10.972656 1567445951.7102
CHLD 16 10.910156 1567445951.7103
CHLD 17 10.960938 1567445951.7103
CHLD 18 10.933594 1567445951.7104
CHLD 19 10.855469 1567445951.7104
MEM 710.488281 1567445951.8109
CHLD 0 601.042969 1567445951.8354
CHLD 1 601.050781 1567445951.8355
CHLD 2 601.050781 1567445951.8356
CHLD 3 601.050781 1567445951.8356
CHLD 4 643.363281 1567445951.8357
CHLD 5 653.082031 1567445951.8358
CHLD 6 654.750000 1567445951.8358
CHLD 7 643.121094 1567445951.8359
CHLD 8 660.269531 1567445951.8359
CHLD 9 643.871094 1567445951.8360
CHLD 10 659.332031 1567445951.8360
CHLD 11 642.863281 1567445951.8361
CHLD 12 10.972656 1567445951.8361
CHLD 13 10.933594 1567445951.8362
CHLD 14 10.855469 1567445951.8363
CHLD 15 10.972656 1567445951.8363
CHLD 16 10.910156 1567445951.8364
CHLD 17 10.960938 1567445951.8364
CHLD 18 10.933594 1567445951.8365
CHLD 19 10.855469 1567445951.8365
MEM 710.488281 1567445951.9370
CHLD 0 601.042969 1567445951.9650
CHLD 1 601.050781 1567445951.9651
CHLD 2 601.050781 1567445951.9652
CHLD 3 601.050781 1567445951.9652
CHLD 4 643.527344 1567445951.9653
CHLD 5 654.785156 1567445951.9653
CHLD 6 656.152344 1567445951.9654
CHLD 7 643.460938 1567445951.9654
CHLD 8 668.699219 1567445951.9655
CHLD 9 644.292969 1567445951.9655
CHLD 10 670.265625 1567445951.9656
CHLD 11 642.863281 1567445951.9656
CHLD 12 10.972656 1567445951.9657
CHLD 13 10.933594 1567445951.9657
CHLD 14 10.855469 1567445951.9658
CHLD 15 10.972656 1567445951.9659
CHLD 16 10.910156 1567445951.9659
CHLD 17 10.960938 1567445951.9660
CHLD 18 10.933594 1567445951.9660
CHLD 19 10.855469 1567445951.9661
MEM 710.488281 1567445952.0665
CHLD 0 601.042969 1567445952.0964
CHLD 1 601.050781 1567445952.0964
CHLD 2 601.050781 1567445952.1024
CHLD 3 601.050781 1567445952.1025
CHLD 4 643.863281 1567445952.1025
CHLD 5 655.769531 1567445952.1026
CHLD 6 656.277344 1567445952.1027
CHLD 7 643.863281 1567445952.1027
CHLD 8 669.472656 1567445952.1028
CHLD 9 644.660156 1567445952.1028
CHLD 10 673.714844 1567445952.1029
CHLD 11 643.039062 1567445952.1064
CHLD 12 10.972656 1567445952.1065
CHLD 13 10.933594 1567445952.1066
CHLD 14 10.855469 1567445952.1066
CHLD 15 10.972656 1567445952.1067
CHLD 16 10.910156 1567445952.1067
CHLD 17 10.960938 1567445952.1068
CHLD 18 10.933594 1567445952.1068
CHLD 19 10.855469 1567445952.1069
MEM 710.488281 1567445952.2106
CHLD 0 601.042969 1567445952.2399
CHLD 1 601.050781 1567445952.2400
CHLD 2 601.050781 1567445952.2400
CHLD 3 601.050781 1567445952.2401
CHLD 4 644.035156 1567445952.2401
CHLD 5 656.003906 1567445952.2402
CHLD 6 657.285156 1567445952.2402
CHLD 7 644.042969 1567445952.2403
CHLD 8 669.472656 1567445952.2403
CHLD 9 644.812500 1567445952.2404
CHLD 10 674.230469 1567445952.2404
CHLD 11 643.203125 1567445952.2405
CHLD 12 10.972656 1567445952.2406
CHLD 13 10.933594 1567445952.2406
CHLD 14 10.855469 1567445952.2407
CHLD 15 10.972656 1567445952.2407
CHLD 16 10.910156 1567445952.2408
CHLD 17 10.960938 1567445952.2408
CHLD 18 10.933594 1567445952.2409
CHLD 19 10.855469 1567445952.2409
MEM 710.488281 1567445952.3414
CHLD 0 601.042969 1567445952.4064
CHLD 1 601.050781 1567445952.4065
CHLD 2 601.050781 1567445952.4065
CHLD 3 601.050781 1567445952.4066
CHLD 4 651.546875 1567445952.4067
CHLD 5 656.082031 1567445952.4067
CHLD 6 657.285156 1567445952.4068
CHLD 7 644.375000 1567445952.4069
CHLD 8 670.246094 1567445952.4069
CHLD 9 645.179688 1567445952.4070
CHLD 10 677.066406 1567445952.4070
CHLD 11 643.378906 1567445952.4071
CHLD 12 10.972656 1567445952.4072
CHLD 13 10.933594 1567445952.4072
CHLD 14 10.855469 1567445952.4073
CHLD 15 10.972656 1567445952.4073
CHLD 16 10.910156 1567445952.4074
CHLD 17 10.960938 1567445952.4075
CHLD 18 10.933594 1567445952.4075
CHLD 19 10.855469 1567445952.4076
MEM 710.488281 1567445952.5092
CHLD 0 601.042969 1567445952.5641
CHLD 1 601.050781 1567445952.5641
CHLD 2 601.050781 1567445952.5642
CHLD 3 601.050781 1567445952.5642
CHLD 4 654.019531 1567445952.5643
CHLD 5 656.082031 1567445952.5644
CHLD 6 657.285156 1567445952.5685
CHLD 7 649.953125 1567445952.5686
CHLD 8 671.019531 1567445952.5686
CHLD 9 645.363281 1567445952.5687
CHLD 10 677.582031 1567445952.5688
CHLD 11 643.511719 1567445952.5688
CHLD 12 10.972656 1567445952.5689
CHLD 13 10.933594 1567445952.5689
CHLD 14 10.855469 1567445952.5690
CHLD 15 10.972656 1567445952.5691
CHLD 16 10.910156 1567445952.5691
CHLD 17 10.960938 1567445952.5692
CHLD 18 10.933594 1567445952.5692
CHLD 19 10.855469 1567445952.5693
MEM 710.488281 1567445952.6698
CHLD 0 601.042969 1567445952.7166
CHLD 1 601.050781 1567445952.7166
CHLD 2 601.050781 1567445952.7167
CHLD 3 601.050781 1567445952.7167
CHLD 4 656.707031 1567445952.7168
CHLD 5 656.308594 1567445952.7168
CHLD 6 657.285156 1567445952.7169
CHLD 7 654.675781 1567445952.7169
CHLD 8 671.019531 1567445952.7170
CHLD 9 645.550781 1567445952.7171
CHLD 10 680.417969 1567445952.7172
CHLD 11 643.832031 1567445952.7172
CHLD 12 10.972656 1567445952.7173
CHLD 13 10.933594 1567445952.7174
CHLD 14 10.855469 1567445952.7174
CHLD 15 10.972656 1567445952.7175
CHLD 16 10.910156 1567445952.7176
CHLD 17 10.960938 1567445952.7176
CHLD 18 10.933594 1567445952.7177
CHLD 19 10.855469 1567445952.7177
MEM 710.488281 1567445952.8182
CHLD 0 601.042969 1567445952.8664
CHLD 1 601.050781 1567445952.8665
CHLD 2 601.050781 1567445952.8665
CHLD 3 601.050781 1567445952.8666
CHLD 4 656.941406 1567445952.8667
CHLD 5 656.308594 1567445952.8667
CHLD 6 657.660156 1567445952.8668
CHLD 7 656.617188 1567445952.8668
CHLD 8 671.535156 1567445952.8669
CHLD 9 645.734375 1567445952.8669
CHLD 10 681.707031 1567445952.8670
CHLD 11 651.292969 1567445952.8670
CHLD 12 10.972656 1567445952.8671
CHLD 13 10.933594 1567445952.8671
CHLD 14 10.855469 1567445952.8672
CHLD 15 10.972656 1567445952.8673
CHLD 16 10.910156 1567445952.8674
CHLD 17 10.960938 1567445952.8674
CHLD 18 10.933594 1567445952.8675
CHLD 19 10.855469 1567445952.8675
MEM 710.488281 1567445952.9746
CHLD 0 601.042969 1567445953.0691
CHLD 1 601.050781 1567445953.0692
CHLD 2 601.050781 1567445953.0692
CHLD 3 601.050781 1567445953.0693
CHLD 4 657.769531 1567445953.0694
CHLD 5 667.968750 1567445953.0694
CHLD 6 657.660156 1567445953.0695
CHLD 7 656.851562 1567445953.0695
CHLD 8 671.535156 1567445953.0696
CHLD 9 645.914062 1567445953.0696
CHLD 10 681.707031 1567445953.0697
CHLD 11 653.449219 1567445953.0697
CHLD 12 10.972656 1567445953.0698
CHLD 13 10.933594 1567445953.0699
CHLD 14 10.855469 1567445953.0699
CHLD 15 10.972656 1567445953.0700
CHLD 16 10.910156 1567445953.0700
CHLD 17 10.960938 1567445953.0701
CHLD 18 10.933594 1567445953.0701
CHLD 19 10.855469 1567445953.0702
MEM 710.488281 1567445953.1706
CHLD 0 601.042969 1567445953.2117
CHLD 1 601.050781 1567445953.2117
CHLD 2 601.050781 1567445953.2118
CHLD 3 601.050781 1567445953.2119
CHLD 4 657.769531 1567445953.2119
CHLD 5 668.226562 1567445953.2120
CHLD 6 660.851562 1567445953.2120
CHLD 7 656.914062 1567445953.2121
CHLD 8 672.308594 1567445953.2121
CHLD 9 645.914062 1567445953.2122
CHLD 10 682.480469 1567445953.2123
CHLD 11 653.761719 1567445953.2123
CHLD 12 10.972656 1567445953.2124
CHLD 13 10.933594 1567445953.2124
CHLD 14 10.855469 1567445953.2125
CHLD 15 10.972656 1567445953.2125
CHLD 16 10.910156 1567445953.2126
CHLD 17 10.960938 1567445953.2127
CHLD 18 10.933594 1567445953.2127
CHLD 19 10.855469 1567445953.2128
MEM 710.488281 1567445953.3152
CHLD 0 601.042969 1567445953.3830
CHLD 1 601.050781 1567445953.3831
CHLD 2 601.050781 1567445953.3831
CHLD 3 601.050781 1567445953.3832
CHLD 4 657.769531 1567445953.3832
CHLD 5 668.226562 1567445953.3833
CHLD 6 686.289062 1567445953.3834
CHLD 7 657.417969 1567445953.3834
CHLD 8 673.855469 1567445953.3835
CHLD 9 646.097656 1567445953.3836
CHLD 10 682.480469 1567445953.3836
CHLD 11 656.554688 1567445953.3837
CHLD 12 10.972656 1567445953.3837
CHLD 13 10.933594 1567445953.3838
CHLD 14 10.855469 1567445953.3838
CHLD 15 10.972656 1567445953.3839
CHLD 16 10.910156 1567445953.3839
CHLD 17 10.960938 1567445953.3840
CHLD 18 10.933594 1567445953.3841
CHLD 19 10.855469 1567445953.3841
MEM 710.488281 1567445953.4848
CHLD 0 601.042969 1567445953.5467
CHLD 1 601.050781 1567445953.5468
CHLD 2 601.050781 1567445953.5469
CHLD 3 601.050781 1567445953.5469
CHLD 4 657.769531 1567445953.5470
CHLD 5 668.226562 1567445953.5470
CHLD 6 690.601562 1567445953.5471
CHLD 7 657.417969 1567445953.5472
CHLD 8 673.855469 1567445953.5472
CHLD 9 646.277344 1567445953.5473
CHLD 10 682.480469 1567445953.5473
CHLD 11 656.625000 1567445953.5474
CHLD 12 10.972656 1567445953.5474
CHLD 13 10.933594 1567445953.5475
CHLD 14 10.855469 1567445953.5475
CHLD 15 10.972656 1567445953.5476
CHLD 16 10.910156 1567445953.5476
CHLD 17 10.960938 1567445953.5477
CHLD 18 10.933594 1567445953.5478
CHLD 19 10.855469 1567445953.5478
MEM 710.488281 1567445953.6483
CHLD 0 601.042969 1567445953.6905
CHLD 1 601.050781 1567445953.6906
CHLD 2 601.050781 1567445953.6906
CHLD 3 601.050781 1567445953.6907
CHLD 4 657.769531 1567445953.6908
CHLD 5 668.226562 1567445953.6908
CHLD 6 695.242188 1567445953.6909
CHLD 7 657.417969 1567445953.6909
CHLD 8 673.855469 1567445953.6910
CHLD 9 646.277344 1567445953.6910
CHLD 10 682.480469 1567445953.6911
CHLD 11 656.625000 1567445953.6911
CHLD 12 10.972656 1567445953.6912
CHLD 13 10.933594 1567445953.6912
CHLD 14 10.855469 1567445953.6913
CHLD 15 10.972656 1567445953.6913
CHLD 16 10.910156 1567445953.6914
CHLD 17 10.960938 1567445953.6914
CHLD 18 10.933594 1567445953.6915
CHLD 19 10.855469 1567445953.6915
MEM 710.488281 1567445953.7923
CHLD 0 601.042969 1567445953.8639
CHLD 1 601.050781 1567445953.8640
CHLD 2 601.050781 1567445953.8641
CHLD 3 601.050781 1567445953.8641
CHLD 4 657.769531 1567445953.8642
CHLD 5 668.226562 1567445953.8642
CHLD 6 699.882812 1567445953.8643
CHLD 7 657.417969 1567445953.8643
CHLD 8 673.855469 1567445953.8644
CHLD 9 646.406250 1567445953.8644
CHLD 10 682.480469 1567445953.8645
CHLD 11 656.625000 1567445953.8645
CHLD 12 10.972656 1567445953.8646
CHLD 13 10.933594 1567445953.8647
CHLD 14 10.855469 1567445953.8647
CHLD 15 10.972656 1567445953.8648
CHLD 16 10.910156 1567445953.8648
CHLD 17 10.960938 1567445953.8649
CHLD 18 10.933594 1567445953.8649
CHLD 19 10.855469 1567445953.8650
MEM 710.488281 1567445953.9654
CHLD 0 601.042969 1567445954.0140
CHLD 1 601.050781 1567445954.0141
CHLD 2 601.050781 1567445954.0141
CHLD 3 601.050781 1567445954.0142
CHLD 4 658.136719 1567445954.0143
CHLD 5 668.484375 1567445954.0143
CHLD 6 701.171875 1567445954.0144
CHLD 7 657.417969 1567445954.0144
CHLD 8 673.855469 1567445954.0145
CHLD 9 652.246094 1567445954.0146
CHLD 10 682.480469 1567445954.0146
CHLD 11 656.625000 1567445954.0147
CHLD 12 10.972656 1567445954.0147
CHLD 13 10.933594 1567445954.0148
CHLD 14 10.855469 1567445954.0148
CHLD 15 10.972656 1567445954.0149
CHLD 16 10.910156 1567445954.0150
CHLD 17 10.960938 1567445954.0150
CHLD 18 10.933594 1567445954.0151
CHLD 19 10.855469 1567445954.0151
MEM 710.488281 1567445954.1156
CHLD 0 601.042969 1567445954.1869
CHLD 1 601.050781 1567445954.1870
CHLD 2 601.050781 1567445954.1870
CHLD 3 601.050781 1567445954.1871
CHLD 4 658.136719 1567445954.1872
CHLD 5 668.484375 1567445954.1872
CHLD 6 701.171875 1567445954.1873
CHLD 7 657.785156 1567445954.1873
CHLD 8 673.855469 1567445954.1874
CHLD 9 653.703125 1567445954.1875
CHLD 10 683.253906 1567445954.1875
CHLD 11 656.984375 1567445954.1876
CHLD 12 10.972656 1567445954.1876
CHLD 13 10.933594 1567445954.1877
CHLD 14 10.855469 1567445954.1878
CHLD 15 10.972656 1567445954.1878
CHLD 16 10.910156 1567445954.1879
CHLD 17 10.960938 1567445954.1879
CHLD 18 10.933594 1567445954.1880
CHLD 19 10.855469 1567445954.1881
MEM 710.488281 1567445954.2885
CHLD 0 601.042969 1567445954.3135
CHLD 1 601.050781 1567445954.3136
CHLD 2 601.050781 1567445954.3137
CHLD 3 601.050781 1567445954.3137
CHLD 4 658.136719 1567445954.3138
CHLD 5 669.257812 1567445954.3138
CHLD 6 701.171875 1567445954.3139
CHLD 7 657.785156 1567445954.3140
CHLD 8 673.855469 1567445954.3140
CHLD 9 653.921875 1567445954.3141
CHLD 10 683.253906 1567445954.3141
CHLD 11 656.984375 1567445954.3142
CHLD 12 10.972656 1567445954.3142
CHLD 13 10.933594 1567445954.3143
CHLD 14 10.855469 1567445954.3143
CHLD 15 10.972656 1567445954.3624
CHLD 16 10.910156 1567445954.3625
CHLD 17 10.960938 1567445954.3626
CHLD 18 10.933594 1567445954.3626
CHLD 19 10.855469 1567445954.3627
MEM 710.488281 1567445954.4631
CHLD 0 601.042969 1567445954.4930
CHLD 1 601.050781 1567445954.4930
CHLD 2 601.050781 1567445954.4931
CHLD 3 601.050781 1567445954.4932
CHLD 4 658.136719 1567445954.4932
CHLD 5 669.257812 1567445954.4933
CHLD 6 701.687500 1567445954.4933
CHLD 7 657.785156 1567445954.4934
CHLD 8 673.855469 1567445954.4934
CHLD 9 654.531250 1567445954.4935
CHLD 10 683.253906 1567445954.4935
CHLD 11 656.984375 1567445954.4936
CHLD 12 10.972656 1567445954.4937
CHLD 13 10.933594 1567445954.4937
CHLD 14 10.855469 1567445954.4938
CHLD 15 10.972656 1567445954.4938
CHLD 16 10.910156 1567445954.4939
CHLD 17 10.960938 1567445954.4939
CHLD 18 10.933594 1567445954.4940
CHLD 19 10.855469 1567445954.4941
MEM 710.488281 1567445954.5945
CHLD 0 601.042969 1567445954.6564
CHLD 1 601.050781 1567445954.6565
CHLD 2 601.050781 1567445954.6565
CHLD 3 601.050781 1567445954.6566
CHLD 4 658.136719 1567445954.6566
CHLD 5 669.257812 1567445954.6567
CHLD 6 701.687500 1567445954.6567
CHLD 7 657.785156 1567445954.6568
CHLD 8 673.855469 1567445954.6568
CHLD 9 656.582031 1567445954.6569
CHLD 10 683.253906 1567445954.6569
CHLD 11 656.984375 1567445954.6570
CHLD 12 10.972656 1567445954.6570
CHLD 13 10.933594 1567445954.6571
CHLD 14 10.855469 1567445954.6572
CHLD 15 10.972656 1567445954.6572
CHLD 16 10.910156 1567445954.6573
CHLD 17 10.960938 1567445954.6573
CHLD 18 10.933594 1567445954.6574
CHLD 19 10.855469 1567445954.6574
MEM 710.488281 1567445954.7586
CHLD 0 601.042969 1567445954.8078
CHLD 1 601.050781 1567445954.8079
CHLD 2 601.050781 1567445954.8079
CHLD 3 601.050781 1567445954.8080
CHLD 4 658.136719 1567445954.8081
CHLD 5 669.257812 1567445954.8081
CHLD 6 701.687500 1567445954.8082
CHLD 7 657.785156 1567445954.8082
CHLD 8 673.855469 1567445954.8083
CHLD 9 656.582031 1567445954.8084
CHLD 10 683.253906 1567445954.8084
CHLD 11 656.984375 1567445954.8085
CHLD 12 10.972656 1567445954.8085
CHLD 13 10.933594 1567445954.8086
CHLD 14 10.855469 1567445954.8086
CHLD 15 10.972656 1567445954.8087
CHLD 16 10.910156 1567445954.8088
CHLD 17 10.960938 1567445954.8088
CHLD 18 10.933594 1567445954.8089
CHLD 19 10.855469 1567445954.8089
MEM 710.488281 1567445954.9109
CHLD 0 601.042969 1567445954.9841
CHLD 1 601.050781 1567445954.9842
CHLD 2 601.050781 1567445954.9842
CHLD 3 601.050781 1567445954.9843
CHLD 4 658.136719 1567445954.9844
CHLD 5 670.031250 1567445954.9844
CHLD 6 701.687500 1567445954.9845
CHLD 7 657.785156 1567445954.9845
CHLD 8 673.855469 1567445954.9846
CHLD 9 656.582031 1567445954.9847
CHLD 10 683.253906 1567445954.9847
CHLD 11 664.785156 1567445954.9848
CHLD 12 10.972656 1567445954.9848
CHLD 13 10.933594 1567445954.9849
CHLD 14 10.855469 1567445954.9850
CHLD 15 10.972656 1567445954.9851
CHLD 16 10.910156 1567445954.9851
CHLD 17 10.960938 1567445954.9852
CHLD 18 10.933594 1567445954.9852
CHLD 19 10.855469 1567445954.9853
MEM 710.488281 1567445955.0858
CHLD 0 601.042969 1567445955.1377
CHLD 1 601.050781 1567445955.1377
CHLD 2 601.050781 1567445955.1378
CHLD 3 601.050781 1567445955.1378
CHLD 4 658.875000 1567445955.1379
CHLD 5 670.031250 1567445955.1379
CHLD 6 701.687500 1567445955.1380
CHLD 7 667.214844 1567445955.1381
CHLD 8 673.855469 1567445955.1381
CHLD 9 658.710938 1567445955.1382
CHLD 10 684.027344 1567445955.1382
CHLD 11 665.558594 1567445955.1383
CHLD 12 10.972656 1567445955.1384
CHLD 13 10.933594 1567445955.1384
CHLD 14 10.855469 1567445955.1385
CHLD 15 10.972656 1567445955.1386
CHLD 16 10.910156 1567445955.1386
CHLD 17 10.960938 1567445955.1387
CHLD 18 10.933594 1567445955.1387
CHLD 19 10.855469 1567445955.1388
MEM 710.488281 1567445955.2393
CHLD 0 601.042969 1567445955.4179
CHLD 1 601.050781 1567445955.4179
CHLD 2 601.050781 1567445955.4180
CHLD 3 601.050781 1567445955.4180
CHLD 4 679.429688 1567445955.4181
CHLD 5 670.031250 1567445955.4181
CHLD 6 701.687500 1567445955.4182
CHLD 7 678.410156 1567445955.4182
CHLD 8 673.855469 1567445955.4185
CHLD 9 658.882812 1567445955.4186
CHLD 10 686.347656 1567445955.4186
CHLD 11 666.332031 1567445955.4187
CHLD 12 10.972656 1567445955.4188
CHLD 13 10.933594 1567445955.4188
CHLD 14 10.855469 1567445955.4189
CHLD 15 10.972656 1567445955.4189
CHLD 16 10.910156 1567445955.4190
CHLD 17 10.960938 1567445955.4190
CHLD 18 10.933594 1567445955.4191
CHLD 19 10.855469 1567445955.4191
MEM 710.488281 1567445955.5201
CHLD 0 601.042969 1567445955.6571
CHLD 1 601.050781 1567445955.6572
CHLD 2 601.050781 1567445955.6572
CHLD 3 601.050781 1567445955.6573
CHLD 4 685.921875 1567445955.6574
CHLD 5 670.031250 1567445955.6574
CHLD 6 703.234375 1567445955.6575
CHLD 7 679.441406 1567445955.6576
CHLD 8 673.855469 1567445955.6576
CHLD 9 658.882812 1567445955.6577
CHLD 10 686.347656 1567445955.6577
CHLD 11 667.105469 1567445955.6578
CHLD 12 10.972656 1567445955.6578
CHLD 13 10.933594 1567445955.6579
CHLD 14 10.855469 1567445955.6579
CHLD 15 10.972656 1567445955.6580
CHLD 16 10.910156 1567445955.6580
CHLD 17 10.960938 1567445955.6581
CHLD 18 10.933594 1567445955.6581
CHLD 19 10.855469 1567445955.6582
MEM 710.488281 1567445955.7586
CHLD 0 601.042969 1567445955.8677
CHLD 1 601.050781 1567445955.8678
CHLD 2 601.050781 1567445955.8679
CHLD 3 601.050781 1567445955.8679
CHLD 4 687.726562 1567445955.8680
CHLD 5 670.031250 1567445955.8681
CHLD 6 704.781250 1567445955.8681
CHLD 7 680.988281 1567445955.8682
CHLD 8 673.855469 1567445955.8682
CHLD 9 658.945312 1567445955.8683
CHLD 10 686.347656 1567445955.8683
CHLD 11 667.105469 1567445955.8684
CHLD 12 10.972656 1567445955.8684
CHLD 13 10.933594 1567445955.8685
CHLD 14 10.855469 1567445955.8685
CHLD 15 10.972656 1567445955.8686
CHLD 16 10.910156 1567445955.8687
CHLD 17 10.960938 1567445955.8687
CHLD 18 10.933594 1567445955.8688
CHLD 19 10.855469 1567445955.8689
MEM 710.488281 1567445955.9696
CHLD 0 601.042969 1567445956.0765
CHLD 1 601.050781 1567445956.0766
CHLD 2 601.050781 1567445956.0767
CHLD 3 601.050781 1567445956.0767
CHLD 4 687.726562 1567445956.0768
CHLD 5 670.031250 1567445956.0768
CHLD 6 707.359375 1567445956.0769
CHLD 7 682.535156 1567445956.0769
CHLD 8 673.855469 1567445956.0770
CHLD 9 658.945312 1567445956.0770
CHLD 10 686.347656 1567445956.0771
CHLD 11 667.105469 1567445956.0771
CHLD 12 10.972656 1567445956.0772
CHLD 13 10.933594 1567445956.0773
CHLD 14 10.855469 1567445956.0773
CHLD 15 10.972656 1567445956.0774
CHLD 16 10.910156 1567445956.0774
CHLD 17 10.960938 1567445956.0775
CHLD 18 10.933594 1567445956.0776
CHLD 19 10.855469 1567445956.0776
MEM 710.488281 1567445956.1781
CHLD 0 601.042969 1567445956.2299
CHLD 1 601.050781 1567445956.2299
CHLD 2 601.050781 1567445956.2300
CHLD 3 601.050781 1567445956.2301
CHLD 4 689.789062 1567445956.2301
CHLD 5 670.031250 1567445956.2302
CHLD 6 707.359375 1567445956.2302
CHLD 7 682.535156 1567445956.3117
CHLD 8 673.855469 1567445956.3118
CHLD 9 659.023438 1567445956.3118
CHLD 10 686.347656 1567445956.3119
CHLD 11 667.105469 1567445956.3120
CHLD 12 10.972656 1567445956.3120
CHLD 13 10.933594 1567445956.3121
CHLD 14 10.855469 1567445956.3121
CHLD 15 10.972656 1567445956.3122
CHLD 16 10.910156 1567445956.3123
CHLD 17 10.960938 1567445956.3123
CHLD 18 10.933594 1567445956.3124
CHLD 19 10.855469 1567445956.3124
MEM 710.488281 1567445956.4129
CHLD 0 601.042969 1567445956.4442
CHLD 1 601.050781 1567445956.4443
CHLD 2 601.050781 1567445956.4444
CHLD 3 601.050781 1567445956.4445
CHLD 4 689.789062 1567445956.4445
CHLD 5 670.031250 1567445956.4446
CHLD 6 707.359375 1567445956.4447
CHLD 7 682.535156 1567445956.4447
CHLD 8 673.855469 1567445956.4448
CHLD 9 659.023438 1567445956.4449
CHLD 10 686.347656 1567445956.4449
CHLD 11 667.105469 1567445956.4450
CHLD 12 10.972656 1567445956.4451
CHLD 13 10.933594 1567445956.4452
CHLD 14 10.855469 1567445956.4452
CHLD 15 10.972656 1567445956.4453
CHLD 16 10.910156 1567445956.4454
CHLD 17 10.960938 1567445956.4454
CHLD 18 10.933594 1567445956.4455
CHLD 19 10.855469 1567445956.4456
MEM 710.488281 1567445956.5501
CHLD 0 601.042969 1567445956.7385
CHLD 1 601.050781 1567445956.7386
CHLD 2 601.050781 1567445956.7386
CHLD 3 601.050781 1567445956.7387
CHLD 4 689.789062 1567445956.7387
CHLD 5 670.031250 1567445956.7388
CHLD 6 707.359375 1567445956.7389
CHLD 7 683.308594 1567445956.7389
CHLD 8 673.855469 1567445956.7390
CHLD 9 659.023438 1567445956.7390
CHLD 10 687.121094 1567445956.7391
CHLD 11 667.105469 1567445956.7392
CHLD 12 10.972656 1567445956.7392
CHLD 13 10.933594 1567445956.7393
CHLD 14 10.855469 1567445956.7393
CHLD 15 10.972656 1567445956.7394
CHLD 16 10.910156 1567445956.7395
CHLD 17 10.960938 1567445956.7395
CHLD 18 10.933594 1567445956.7396
CHLD 19 10.855469 1567445956.7396
MEM 710.488281 1567445956.8401
CHLD 0 601.042969 1567445956.9459
CHLD 1 601.050781 1567445956.9460
CHLD 2 601.050781 1567445956.9460
CHLD 3 601.050781 1567445956.9461
CHLD 4 689.789062 1567445956.9461
CHLD 5 670.031250 1567445956.9462
CHLD 6 707.359375 1567445956.9462
CHLD 7 683.308594 1567445956.9549
CHLD 8 673.855469 1567445956.9550
CHLD 9 659.023438 1567445956.9550
CHLD 10 687.378906 1567445956.9551
CHLD 11 667.363281 1567445956.9620
CHLD 12 10.972656 1567445956.9620
CHLD 13 10.933594 1567445956.9621
CHLD 14 10.855469 1567445956.9622
CHLD 15 10.972656 1567445956.9622
CHLD 16 10.910156 1567445956.9631
CHLD 17 10.960938 1567445956.9632
CHLD 18 10.933594 1567445956.9633
CHLD 19 10.855469 1567445956.9634
MEM 710.488281 1567445957.0638
CHLD 0 601.042969 1567445957.1279
CHLD 1 601.050781 1567445957.1280
CHLD 2 601.050781 1567445957.1281
CHLD 3 601.050781 1567445957.1281
CHLD 4 690.820312 1567445957.1282
CHLD 5 670.289062 1567445957.1283
CHLD 6 707.359375 1567445957.1283
CHLD 7 683.308594 1567445957.1284
CHLD 8 673.855469 1567445957.1285
CHLD 9 659.023438 1567445957.1285
CHLD 10 687.378906 1567445957.1286
CHLD 11 667.363281 1567445957.1286
CHLD 12 10.972656 1567445957.1287
CHLD 13 10.933594 1567445957.1288
CHLD 14 10.855469 1567445957.1289
CHLD 15 10.972656 1567445957.1289
CHLD 16 10.910156 1567445957.1290
CHLD 17 10.960938 1567445957.1290
CHLD 18 10.933594 1567445957.1291
CHLD 19 10.855469 1567445957.1291
MEM 710.488281 1567445957.2296
CHLD 0 601.042969 1567445957.4439
CHLD 1 601.050781 1567445957.4440
CHLD 2 601.050781 1567445957.4441
CHLD 3 601.050781 1567445957.4441
CHLD 4 691.078125 1567445957.4442
CHLD 5 670.289062 1567445957.4443
CHLD 6 707.359375 1567445957.4443
CHLD 7 684.082031 1567445957.4444
CHLD 8 673.855469 1567445957.4444
CHLD 9 659.023438 1567445957.4445
CHLD 10 687.378906 1567445957.4446
CHLD 11 667.363281 1567445957.4446
CHLD 12 10.972656 1567445957.4447
CHLD 13 10.933594 1567445957.4447
CHLD 14 10.855469 1567445957.4448
CHLD 15 10.972656 1567445957.4449
CHLD 16 10.910156 1567445957.4449
CHLD 17 10.960938 1567445957.4450
CHLD 18 10.933594 1567445957.4450
CHLD 19 10.855469 1567445957.4451
MEM 710.488281 1567445957.5456
CHLD 0 601.042969 1567445957.6136
CHLD 1 601.050781 1567445957.6136
CHLD 2 601.050781 1567445957.6137
CHLD 3 601.050781 1567445957.6138
CHLD 4 691.078125 1567445957.6138
CHLD 5 670.289062 1567445957.6139
CHLD 6 708.906250 1567445957.6140
CHLD 7 684.855469 1567445957.6140
CHLD 8 673.855469 1567445957.6141
CHLD 9 659.023438 1567445957.6141
CHLD 10 687.378906 1567445957.6142
CHLD 11 667.363281 1567445957.6143
CHLD 12 10.972656 1567445957.6144
CHLD 13 10.933594 1567445957.6144
CHLD 14 10.855469 1567445957.6145
CHLD 15 10.972656 1567445957.6145
CHLD 16 10.910156 1567445957.6146
CHLD 17 10.960938 1567445957.6146
CHLD 18 10.933594 1567445957.6147
CHLD 19 10.855469 1567445957.6148
MEM 710.488281 1567445957.7186
CHLD 0 601.042969 1567445957.8968
CHLD 1 601.050781 1567445957.8969
CHLD 2 601.050781 1567445957.8969
CHLD 3 601.050781 1567445957.8970
CHLD 4 691.078125 1567445957.8970
CHLD 5 670.289062 1567445957.8971
CHLD 6 708.906250 1567445957.8971
CHLD 7 686.402344 1567445957.8972
CHLD 8 673.855469 1567445957.8973
CHLD 9 659.023438 1567445957.8973
CHLD 10 687.378906 1567445957.8974
CHLD 11 667.363281 1567445957.8974
CHLD 12 10.972656 1567445957.8975
CHLD 13 10.933594 1567445957.8976
CHLD 14 10.855469 1567445957.8976
CHLD 15 10.972656 1567445957.8977
CHLD 16 10.910156 1567445957.8977
CHLD 17 10.960938 1567445957.8978
CHLD 18 10.933594 1567445957.8979
CHLD 19 10.855469 1567445957.8979
MEM 710.488281 1567445957.9984
CHLD 0 601.042969 1567445958.0298
CHLD 1 601.050781 1567445958.0299
CHLD 2 601.050781 1567445958.0299
CHLD 3 601.050781 1567445958.0300
CHLD 4 691.078125 1567445958.0300
CHLD 5 670.289062 1567445958.0301
CHLD 6 708.906250 1567445958.0302
CHLD 7 686.402344 1567445958.0302
CHLD 8 673.855469 1567445958.0303
CHLD 9 659.023438 1567445958.0303
CHLD 10 687.378906 1567445958.0304
CHLD 11 667.363281 1567445958.0304
CHLD 12 10.972656 1567445958.0305
CHLD 13 10.933594 1567445958.0306
CHLD 14 10.855469 1567445958.0306
CHLD 15 10.972656 1567445958.0307
CHLD 16 10.910156 1567445958.0307
CHLD 17 10.960938 1567445958.0308
CHLD 18 10.933594 1567445958.0308
CHLD 19 10.855469 1567445958.0309
MEM 710.488281 1567445958.1314
CHLD 0 601.042969 1567445958.2219
CHLD 1 601.050781 1567445958.2220
CHLD 2 601.050781 1567445958.2220
CHLD 3 601.050781 1567445958.2221
CHLD 4 691.078125 1567445958.2221
CHLD 5 670.289062 1567445958.2222
CHLD 6 708.906250 1567445958.2223
CHLD 7 687.175781 1567445958.2223
CHLD 8 673.855469 1567445958.2224
CHLD 9 659.023438 1567445958.2225
CHLD 10 687.378906 1567445958.2225
CHLD 11 667.621094 1567445958.2226
CHLD 12 10.972656 1567445958.2226
CHLD 13 10.933594 1567445958.2227
CHLD 14 10.855469 1567445958.2228
CHLD 15 10.972656 1567445958.2228
CHLD 16 10.910156 1567445958.2229
CHLD 17 10.960938 1567445958.2229
CHLD 18 10.933594 1567445958.2230
CHLD 19 10.855469 1567445958.2231
MEM 710.488281 1567445958.3235
CHLD 0 601.042969 1567445958.4031
CHLD 1 601.050781 1567445958.4031
CHLD 2 601.050781 1567445958.4032
CHLD 3 601.050781 1567445958.4033
CHLD 4 691.078125 1567445958.4033
CHLD 5 670.289062 1567445958.4034
CHLD 6 708.906250 1567445958.4035
CHLD 7 687.175781 1567445958.4036
CHLD 8 673.855469 1567445958.4036
CHLD 9 659.023438 1567445958.4037
CHLD 10 687.378906 1567445958.4038
CHLD 11 667.621094 1567445958.4039
CHLD 12 10.972656 1567445958.4039
CHLD 13 10.933594 1567445958.4040
CHLD 14 10.855469 1567445958.4041
CHLD 15 10.972656 1567445958.4042
CHLD 16 10.910156 1567445958.4042
CHLD 17 10.960938 1567445958.4043
CHLD 18 10.933594 1567445958.4044
CHLD 19 10.855469 1567445958.4044
MEM 710.488281 1567445958.5049
CHLD 0 601.042969 1567445958.6119
CHLD 1 601.050781 1567445958.6120
CHLD 2 601.050781 1567445958.6120
CHLD 3 601.050781 1567445958.6121
CHLD 4 691.078125 1567445958.6122
CHLD 5 670.289062 1567445958.6122
CHLD 6 708.906250 1567445958.6123
CHLD 7 687.175781 1567445958.6123
CHLD 8 673.855469 1567445958.6124
CHLD 9 659.648438 1567445958.6124
CHLD 10 687.378906 1567445958.6125
CHLD 11 667.878906 1567445958.6125
CHLD 12 10.972656 1567445958.6126
CHLD 13 10.933594 1567445958.6126
CHLD 14 10.855469 1567445958.6127
CHLD 15 10.972656 1567445958.6127
CHLD 16 10.910156 1567445958.6128
CHLD 17 10.960938 1567445958.6128
CHLD 18 10.933594 1567445958.6129
CHLD 19 10.855469 1567445958.6129
MEM 710.503906 1567445958.7167
CHLD 0 601.042969 1567445958.9167
CHLD 1 601.050781 1567445958.9168
CHLD 2 601.050781 1567445958.9169
CHLD 3 601.050781 1567445958.9169
CHLD 4 691.851562 1567445958.9170
CHLD 5 670.289062 1567445958.9171
CHLD 6 708.906250 1567445958.9171
CHLD 7 687.175781 1567445958.9172
CHLD 8 673.855469 1567445958.9172
CHLD 9 661.195312 1567445958.9173
CHLD 10 687.636719 1567445958.9174
CHLD 11 667.878906 1567445958.9174
CHLD 12 10.972656 1567445958.9175
CHLD 13 10.933594 1567445958.9175
CHLD 14 10.855469 1567445958.9176
CHLD 15 10.972656 1567445958.9177
CHLD 16 10.910156 1567445958.9177
CHLD 17 10.960938 1567445958.9178
CHLD 18 10.933594 1567445958.9178
CHLD 19 10.855469 1567445958.9179
MEM 710.503906 1567445959.0184
CHLD 0 601.042969 1567445959.1084
CHLD 1 601.050781 1567445959.1085
CHLD 2 601.050781 1567445959.1085
CHLD 3 601.050781 1567445959.1086
CHLD 4 691.851562 1567445959.1086
CHLD 5 670.289062 1567445959.1087
CHLD 6 708.906250 1567445959.1087
CHLD 7 687.175781 1567445959.1088
CHLD 8 673.855469 1567445959.1089
CHLD 9 661.710938 1567445959.1090
CHLD 10 687.636719 1567445959.1090
CHLD 11 668.136719 1567445959.1091
CHLD 12 10.972656 1567445959.1092
CHLD 13 10.933594 1567445959.1093
CHLD 14 10.855469 1567445959.1093
CHLD 15 10.972656 1567445959.1094
CHLD 16 10.910156 1567445959.1095
CHLD 17 10.960938 1567445959.1095
CHLD 18 10.933594 1567445959.1096
CHLD 19 10.855469 1567445959.1097
MEM 710.503906 1567445959.2103
CHLD 0 601.042969 1567445959.3278
CHLD 1 601.050781 1567445959.3278
CHLD 2 601.050781 1567445959.3279
CHLD 3 601.050781 1567445959.3280
CHLD 4 692.625000 1567445959.3280
CHLD 5 670.289062 1567445959.3281
CHLD 6 708.906250 1567445959.3282
CHLD 7 687.949219 1567445959.3282
CHLD 8 673.855469 1567445959.3283
CHLD 9 661.710938 1567445959.3284
CHLD 10 688.667969 1567445959.3284
CHLD 11 668.136719 1567445959.3285
CHLD 12 10.972656 1567445959.3285
CHLD 13 10.933594 1567445959.3286
CHLD 14 10.855469 1567445959.3286
CHLD 15 10.972656 1567445959.3287
CHLD 16 10.910156 1567445959.3287
CHLD 17 10.960938 1567445959.3288
CHLD 18 10.933594 1567445959.3288
CHLD 19 10.855469 1567445959.3289
MEM 710.503906 1567445959.4293
CHLD 0 601.042969 1567445959.4454
CHLD 1 601.050781 1567445959.4457
CHLD 2 601.050781 1567445959.4458
CHLD 3 601.050781 1567445959.4459
CHLD 4 692.625000 1567445959.4459
CHLD 5 670.289062 1567445959.4460
CHLD 6 708.906250 1567445959.4460
CHLD 7 687.949219 1567445959.4461
CHLD 8 673.855469 1567445959.4461
CHLD 9 661.710938 1567445959.4462
CHLD 10 688.667969 1567445959.4463
CHLD 11 668.136719 1567445959.4464
CHLD 12 10.972656 1567445959.4464
CHLD 13 10.933594 1567445959.4465
CHLD 14 10.855469 1567445959.4471
CHLD 15 10.972656 1567445959.4471
CHLD 16 10.910156 1567445959.4472
CHLD 17 10.960938 1567445959.4472
CHLD 18 10.933594 1567445959.4473
CHLD 19 10.855469 1567445959.4474
MEM 710.503906 1567445959.6039
CHLD 0 601.042969 1567445959.6525
CHLD 1 601.050781 1567445959.6526
CHLD 2 601.050781 1567445959.6526
CHLD 3 601.050781 1567445959.6527
CHLD 4 692.625000 1567445959.6527
CHLD 5 670.289062 1567445959.6528
CHLD 6 708.906250 1567445959.6528
CHLD 7 687.949219 1567445959.6529
CHLD 8 673.855469 1567445959.6529
CHLD 9 661.710938 1567445959.6530
CHLD 10 688.667969 1567445959.6531
CHLD 11 668.136719 1567445959.6531
CHLD 12 10.972656 1567445959.6532
CHLD 13 10.933594 1567445959.6532
CHLD 14 10.855469 1567445959.6533
CHLD 15 10.972656 1567445959.6533
CHLD 16 10.910156 1567445959.6534
CHLD 17 10.960938 1567445959.6534
CHLD 18 10.933594 1567445959.6535
CHLD 19 10.855469 1567445959.6535
MEM 710.503906 1567445959.7540
CHLD 0 601.042969 1567445959.8996
CHLD 1 601.050781 1567445959.8997
CHLD 2 601.050781 1567445959.8998
CHLD 3 601.050781 1567445959.8998
CHLD 4 692.625000 1567445959.8999
CHLD 5 670.546875 1567445959.8999
CHLD 6 708.906250 1567445959.9378
CHLD 7 687.949219 1567445959.9379
CHLD 8 673.855469 1567445959.9380
CHLD 9 661.710938 1567445959.9381
CHLD 10 688.667969 1567445959.9381
CHLD 11 668.136719 1567445959.9382
CHLD 12 10.972656 1567445959.9383
CHLD 13 10.933594 1567445959.9383
CHLD 14 10.855469 1567445959.9384
CHLD 15 10.972656 1567445959.9385
CHLD 16 10.910156 1567445959.9385
CHLD 17 10.960938 1567445959.9386
CHLD 18 10.933594 1567445959.9387
CHLD 19 10.855469 1567445959.9387
MEM 710.503906 1567445960.0392
CHLD 0 601.042969 1567445960.2084
CHLD 1 601.050781 1567445960.2084
CHLD 2 601.050781 1567445960.2085
CHLD 3 601.050781 1567445960.2086
CHLD 4 693.656250 1567445960.2086
CHLD 5 670.546875 1567445960.2087
CHLD 6 708.906250 1567445960.2088
CHLD 7 687.949219 1567445960.2088
CHLD 8 673.855469 1567445960.2089
CHLD 9 661.710938 1567445960.2090
CHLD 10 688.667969 1567445960.2090
CHLD 11 668.136719 1567445960.2091
CHLD 12 10.972656 1567445960.2091
CHLD 13 10.933594 1567445960.2092
CHLD 14 10.855469 1567445960.2093
CHLD 15 10.972656 1567445960.2093
CHLD 16 10.910156 1567445960.2094
CHLD 17 10.960938 1567445960.2095
CHLD 18 10.933594 1567445960.2095
CHLD 19 10.855469 1567445960.2096
MEM 710.503906 1567445960.3106
CHLD 0 601.042969 1567445960.4074
CHLD 1 601.050781 1567445960.4074
CHLD 2 601.050781 1567445960.4075
CHLD 3 601.050781 1567445960.4075
CHLD 4 693.656250 1567445960.4076
CHLD 5 670.546875 1567445960.4077
CHLD 6 708.906250 1567445960.4077
CHLD 7 687.949219 1567445960.4078
CHLD 8 673.855469 1567445960.4079
CHLD 9 661.710938 1567445960.4080
CHLD 10 688.925781 1567445960.4405
CHLD 11 668.136719 1567445960.4406
CHLD 12 10.972656 1567445960.4407
CHLD 13 10.933594 1567445960.4408
CHLD 14 10.855469 1567445960.4408
CHLD 15 10.972656 1567445960.4409
CHLD 16 10.910156 1567445960.4409
CHLD 17 10.960938 1567445960.4410
CHLD 18 10.933594 1567445960.4410
CHLD 19 10.855469 1567445960.4411
MEM 710.503906 1567445960.5419
CHLD 0 601.042969 1567445960.6260
CHLD 1 601.050781 1567445960.6261
CHLD 2 601.050781 1567445960.6261
CHLD 3 601.050781 1567445960.6262
CHLD 4 693.656250 1567445960.6262
CHLD 5 670.546875 1567445960.6304
CHLD 6 708.906250 1567445960.6305
CHLD 7 687.949219 1567445960.6306
CHLD 8 673.855469 1567445960.6307
CHLD 9 661.710938 1567445960.6307
CHLD 10 688.925781 1567445960.6308
CHLD 11 668.136719 1567445960.6309
CHLD 12 10.972656 1567445960.6309
CHLD 13 10.933594 1567445960.6310
CHLD 14 10.855469 1567445960.6310
CHLD 15 10.972656 1567445960.6311
CHLD 16 10.910156 1567445960.6312
CHLD 17 10.960938 1567445960.6312
CHLD 18 10.933594 1567445960.6313
CHLD 19 10.855469 1567445960.6313
MEM 710.503906 1567445960.7318
CHLD 0 601.042969 1567445960.8029
CHLD 1 601.050781 1567445960.8030
CHLD 2 601.050781 1567445960.8030
CHLD 3 601.050781 1567445960.8031
CHLD 4 693.656250 1567445960.8032
CHLD 5 670.546875 1567445960.8033
CHLD 6 708.906250 1567445960.8270
CHLD 7 687.949219 1567445960.8271
CHLD 8 673.855469 1567445960.8272
CHLD 9 661.710938 1567445960.8272
CHLD 10 688.925781 1567445960.8273
CHLD 11 668.136719 1567445960.8274
CHLD 12 10.972656 1567445960.8274
CHLD 13 10.933594 1567445960.8275
CHLD 14 10.855469 1567445960.8276
CHLD 15 10.972656 1567445960.8276
CHLD 16 10.910156 1567445960.8277
CHLD 17 10.960938 1567445960.8277
CHLD 18 10.933594 1567445960.8278
CHLD 19 10.855469 1567445960.8278
MEM 710.503906 1567445960.9293
CHLD 0 601.042969 1567445961.0300
CHLD 1 601.050781 1567445961.0302
CHLD 2 601.050781 1567445961.0302
CHLD 3 601.050781 1567445961.0303
CHLD 4 693.656250 1567445961.0304
CHLD 5 670.546875 1567445961.0304
CHLD 6 708.906250 1567445961.0305
CHLD 7 687.949219 1567445961.0306
CHLD 8 673.855469 1567445961.0307
CHLD 9 661.710938 1567445961.0307
CHLD 10 688.925781 1567445961.0308
CHLD 11 668.136719 1567445961.0308
CHLD 12 10.972656 1567445961.0309
CHLD 13 10.933594 1567445961.0309
CHLD 14 10.855469 1567445961.0310
CHLD 15 10.972656 1567445961.0310
CHLD 16 10.910156 1567445961.0311
CHLD 17 10.960938 1567445961.0312
CHLD 18 10.933594 1567445961.0312
CHLD 19 10.855469 1567445961.0313
MEM 710.503906 1567445961.1336
CHLD 0 601.042969 1567445961.2276
CHLD 1 601.050781 1567445961.2277
CHLD 2 601.050781 1567445961.2278
CHLD 3 601.050781 1567445961.2278
CHLD 4 693.656250 1567445961.2279
CHLD 5 670.546875 1567445961.2279
CHLD 6 708.906250 1567445961.2280
CHLD 7 687.949219 1567445961.2281
CHLD 8 673.855469 1567445961.2281
CHLD 9 661.710938 1567445961.2282
CHLD 10 689.183594 1567445961.2283
CHLD 11 668.136719 1567445961.2283
CHLD 12 10.972656 1567445961.2284
CHLD 13 10.933594 1567445961.2284
CHLD 14 10.855469 1567445961.2285
CHLD 15 10.972656 1567445961.2286
CHLD 16 10.910156 1567445961.2286
CHLD 17 10.960938 1567445961.2287
CHLD 18 10.933594 1567445961.2287
CHLD 19 10.855469 1567445961.2288
MEM 710.503906 1567445961.3292
CHLD 0 601.042969 1567445961.3878
CHLD 1 601.050781 1567445961.3879
CHLD 2 601.050781 1567445961.3879
CHLD 3 601.050781 1567445961.3880
CHLD 4 693.656250 1567445961.3880
CHLD 5 670.804688 1567445961.3881
CHLD 6 708.906250 1567445961.3881
CHLD 7 687.949219 1567445961.3882
CHLD 8 673.855469 1567445961.3882
CHLD 9 663.710938 1567445961.3883
CHLD 10 689.183594 1567445961.3883
CHLD 11 668.136719 1567445961.3884
CHLD 12 10.972656 1567445961.3885
CHLD 13 10.933594 1567445961.3885
CHLD 14 10.855469 1567445961.3886
CHLD 15 10.972656 1567445961.3886
CHLD 16 10.910156 1567445961.3887
CHLD 17 10.960938 1567445961.3887
CHLD 18 10.933594 1567445961.3888
CHLD 19 10.855469 1567445961.3888
MEM 710.503906 1567445961.4893
CHLD 0 601.042969 1567445961.6247
CHLD 1 601.050781 1567445961.6248
CHLD 2 601.050781 1567445961.6248
CHLD 3 601.050781 1567445961.6249
CHLD 4 693.656250 1567445961.6249
CHLD 5 670.804688 1567445961.6250
CHLD 6 708.906250 1567445961.6250
CHLD 7 687.949219 1567445961.6251
CHLD 8 673.855469 1567445961.6252
CHLD 9 675.371094 1567445961.6253
CHLD 10 689.183594 1567445961.6254
CHLD 11 668.136719 1567445961.6254
CHLD 12 10.972656 1567445961.6255
CHLD 13 10.933594 1567445961.6255
CHLD 14 10.855469 1567445961.6256
CHLD 15 10.972656 1567445961.6257
CHLD 16 10.910156 1567445961.6257
CHLD 17 10.960938 1567445961.6258
CHLD 18 10.933594 1567445961.6258
CHLD 19 10.855469 1567445961.6259
MEM 710.503906 1567445961.7266
CHLD 0 601.042969 1567445961.7654
CHLD 1 601.050781 1567445961.7654
CHLD 2 601.050781 1567445961.7655
CHLD 3 601.050781 1567445961.7655
CHLD 4 693.656250 1567445961.7656
CHLD 5 670.804688 1567445961.7656
CHLD 6 708.906250 1567445961.7657
CHLD 7 687.949219 1567445961.7657
CHLD 8 675.089844 1567445961.7658
CHLD 9 675.628906 1567445961.7659
CHLD 10 689.183594 1567445961.7659
CHLD 11 668.394531 1567445961.7660
CHLD 12 10.972656 1567445961.7661
CHLD 13 10.933594 1567445961.7661
CHLD 14 10.855469 1567445961.7662
CHLD 15 10.972656 1567445961.7662
CHLD 16 10.910156 1567445961.8576
CHLD 17 10.960938 1567445961.8578
CHLD 18 10.933594 1567445961.8578
CHLD 19 10.855469 1567445961.8579
MEM 710.503906 1567445961.9584
CHLD 0 601.042969 1567445962.0686
CHLD 1 601.050781 1567445962.0687
CHLD 2 601.050781 1567445962.0688
CHLD 3 601.050781 1567445962.0688
CHLD 4 693.656250 1567445962.0689
CHLD 5 670.804688 1567445962.0689
CHLD 6 708.906250 1567445962.0690
CHLD 7 687.949219 1567445962.0690
CHLD 8 675.089844 1567445962.0691
CHLD 9 676.195312 1567445962.0692
CHLD 10 689.183594 1567445962.0692
CHLD 11 668.394531 1567445962.0693
CHLD 12 10.972656 1567445962.0694
CHLD 13 10.933594 1567445962.0694
CHLD 14 10.855469 1567445962.0695
CHLD 15 10.972656 1567445962.0695
CHLD 16 10.910156 1567445962.0696
CHLD 17 10.960938 1567445962.0697
CHLD 18 10.933594 1567445962.0697
CHLD 19 10.855469 1567445962.0698
MEM 710.503906 1567445962.1705
CHLD 0 601.042969 1567445962.2890
CHLD 1 601.050781 1567445962.2890
CHLD 2 601.050781 1567445962.2891
CHLD 3 601.050781 1567445962.2892
CHLD 4 693.656250 1567445962.2892
CHLD 5 670.804688 1567445962.2893
CHLD 6 708.906250 1567445962.2893
CHLD 7 687.949219 1567445962.2894
CHLD 8 675.089844 1567445962.2895
CHLD 9 676.195312 1567445962.2895
CHLD 10 689.183594 1567445962.2896
CHLD 11 668.394531 1567445962.2896
CHLD 12 10.972656 1567445962.2897
CHLD 13 10.933594 1567445962.2897
CHLD 14 10.855469 1567445962.2898
CHLD 15 10.972656 1567445962.2899
CHLD 16 10.910156 1567445962.2899
CHLD 17 10.960938 1567445962.2900
CHLD 18 10.933594 1567445962.2900
CHLD 19 10.855469 1567445962.2901
MEM 710.503906 1567445962.3905
CHLD 0 601.042969 1567445962.4724
CHLD 1 601.050781 1567445962.4724
CHLD 2 601.050781 1567445962.4725
CHLD 3 601.050781 1567445962.4726
CHLD 4 693.656250 1567445962.4726
CHLD 5 670.804688 1567445962.4727
CHLD 6 708.906250 1567445962.4727
CHLD 7 687.949219 1567445962.4728
CHLD 8 675.089844 1567445962.4729
CHLD 9 676.710938 1567445962.4729
CHLD 10 689.183594 1567445962.4730
CHLD 11 668.394531 1567445962.4730
CHLD 12 10.972656 1567445962.4731
CHLD 13 10.933594 1567445962.4732
CHLD 14 10.855469 1567445962.4732
CHLD 15 10.972656 1567445962.4733
CHLD 16 10.910156 1567445962.4734
CHLD 17 10.960938 1567445962.4734
CHLD 18 10.933594 1567445962.4735
CHLD 19 10.855469 1567445962.4736
MEM 710.503906 1567445962.5814
CHLD 0 601.042969 1567445962.6626
CHLD 1 601.050781 1567445962.6626
CHLD 2 601.050781 1567445962.6627
CHLD 3 601.050781 1567445962.6627
CHLD 4 693.656250 1567445962.6628
CHLD 5 670.804688 1567445962.6629
CHLD 6 708.906250 1567445962.6629
CHLD 7 687.949219 1567445962.6630
CHLD 8 675.089844 1567445962.6630
CHLD 9 676.710938 1567445962.6631
CHLD 10 689.183594 1567445962.6631
CHLD 11 668.394531 1567445962.6632
CHLD 12 10.972656 1567445962.6632
CHLD 13 10.933594 1567445962.6633
CHLD 14 10.855469 1567445962.6633
CHLD 15 10.972656 1567445962.6634
CHLD 16 10.910156 1567445962.6634
CHLD 17 10.960938 1567445962.6635
CHLD 18 10.933594 1567445962.6635
CHLD 19 10.855469 1567445962.6636
MEM 710.503906 1567445962.7652
CHLD 0 601.042969 1567445962.8269
CHLD 1 601.050781 1567445962.8269
CHLD 2 601.050781 1567445962.8270
CHLD 3 601.050781 1567445962.8270
CHLD 4 693.656250 1567445962.8271
CHLD 5 670.804688 1567445962.8272
CHLD 6 708.906250 1567445962.8272
CHLD 7 687.949219 1567445962.8273
CHLD 8 675.089844 1567445962.8273
CHLD 9 676.968750 1567445962.8274
CHLD 10 689.183594 1567445962.8344
CHLD 11 668.652344 1567445962.8345
CHLD 12 10.972656 1567445962.8345
CHLD 13 10.933594 1567445962.8346
CHLD 14 10.855469 1567445962.8346
CHLD 15 10.972656 1567445962.8347
CHLD 16 10.910156 1567445962.8347
CHLD 17 10.960938 1567445962.8348
CHLD 18 10.933594 1567445962.8349
CHLD 19 10.855469 1567445962.8349
MEM 710.503906 1567445962.9360
CHLD 0 601.042969 1567445963.0989
CHLD 1 601.050781 1567445963.0990
CHLD 2 601.050781 1567445963.0990
CHLD 3 601.050781 1567445963.0991
CHLD 4 693.656250 1567445963.0992
CHLD 5 670.804688 1567445963.0992
CHLD 6 708.906250 1567445963.0993
CHLD 7 687.949219 1567445963.0993
CHLD 8 675.089844 1567445963.0994
CHLD 9 676.968750 1567445963.0995
CHLD 10 689.183594 1567445963.0995
CHLD 11 668.652344 1567445963.0996
CHLD 12 10.972656 1567445963.0996
CHLD 13 10.933594 1567445963.0997
CHLD 14 10.855469 1567445963.0997
CHLD 15 10.972656 1567445963.0998
CHLD 16 10.910156 1567445963.0999
CHLD 17 10.960938 1567445963.0999
CHLD 18 10.933594 1567445963.1000
CHLD 19 10.855469 1567445963.1000
MEM 710.503906 1567445963.2019
CHLD 0 601.042969 1567445963.2662
CHLD 1 601.050781 1567445963.3554
CHLD 2 601.050781 1567445963.3555
CHLD 3 601.050781 1567445963.3555
CHLD 4 693.656250 1567445963.3556
CHLD 5 670.804688 1567445963.3557
CHLD 6 708.906250 1567445963.3557
CHLD 7 687.949219 1567445963.3558
CHLD 8 675.089844 1567445963.3558
CHLD 9 677.484375 1567445963.3559
CHLD 10 689.183594 1567445963.3560
CHLD 11 668.652344 1567445963.3560
CHLD 12 10.972656 1567445963.3561
CHLD 13 10.933594 1567445963.3561
CHLD 14 10.855469 1567445963.3562
CHLD 15 10.972656 1567445963.3562
CHLD 16 10.910156 1567445963.3563
CHLD 17 10.960938 1567445963.3563
CHLD 18 10.933594 1567445963.3564
CHLD 19 10.855469 1567445963.3565
MEM 710.503906 1567445963.4569
CHLD 0 601.042969 1567445963.5628
CHLD 1 601.050781 1567445963.5628
CHLD 2 601.050781 1567445963.5629
CHLD 3 601.050781 1567445963.5629
CHLD 4 693.656250 1567445963.5630
CHLD 5 670.804688 1567445963.5631
CHLD 6 708.906250 1567445963.5631
CHLD 7 687.949219 1567445963.5632
CHLD 8 675.089844 1567445963.5633
CHLD 9 677.484375 1567445963.5633
CHLD 10 689.183594 1567445963.5634
CHLD 11 668.652344 1567445963.5634
CHLD 12 10.972656 1567445963.5635
CHLD 13 10.933594 1567445963.5635
CHLD 14 10.855469 1567445963.5636
CHLD 15 10.972656 1567445963.5636
CHLD 16 10.910156 1567445963.5637
CHLD 17 10.960938 1567445963.5638
CHLD 18 10.933594 1567445963.5638
CHLD 19 10.855469 1567445963.5639
MEM 710.503906 1567445963.6646
CHLD 0 601.042969 1567445963.7542
CHLD 1 601.050781 1567445963.7542
CHLD 2 601.050781 1567445963.7607
CHLD 3 601.050781 1567445963.7608
CHLD 4 693.656250 1567445963.7608
CHLD 5 670.804688 1567445963.7609
CHLD 6 708.906250 1567445963.7609
CHLD 7 687.949219 1567445963.7610
CHLD 8 675.089844 1567445963.7610
CHLD 9 677.484375 1567445963.7611
CHLD 10 689.183594 1567445963.7611
CHLD 11 668.652344 1567445963.7612
CHLD 12 10.972656 1567445963.7612
CHLD 13 10.933594 1567445963.7613
CHLD 14 10.855469 1567445963.7613
CHLD 15 10.972656 1567445963.7614
CHLD 16 10.910156 1567445963.7615
CHLD 17 10.960938 1567445963.7615
CHLD 18 10.933594 1567445963.7616
CHLD 19 10.855469 1567445963.7616
MEM 710.503906 1567445963.8641
CHLD 0 601.042969 1567445963.9337
CHLD 1 601.050781 1567445963.9338
CHLD 2 601.050781 1567445963.9338
CHLD 3 601.050781 1567445963.9339
CHLD 4 693.656250 1567445963.9339
CHLD 5 670.804688 1567445963.9340
CHLD 6 708.906250 1567445963.9341
CHLD 7 687.949219 1567445963.9341
CHLD 8 675.089844 1567445963.9342
CHLD 9 677.484375 1567445963.9342
CHLD 10 690.898438 1567445963.9343
CHLD 11 668.652344 1567445963.9344
CHLD 12 10.972656 1567445963.9344
CHLD 13 10.933594 1567445963.9345
CHLD 14 10.855469 1567445963.9345
CHLD 15 10.972656 1567445963.9346
CHLD 16 10.910156 1567445963.9347
CHLD 17 10.960938 1567445963.9347
CHLD 18 10.933594 1567445963.9348
CHLD 19 10.855469 1567445963.9348
MEM 710.519531 1567445964.0353
CHLD 0 601.042969 1567445964.0977
CHLD 1 601.050781 1567445964.0978
CHLD 2 601.050781 1567445964.0978
CHLD 3 601.050781 1567445964.0979
CHLD 4 693.656250 1567445964.0980
CHLD 5 672.261719 1567445964.0980
CHLD 6 708.906250 1567445964.0981
CHLD 7 687.949219 1567445964.0981
CHLD 8 675.089844 1567445964.0982
CHLD 9 677.484375 1567445964.0982
CHLD 10 0.000000 1567445964.0983
CHLD 11 668.652344 1567445964.0984
CHLD 12 10.972656 1567445964.0984
CHLD 13 10.933594 1567445964.0985
CHLD 14 10.855469 1567445964.0985
CHLD 15 10.972656 1567445964.0986
CHLD 16 10.910156 1567445964.0986
CHLD 17 10.960938 1567445964.0987
CHLD 18 10.933594 1567445964.0987
CHLD 19 10.855469 1567445964.0988
MEM 710.519531 1567445964.1992
CHLD 0 601.042969 1567445964.2341
CHLD 1 601.050781 1567445964.2342
CHLD 2 601.050781 1567445964.2342
CHLD 3 601.050781 1567445964.2650
CHLD 4 693.656250 1567445964.2651
CHLD 5 0.000000 1567445964.2652
CHLD 6 708.906250 1567445964.2652
CHLD 7 687.949219 1567445964.2653
CHLD 8 0.000000 1567445964.2653
CHLD 9 677.484375 1567445964.2654
CHLD 10 0.000000 1567445964.2654
CHLD 11 668.652344 1567445964.2655
CHLD 12 10.972656 1567445964.2656
CHLD 13 10.855469 1567445964.2656
CHLD 14 10.910156 1567445964.2657
CHLD 15 10.960938 1567445964.2657
CHLD 16 10.855469 1567445964.2658
MEM 710.519531 1567445964.3662
CHLD 0 601.042969 1567445964.4208
CHLD 1 601.050781 1567445964.4209
CHLD 2 601.050781 1567445964.4209
CHLD 3 601.050781 1567445964.4210
CHLD 4 693.656250 1567445964.4210
CHLD 5 0.000000 1567445964.4211
CHLD 6 708.906250 1567445964.4211
CHLD 7 687.949219 1567445964.4212
CHLD 8 0.000000 1567445964.4212
CHLD 9 677.484375 1567445964.4213
CHLD 10 0.000000 1567445964.4214
CHLD 11 668.652344 1567445964.4214
CHLD 12 10.972656 1567445964.4215
CHLD 13 10.855469 1567445964.4215
CHLD 14 10.910156 1567445964.4216
CHLD 15 10.960938 1567445964.4216
CHLD 16 10.855469 1567445964.4217
MEM 710.519531 1567445964.5226
CHLD 0 601.042969 1567445964.5638
CHLD 1 601.050781 1567445964.5639
CHLD 2 601.050781 1567445964.5639
CHLD 3 601.050781 1567445964.5640
CHLD 4 0.000000 1567445964.5641
CHLD 5 0.000000 1567445964.5641
CHLD 6 0.000000 1567445964.5642
CHLD 7 0.000000 1567445964.5642
CHLD 8 0.000000 1567445964.5643
CHLD 9 677.484375 1567445964.5643
CHLD 10 0.000000 1567445964.5644
CHLD 11 668.652344 1567445964.5645
CHLD 12 10.972656 1567445964.5645
CHLD 13 10.855469 1567445964.5646
CHLD 14 10.855469 1567445964.5646
MEM 710.519531 1567445964.6651
CHLD 0 601.042969 1567445964.6845
CHLD 1 601.050781 1567445964.6846
CHLD 2 601.050781 1567445964.6846
CHLD 3 601.050781 1567445964.6847
CHLD 4 0.000000 1567445964.6847
CHLD 5 0.000000 1567445964.6847
CHLD 6 0.000000 1567445964.6848
CHLD 7 0.000000 1567445964.6848
CHLD 8 0.000000 1567445964.6849
CHLD 9 677.484375 1567445964.6849
CHLD 10 0.000000 1567445964.6850
CHLD 11 668.652344 1567445964.6852
CHLD 12 10.972656 1567445964.6853
CHLD 13 10.855469 1567445964.6853
MEM 710.519531 1567445964.7858
CHLD 0 601.042969 1567445964.7988
CHLD 1 601.050781 1567445964.7988
CHLD 2 601.050781 1567445964.7989
CHLD 3 601.050781 1567445964.7989
CHLD 4 0.000000 1567445964.7990
CHLD 5 0.000000 1567445964.7990
CHLD 6 0.000000 1567445964.7991
CHLD 7 0.000000 1567445964.7991
CHLD 8 0.000000 1567445964.7991
CHLD 9 0.000000 1567445964.7992
CHLD 10 0.000000 1567445964.7993
MEM 710.519531 1567445964.8996
CHLD 0 601.042969 1567445964.9088
CHLD 1 601.050781 1567445964.9088
CHLD 2 601.050781 1567445964.9089
CHLD 3 601.050781 1567445964.9089
CHLD 4 0.000000 1567445964.9089
CHLD 5 0.000000 1567445964.9090
CHLD 6 0.000000 1567445964.9090
CHLD 7 0.000000 1567445964.9090
CHLD 8 0.000000 1567445964.9091
CHLD 9 0.000000 1567445964.9091
CHLD 10 0.000000 1567445964.9091
MEM 710.519531 1567445965.0096
CHLD 0 601.042969 1567445965.0255
CHLD 1 601.050781 1567445965.0256
CHLD 2 601.050781 1567445965.0257
CHLD 3 601.050781 1567445965.0258
CHLD 4 0.000000 1567445965.0258
CHLD 5 0.000000 1567445965.0259
CHLD 6 0.000000 1567445965.0259
CHLD 7 0.000000 1567445965.0260
CHLD 8 0.000000 1567445965.0261
CHLD 9 0.000000 1567445965.0261
CHLD 10 0.000000 1567445965.0262
MEM 710.519531 1567445965.1267
CHLD 0 601.042969 1567445965.1403
CHLD 1 601.050781 1567445965.1404
CHLD 2 601.050781 1567445965.1404
CHLD 3 601.050781 1567445965.1405
CHLD 4 0.000000 1567445965.1406
CHLD 5 0.000000 1567445965.1406
CHLD 6 0.000000 1567445965.1406
CHLD 7 0.000000 1567445965.1407
CHLD 8 0.000000 1567445965.1407
CHLD 9 0.000000 1567445965.1407
CHLD 10 0.000000 1567445965.1407
MEM 710.519531 1567445965.2412
CHLD 0 601.042969 1567445965.2540
CHLD 1 601.050781 1567445965.2540
CHLD 2 601.050781 1567445965.2541
CHLD 3 601.050781 1567445965.2541
CHLD 4 0.000000 1567445965.2541
CHLD 5 0.000000 1567445965.2542
CHLD 6 0.000000 1567445965.2542
CHLD 7 0.000000 1567445965.2542
CHLD 8 0.000000 1567445965.2543
CHLD 9 0.000000 1567445965.2543
CHLD 10 0.000000 1567445965.2544
MEM 710.519531 1567445965.3548
CHLD 0 601.042969 1567445965.3683
CHLD 1 601.050781 1567445965.3683
CHLD 2 601.050781 1567445965.3684
CHLD 3 601.050781 1567445965.3684
CHLD 4 0.000000 1567445965.3684
CHLD 5 0.000000 1567445965.3685
CHLD 6 0.000000 1567445965.3685
CHLD 7 0.000000 1567445965.3685
CHLD 8 0.000000 1567445965.3686
CHLD 9 0.000000 1567445965.3686
CHLD 10 0.000000 1567445965.3686
MEM 710.519531 1567445965.4690
CHLD 0 601.042969 1567445965.4777
CHLD 1 601.050781 1567445965.4778
CHLD 2 601.050781 1567445965.4778
CHLD 3 601.050781 1567445965.4778
CHLD 4 0.000000 1567445965.4779
CHLD 5 0.000000 1567445965.4779
CHLD 6 0.000000 1567445965.4779
CHLD 7 0.000000 1567445965.4780
CHLD 8 0.000000 1567445965.4780
CHLD 9 0.000000 1567445965.4780
CHLD 10 0.000000 1567445965.4781
MEM 710.519531 1567445965.5786
CHLD 0 601.042969 1567445965.5925
CHLD 1 601.050781 1567445965.5925
CHLD 2 601.050781 1567445965.5925
CHLD 3 601.050781 1567445965.5926
CHLD 4 0.000000 1567445965.5926
CHLD 5 0.000000 1567445965.5926
CHLD 6 0.000000 1567445965.5927
CHLD 7 0.000000 1567445965.5927
CHLD 8 0.000000 1567445965.5927
CHLD 9 0.000000 1567445965.5928
CHLD 10 0.000000 1567445965.5928
MEM 710.519531 1567445965.6932
CHLD 0 601.042969 1567445965.7074
CHLD 1 601.050781 1567445965.7075
CHLD 2 601.050781 1567445965.7075
CHLD 3 601.050781 1567445965.7075
CHLD 4 0.000000 1567445965.7076
CHLD 5 0.000000 1567445965.7076
CHLD 6 0.000000 1567445965.7076
CHLD 7 0.000000 1567445965.7077
CHLD 8 0.000000 1567445965.7077
CHLD 9 0.000000 1567445965.7077
CHLD 10 0.000000 1567445965.7078
MEM 710.519531 1567445965.8082
CHLD 0 601.042969 1567445965.8211
CHLD 1 601.050781 1567445965.8212
CHLD 2 601.050781 1567445965.8212
CHLD 3 601.050781 1567445965.8212
CHLD 4 0.000000 1567445965.8213
CHLD 5 0.000000 1567445965.8213
CHLD 6 0.000000 1567445965.8213
CHLD 7 0.000000 1567445965.8214
CHLD 8 0.000000 1567445965.8214
CHLD 9 0.000000 1567445965.8214
CHLD 10 0.000000 1567445965.8215
MEM 710.519531 1567445965.9220
CHLD 0 601.042969 1567445965.9362
CHLD 1 601.050781 1567445965.9363
CHLD 2 601.050781 1567445965.9363
CHLD 3 601.050781 1567445965.9363
CHLD 4 0.000000 1567445965.9364
CHLD 5 0.000000 1567445965.9364
CHLD 6 0.000000 1567445965.9364
CHLD 7 0.000000 1567445965.9365
CHLD 8 0.000000 1567445965.9365
CHLD 9 0.000000 1567445965.9365
CHLD 10 0.000000 1567445965.9366
MEM 710.519531 1567445966.0371
CHLD 0 601.042969 1567445966.0514
CHLD 1 601.050781 1567445966.0514
CHLD 2 601.050781 1567445966.0515
CHLD 3 601.050781 1567445966.0515
CHLD 4 0.000000 1567445966.0515
CHLD 5 0.000000 1567445966.0516
CHLD 6 0.000000 1567445966.0516
CHLD 7 0.000000 1567445966.0516
CHLD 8 0.000000 1567445966.0517
CHLD 9 0.000000 1567445966.0517
CHLD 10 0.000000 1567445966.0517
MEM 710.519531 1567445966.1522
CHLD 0 601.042969 1567445966.1669
CHLD 1 601.050781 1567445966.1670
CHLD 2 601.050781 1567445966.1670
CHLD 3 601.050781 1567445966.1670
CHLD 4 0.000000 1567445966.1671
CHLD 5 0.000000 1567445966.1671
CHLD 6 0.000000 1567445966.1671
CHLD 7 0.000000 1567445966.1672
CHLD 8 0.000000 1567445966.1672
CHLD 9 0.000000 1567445966.1672
CHLD 10 0.000000 1567445966.1673
MEM 710.519531 1567445966.2678
CHLD 0 601.042969 1567445966.2809
CHLD 1 601.050781 1567445966.2809
CHLD 2 601.050781 1567445966.2810
CHLD 3 601.050781 1567445966.2810
CHLD 4 0.000000 1567445966.2810
CHLD 5 0.000000 1567445966.2811
CHLD 6 0.000000 1567445966.2811
CHLD 7 0.000000 1567445966.2811
CHLD 8 0.000000 1567445966.2811
CHLD 9 0.000000 1567445966.2812
CHLD 10 0.000000 1567445966.2812
MEM 710.519531 1567445966.3817
CHLD 0 601.042969 1567445966.3956
CHLD 1 601.050781 1567445966.3957
CHLD 2 601.050781 1567445966.3957
CHLD 3 601.050781 1567445966.3957
CHLD 4 0.000000 1567445966.3958
CHLD 5 0.000000 1567445966.3958
CHLD 6 0.000000 1567445966.3958
CHLD 7 0.000000 1567445966.3959
CHLD 8 0.000000 1567445966.3959
CHLD 9 0.000000 1567445966.3959
CHLD 10 0.000000 1567445966.3960
MEM 710.519531 1567445966.4965
CHLD 0 601.042969 1567445966.5093
CHLD 1 601.050781 1567445966.5094
CHLD 2 601.050781 1567445966.5094
CHLD 3 601.050781 1567445966.5095
CHLD 4 0.000000 1567445966.5095
CHLD 5 0.000000 1567445966.5095
CHLD 6 0.000000 1567445966.5096
CHLD 7 0.000000 1567445966.5096
CHLD 8 0.000000 1567445966.5096
CHLD 9 0.000000 1567445966.5097
CHLD 10 0.000000 1567445966.5097
MEM 710.519531 1567445966.6102
CHLD 0 601.042969 1567445966.6239
CHLD 1 601.050781 1567445966.6240
CHLD 2 601.050781 1567445966.6240
CHLD 3 601.050781 1567445966.6241
CHLD 4 0.000000 1567445966.6241
CHLD 5 0.000000 1567445966.6242
CHLD 6 0.000000 1567445966.6242
CHLD 7 0.000000 1567445966.6243
CHLD 8 0.000000 1567445966.6243
CHLD 9 0.000000 1567445966.6244
CHLD 10 0.000000 1567445966.6244
MEM 710.519531 1567445966.7250
CHLD 0 601.042969 1567445966.7421
CHLD 1 601.050781 1567445966.7422
CHLD 2 601.050781 1567445966.7422
CHLD 3 601.050781 1567445966.7423
CHLD 4 0.000000 1567445966.7423
CHLD 5 0.000000 1567445966.7423
CHLD 6 0.000000 1567445966.7424
CHLD 7 0.000000 1567445966.7424
CHLD 8 0.000000 1567445966.7424
CHLD 9 0.000000 1567445966.7425
CHLD 10 0.000000 1567445966.7425
MEM 710.519531 1567445966.8430
CHLD 0 601.042969 1567445966.8564
CHLD 1 601.050781 1567445966.8564
CHLD 2 601.050781 1567445966.8565
CHLD 3 601.050781 1567445966.8565
CHLD 4 0.000000 1567445966.8565
CHLD 5 0.000000 1567445966.8566
CHLD 6 0.000000 1567445966.8566
CHLD 7 0.000000 1567445966.8566
CHLD 8 0.000000 1567445966.8567
CHLD 9 0.000000 1567445966.8567
CHLD 10 0.000000 1567445966.8567
MEM 710.519531 1567445966.9572
CHLD 0 601.042969 1567445966.9714
CHLD 1 601.050781 1567445966.9714
CHLD 2 601.050781 1567445966.9715
CHLD 3 601.050781 1567445966.9715
CHLD 4 0.000000 1567445966.9715
CHLD 5 0.000000 1567445966.9716
CHLD 6 0.000000 1567445966.9716
CHLD 7 0.000000 1567445966.9716
CHLD 8 0.000000 1567445966.9716
CHLD 9 0.000000 1567445966.9717
CHLD 10 0.000000 1567445966.9717
MEM 710.519531 1567445967.0721
CHLD 0 601.042969 1567445967.0825
CHLD 1 601.050781 1567445967.0826
CHLD 2 601.050781 1567445967.0826
CHLD 3 601.050781 1567445967.0826
CHLD 4 0.000000 1567445967.0827
CHLD 5 0.000000 1567445967.0827
CHLD 6 0.000000 1567445967.0827
CHLD 7 0.000000 1567445967.0828
CHLD 8 0.000000 1567445967.0828
CHLD 9 0.000000 1567445967.0828
CHLD 10 0.000000 1567445967.0828
MEM 710.519531 1567445967.1833
CHLD 0 601.042969 1567445967.1994
CHLD 1 601.050781 1567445967.1995
CHLD 2 601.050781 1567445967.1996
CHLD 3 601.050781 1567445967.1996
CHLD 4 0.000000 1567445967.1997
CHLD 5 0.000000 1567445967.1998
CHLD 6 0.000000 1567445967.1998
CHLD 7 0.000000 1567445967.1999
CHLD 8 0.000000 1567445967.1999
CHLD 9 0.000000 1567445967.2000
CHLD 10 0.000000 1567445967.2001
MEM 710.519531 1567445967.3006
CHLD 0 601.042969 1567445967.3145
CHLD 1 601.050781 1567445967.3146
CHLD 2 601.050781 1567445967.3146
CHLD 3 601.050781 1567445967.3146
CHLD 4 0.000000 1567445967.3147
CHLD 5 0.000000 1567445967.3147
CHLD 6 0.000000 1567445967.3147
CHLD 7 0.000000 1567445967.3148
CHLD 8 0.000000 1567445967.3148
CHLD 9 0.000000 1567445967.3148
CHLD 10 0.000000 1567445967.3149
MEM 710.519531 1567445967.4152
CHLD 0 601.042969 1567445967.4241
CHLD 1 601.050781 1567445967.4242
CHLD 2 601.050781 1567445967.4242
CHLD 3 601.050781 1567445967.4243
CHLD 4 0.000000 1567445967.4243
CHLD 5 0.000000 1567445967.4244
CHLD 6 0.000000 1567445967.4244
CHLD 7 0.000000 1567445967.4245
CHLD 8 0.000000 1567445967.4246
CHLD 9 0.000000 1567445967.4246
CHLD 10 0.000000 1567445967.4247
MEM 710.519531 1567445967.5250
CHLD 0 601.042969 1567445967.5337
CHLD 1 601.050781 1567445967.5338
CHLD 2 601.050781 1567445967.5338
CHLD 3 601.050781 1567445967.5339
CHLD 4 0.000000 1567445967.5340
CHLD 5 0.000000 1567445967.5340
CHLD 6 0.000000 1567445967.5340
CHLD 7 0.000000 1567445967.5341
CHLD 8 0.000000 1567445967.5341
CHLD 9 0.000000 1567445967.5341
CHLD 10 0.000000 1567445967.5342
MEM 710.519531 1567445967.6345
CHLD 0 601.042969 1567445967.6433
CHLD 1 601.050781 1567445967.6433
CHLD 2 601.050781 1567445967.6434
CHLD 3 601.050781 1567445967.6434
CHLD 4 0.000000 1567445967.6434
CHLD 5 0.000000 1567445967.6435
CHLD 6 0.000000 1567445967.6435
CHLD 7 0.000000 1567445967.6435
CHLD 8 0.000000 1567445967.6436
CHLD 9 0.000000 1567445967.6436
CHLD 10 0.000000 1567445967.6436
MEM 710.519531 1567445967.7441
CHLD 0 601.042969 1567445967.7572
CHLD 1 601.050781 1567445967.7572
CHLD 2 601.050781 1567445967.7572
CHLD 3 601.050781 1567445967.7573
CHLD 4 0.000000 1567445967.7573
CHLD 5 0.000000 1567445967.7573
CHLD 6 0.000000 1567445967.7574
CHLD 7 0.000000 1567445967.7574
CHLD 8 0.000000 1567445967.7574
CHLD 9 0.000000 1567445967.7575
CHLD 10 0.000000 1567445967.7575
MEM 710.519531 1567445967.8580
CHLD 0 601.042969 1567445967.8719
CHLD 1 601.050781 1567445967.8719
CHLD 2 601.050781 1567445967.8719
CHLD 3 601.050781 1567445967.8720
CHLD 4 0.000000 1567445967.8720
CHLD 5 0.000000 1567445967.8720
CHLD 6 0.000000 1567445967.8721
CHLD 7 0.000000 1567445967.8721
CHLD 8 0.000000 1567445967.8721
CHLD 9 0.000000 1567445967.8722
CHLD 10 0.000000 1567445967.8722
MEM 710.519531 1567445967.9727
CHLD 0 601.042969 1567445967.9869
CHLD 1 601.050781 1567445967.9869
CHLD 2 601.050781 1567445967.9870
CHLD 3 601.050781 1567445967.9870
CHLD 4 0.000000 1567445967.9870
CHLD 5 0.000000 1567445967.9871
CHLD 6 0.000000 1567445967.9871
CHLD 7 0.000000 1567445967.9872
CHLD 8 0.000000 1567445967.9872
CHLD 9 0.000000 1567445967.9872
CHLD 10 0.000000 1567445967.9873
MEM 710.519531 1567445968.0878
CHLD 0 601.042969 1567445968.1009
CHLD 1 601.050781 1567445968.1010
CHLD 2 601.050781 1567445968.1010
CHLD 3 601.050781 1567445968.1010
CHLD 4 0.000000 1567445968.1011
CHLD 5 0.000000 1567445968.1011
CHLD 6 0.000000 1567445968.1011
CHLD 7 0.000000 1567445968.1012
CHLD 8 0.000000 1567445968.1012
CHLD 9 0.000000 1567445968.1012
CHLD 10 0.000000 1567445968.1013
MEM 710.519531 1567445968.2017
CHLD 0 601.042969 1567445968.2151
CHLD 1 601.050781 1567445968.2152
CHLD 2 601.050781 1567445968.2152
CHLD 3 601.050781 1567445968.2152
CHLD 4 0.000000 1567445968.2153
CHLD 5 0.000000 1567445968.2153
CHLD 6 0.000000 1567445968.2153
CHLD 7 0.000000 1567445968.2154
CHLD 8 0.000000 1567445968.2154
CHLD 9 0.000000 1567445968.2154
CHLD 10 0.000000 1567445968.2155
MEM 710.519531 1567445968.3159
CHLD 0 601.042969 1567445968.3299
CHLD 1 601.050781 1567445968.3300
CHLD 2 601.050781 1567445968.3300
CHLD 3 601.050781 1567445968.3300
CHLD 4 0.000000 1567445968.3301
CHLD 5 0.000000 1567445968.3301
CHLD 6 0.000000 1567445968.3301
CHLD 7 0.000000 1567445968.3302
CHLD 8 0.000000 1567445968.3302
CHLD 9 0.000000 1567445968.3302
CHLD 10 0.000000 1567445968.3303
MEM 710.519531 1567445968.4308
CHLD 0 601.042969 1567445968.4440
CHLD 1 601.050781 1567445968.4441
CHLD 2 601.050781 1567445968.4441
CHLD 3 601.050781 1567445968.4441
CHLD 4 0.000000 1567445968.4442
CHLD 5 0.000000 1567445968.4442
CHLD 6 0.000000 1567445968.4443
CHLD 7 0.000000 1567445968.4443
CHLD 8 0.000000 1567445968.4444
CHLD 9 0.000000 1567445968.4444
CHLD 10 0.000000 1567445968.4444
MEM 710.519531 1567445968.5449
CHLD 0 601.042969 1567445968.5592
CHLD 1 601.050781 1567445968.5593
CHLD 2 601.050781 1567445968.5593
CHLD 3 601.050781 1567445968.5593
CHLD 4 0.000000 1567445968.5594
CHLD 5 0.000000 1567445968.5594
CHLD 6 0.000000 1567445968.5594
CHLD 7 0.000000 1567445968.5595
CHLD 8 0.000000 1567445968.5595
CHLD 9 0.000000 1567445968.5595
CHLD 10 0.000000 1567445968.5596
MEM 710.519531 1567445968.6601
CHLD 0 601.042969 1567445968.6731
CHLD 1 601.050781 1567445968.6731
CHLD 2 601.050781 1567445968.6731
CHLD 3 601.050781 1567445968.6732
CHLD 4 0.000000 1567445968.6732
CHLD 5 0.000000 1567445968.6732
CHLD 6 0.000000 1567445968.6733
CHLD 7 0.000000 1567445968.6733
CHLD 8 0.000000 1567445968.6733
CHLD 9 0.000000 1567445968.6734
CHLD 10 0.000000 1567445968.6734
MEM 710.519531 1567445968.7738
CHLD 0 601.042969 1567445968.7877
CHLD 1 601.050781 1567445968.7877
CHLD 2 601.050781 1567445968.7877
CHLD 3 601.050781 1567445968.7878
CHLD 4 0.000000 1567445968.7878
CHLD 5 0.000000 1567445968.7878
CHLD 6 0.000000 1567445968.7879
CHLD 7 0.000000 1567445968.7879
CHLD 8 0.000000 1567445968.7879
CHLD 9 0.000000 1567445968.7880
CHLD 10 0.000000 1567445968.7880
MEM 710.519531 1567445968.8885
CHLD 0 601.042969 1567445968.9013
CHLD 1 601.050781 1567445968.9013
CHLD 2 601.050781 1567445968.9013
CHLD 3 601.050781 1567445968.9014
CHLD 4 0.000000 1567445968.9014
CHLD 5 0.000000 1567445968.9014
CHLD 6 0.000000 1567445968.9015
CHLD 7 0.000000 1567445968.9015
CHLD 8 0.000000 1567445968.9015
CHLD 9 0.000000 1567445968.9016
CHLD 10 0.000000 1567445968.9016
MEM 710.519531 1567445969.0021
CHLD 0 601.042969 1567445969.0161
CHLD 1 601.050781 1567445969.0161
CHLD 2 601.050781 1567445969.0162
CHLD 3 601.050781 1567445969.0162
CHLD 4 0.000000 1567445969.0162
CHLD 5 0.000000 1567445969.0163
CHLD 6 0.000000 1567445969.0163
CHLD 7 0.000000 1567445969.0163
CHLD 8 0.000000 1567445969.0164
CHLD 9 0.000000 1567445969.0164
CHLD 10 0.000000 1567445969.0165
MEM 710.519531 1567445969.1169
CHLD 0 601.042969 1567445969.1299
CHLD 1 601.050781 1567445969.1299
CHLD 2 601.050781 1567445969.1300
CHLD 3 601.050781 1567445969.1300
CHLD 4 0.000000 1567445969.1300
CHLD 5 0.000000 1567445969.1301
CHLD 6 0.000000 1567445969.1301
CHLD 7 0.000000 1567445969.1301
CHLD 8 0.000000 1567445969.1302
CHLD 9 0.000000 1567445969.1302
CHLD 10 0.000000 1567445969.1302
MEM 710.519531 1567445969.2306
CHLD 0 601.042969 1567445969.2443
CHLD 1 601.050781 1567445969.2444
CHLD 2 601.050781 1567445969.2444
CHLD 3 601.050781 1567445969.2445
CHLD 4 0.000000 1567445969.2445
CHLD 5 0.000000 1567445969.2446
CHLD 6 0.000000 1567445969.2446
CHLD 7 0.000000 1567445969.2447
CHLD 8 0.000000 1567445969.2447
CHLD 9 0.000000 1567445969.2447
CHLD 10 0.000000 1567445969.2448
MEM 710.519531 1567445969.3452
CHLD 0 601.042969 1567445969.3612
CHLD 1 601.050781 1567445969.3613
CHLD 2 601.050781 1567445969.3614
CHLD 3 601.050781 1567445969.3614
CHLD 4 0.000000 1567445969.3615
CHLD 5 0.000000 1567445969.3615
CHLD 6 0.000000 1567445969.3616
CHLD 7 0.000000 1567445969.3617
CHLD 8 0.000000 1567445969.3617
CHLD 9 0.000000 1567445969.3618
CHLD 10 0.000000 1567445969.3618
MEM 710.519531 1567445969.4624
CHLD 0 601.042969 1567445969.4764
CHLD 1 601.050781 1567445969.4765
CHLD 2 601.050781 1567445969.4765
CHLD 3 601.050781 1567445969.4766
CHLD 4 0.000000 1567445969.4766
CHLD 5 0.000000 1567445969.4767
CHLD 6 0.000000 1567445969.4767
CHLD 7 0.000000 1567445969.4768
CHLD 8 0.000000 1567445969.4768
CHLD 9 0.000000 1567445969.4769
CHLD 10 0.000000 1567445969.4770
MEM 710.519531 1567445969.5775
CHLD 0 601.042969 1567445969.5919
CHLD 1 601.050781 1567445969.5920
CHLD 2 601.050781 1567445969.5921
CHLD 3 601.050781 1567445969.5921
CHLD 4 0.000000 1567445969.5922
CHLD 5 0.000000 1567445969.5923
CHLD 6 0.000000 1567445969.5924
CHLD 7 0.000000 1567445969.5925
CHLD 8 0.000000 1567445969.5926
CHLD 9 0.000000 1567445969.5926
CHLD 10 0.000000 1567445969.5927
MEM 710.519531 1567445969.6931
CHLD 0 601.042969 1567445969.7079
CHLD 1 601.050781 1567445969.7079
CHLD 2 601.050781 1567445969.7079
CHLD 3 601.050781 1567445969.7080
CHLD 4 0.000000 1567445969.7080
CHLD 5 0.000000 1567445969.7080
CHLD 6 0.000000 1567445969.7081
CHLD 7 0.000000 1567445969.7081
CHLD 8 0.000000 1567445969.7081
CHLD 9 0.000000 1567445969.7082
CHLD 10 0.000000 1567445969.7082
MEM 710.519531 1567445969.8086
CHLD 0 601.042969 1567445969.8231
CHLD 1 601.050781 1567445969.8232
CHLD 2 601.050781 1567445969.8232
CHLD 3 601.050781 1567445969.8232
CHLD 4 0.000000 1567445969.8233
CHLD 5 0.000000 1567445969.8233
CHLD 6 0.000000 1567445969.8233
CHLD 7 0.000000 1567445969.8234
CHLD 8 0.000000 1567445969.8234
CHLD 9 0.000000 1567445969.8235
CHLD 10 0.000000 1567445969.8235
MEM 710.519531 1567445969.9240
CHLD 0 601.042969 1567445969.9372
CHLD 1 601.050781 1567445969.9372
CHLD 2 601.050781 1567445969.9373
CHLD 3 601.050781 1567445969.9373
CHLD 4 0.000000 1567445969.9373
CHLD 5 0.000000 1567445969.9374
CHLD 6 0.000000 1567445969.9374
CHLD 7 0.000000 1567445969.9374
CHLD 8 0.000000 1567445969.9375
CHLD 9 0.000000 1567445969.9375
CHLD 10 0.000000 1567445969.9375
MEM 710.519531 1567445970.0380
CHLD 0 601.042969 1567445970.0521
CHLD 1 601.050781 1567445970.0521
CHLD 2 601.050781 1567445970.0522
CHLD 3 601.050781 1567445970.0522
CHLD 4 0.000000 1567445970.0522
CHLD 5 0.000000 1567445970.0523
CHLD 6 0.000000 1567445970.0523
CHLD 7 0.000000 1567445970.0523
CHLD 8 0.000000 1567445970.0523
CHLD 9 0.000000 1567445970.0524
CHLD 10 0.000000 1567445970.0524
MEM 710.519531 1567445970.1529
CHLD 0 601.042969 1567445970.1717
CHLD 1 601.050781 1567445970.1718
CHLD 2 601.050781 1567445970.1719
CHLD 3 601.050781 1567445970.1719
CHLD 4 0.000000 1567445970.1720
CHLD 5 0.000000 1567445970.1721
CHLD 6 0.000000 1567445970.1721
CHLD 7 0.000000 1567445970.1722
CHLD 8 0.000000 1567445970.1722
CHLD 9 0.000000 1567445970.1723
CHLD 10 0.000000 1567445970.1723
MEM 710.519531 1567445970.2728
CHLD 0 601.042969 1567445970.2873
CHLD 1 601.050781 1567445970.2874
CHLD 2 601.050781 1567445970.2874
CHLD 3 601.050781 1567445970.2874
CHLD 4 0.000000 1567445970.2875
CHLD 5 0.000000 1567445970.2875
CHLD 6 0.000000 1567445970.2875
CHLD 7 0.000000 1567445970.2876
CHLD 8 0.000000 1567445970.2876
CHLD 9 0.000000 1567445970.2876
CHLD 10 0.000000 1567445970.2877
MEM 710.519531 1567445970.3882
CHLD 0 601.042969 1567445970.4021
CHLD 1 601.050781 1567445970.4021
CHLD 2 601.050781 1567445970.4022
CHLD 3 601.050781 1567445970.4022
CHLD 4 0.000000 1567445970.4023
CHLD 5 0.000000 1567445970.4024
CHLD 6 0.000000 1567445970.4024
CHLD 7 0.000000 1567445970.4025
CHLD 8 0.000000 1567445970.4025
CHLD 9 0.000000 1567445970.4026
CHLD 10 0.000000 1567445970.4027
MEM 710.519531 1567445970.5032
CHLD 0 601.042969 1567445970.5175
CHLD 1 601.050781 1567445970.5175
CHLD 2 601.050781 1567445970.5176
CHLD 3 601.050781 1567445970.5176
CHLD 4 0.000000 1567445970.5177
CHLD 5 0.000000 1567445970.5177
CHLD 6 0.000000 1567445970.5178
CHLD 7 0.000000 1567445970.5178
CHLD 8 0.000000 1567445970.5179
CHLD 9 0.000000 1567445970.5179
CHLD 10 0.000000 1567445970.5179
MEM 710.519531 1567445970.6185
CHLD 0 601.042969 1567445970.6324
CHLD 1 601.050781 1567445970.6325
CHLD 2 601.050781 1567445970.6325
CHLD 3 601.050781 1567445970.6325
CHLD 4 0.000000 1567445970.6326
CHLD 5 0.000000 1567445970.6326
CHLD 6 0.000000 1567445970.6326
CHLD 7 0.000000 1567445970.6327
CHLD 8 0.000000 1567445970.6327
CHLD 9 0.000000 1567445970.6327
CHLD 10 0.000000 1567445970.6328
MEM 710.519531 1567445970.7333
CHLD 0 601.042969 1567445970.7454
CHLD 1 601.050781 1567445970.7455
CHLD 2 601.050781 1567445970.7455
CHLD 3 601.050781 1567445970.7455
CHLD 4 0.000000 1567445970.7456
CHLD 5 0.000000 1567445970.7456
CHLD 6 0.000000 1567445970.7457
CHLD 7 0.000000 1567445970.7457
CHLD 8 0.000000 1567445970.7457
CHLD 9 0.000000 1567445970.7458
CHLD 10 0.000000 1567445970.7458
MEM 710.519531 1567445970.8463
CHLD 0 601.042969 1567445970.8585
CHLD 1 601.050781 1567445970.8585
CHLD 2 601.050781 1567445970.8586
CHLD 3 601.050781 1567445970.8586
CHLD 4 0.000000 1567445970.8586
CHLD 5 0.000000 1567445970.8587
CHLD 6 0.000000 1567445970.8587
CHLD 7 0.000000 1567445970.8587
CHLD 8 0.000000 1567445970.8588
CHLD 9 0.000000 1567445970.8588
CHLD 10 0.000000 1567445970.8588
MEM 710.519531 1567445970.9593
CHLD 0 601.042969 1567445970.9727
CHLD 1 601.050781 1567445970.9727
CHLD 2 601.050781 1567445970.9728
CHLD 3 601.050781 1567445970.9728
CHLD 4 0.000000 1567445970.9728
CHLD 5 0.000000 1567445970.9729
CHLD 6 0.000000 1567445970.9729
CHLD 7 0.000000 1567445970.9729
CHLD 8 0.000000 1567445970.9730
CHLD 9 0.000000 1567445970.9730
CHLD 10 0.000000 1567445970.9730
MEM 710.519531 1567445971.0734
CHLD 0 601.042969 1567445971.0821
CHLD 1 601.050781 1567445971.0822
CHLD 2 601.050781 1567445971.0822
CHLD 3 601.050781 1567445971.0823
CHLD 4 0.000000 1567445971.0823
CHLD 5 0.000000 1567445971.0824
CHLD 6 0.000000 1567445971.0824
CHLD 7 0.000000 1567445971.0824
CHLD 8 0.000000 1567445971.0824
CHLD 9 0.000000 1567445971.0825
CHLD 10 0.000000 1567445971.0825
MEM 710.519531 1567445971.1829
CHLD 0 601.042969 1567445971.1926
CHLD 1 601.050781 1567445971.1927
CHLD 2 601.050781 1567445971.1927
CHLD 3 601.050781 1567445971.1928
CHLD 4 0.000000 1567445971.1928
CHLD 5 0.000000 1567445971.1928
CHLD 6 0.000000 1567445971.1929
CHLD 7 0.000000 1567445971.1929
CHLD 8 0.000000 1567445971.1929
CHLD 9 0.000000 1567445971.1930
CHLD 10 0.000000 1567445971.1930
MEM 710.519531 1567445971.2935
CHLD 0 601.042969 1567445971.3075
CHLD 1 601.050781 1567445971.3075
CHLD 2 601.050781 1567445971.3076
CHLD 3 601.050781 1567445971.3076
CHLD 4 0.000000 1567445971.3076
CHLD 5 0.000000 1567445971.3077
CHLD 6 0.000000 1567445971.3077
CHLD 7 0.000000 1567445971.3077
CHLD 8 0.000000 1567445971.3078
CHLD 9 0.000000 1567445971.3078
CHLD 10 0.000000 1567445971.3078
MEM 710.519531 1567445971.4083
CHLD 0 601.042969 1567445971.4214
CHLD 1 601.050781 1567445971.4215
CHLD 2 601.050781 1567445971.4215
CHLD 3 601.050781 1567445971.4215
CHLD 4 0.000000 1567445971.4216
CHLD 5 0.000000 1567445971.4216
CHLD 6 0.000000 1567445971.4216
CHLD 7 0.000000 1567445971.4217
CHLD 8 0.000000 1567445971.4217
CHLD 9 0.000000 1567445971.4217
CHLD 10 0.000000 1567445971.4218
MEM 710.519531 1567445971.5221
CHLD 0 601.042969 1567445971.5316
CHLD 1 601.050781 1567445971.5317
CHLD 2 601.050781 1567445971.5317
CHLD 3 601.050781 1567445971.5317
CHLD 4 0.000000 1567445971.5318
CHLD 5 0.000000 1567445971.5318
CHLD 6 0.000000 1567445971.5318
CHLD 7 0.000000 1567445971.5318
CHLD 8 0.000000 1567445971.5319
CHLD 9 0.000000 1567445971.5319
CHLD 10 0.000000 1567445971.5319
MEM 710.519531 1567445971.6323
CHLD 0 601.042969 1567445971.6414
CHLD 1 601.050781 1567445971.6415
CHLD 2 601.050781 1567445971.6415
CHLD 3 601.050781 1567445971.6415
CHLD 4 0.000000 1567445971.6416
CHLD 5 0.000000 1567445971.6416
CHLD 6 0.000000 1567445971.6416
CHLD 7 0.000000 1567445971.6417
CHLD 8 0.000000 1567445971.6417
CHLD 9 0.000000 1567445971.6417
CHLD 10 0.000000 1567445971.6418
MEM 710.519531 1567445971.7422
CHLD 0 601.042969 1567445971.7567
CHLD 1 601.050781 1567445971.7567
CHLD 2 601.050781 1567445971.7567
CHLD 3 601.050781 1567445971.7568
CHLD 4 0.000000 1567445971.7568
CHLD 5 0.000000 1567445971.7568
CHLD 6 0.000000 1567445971.7569
CHLD 7 0.000000 1567445971.7569
CHLD 8 0.000000 1567445971.7569
CHLD 9 0.000000 1567445971.7570
CHLD 10 0.000000 1567445971.7570
MEM 710.519531 1567445971.8575
CHLD 0 601.042969 1567445971.8711
CHLD 1 601.050781 1567445971.8711
CHLD 2 601.050781 1567445971.8711
CHLD 3 601.050781 1567445971.8712
CHLD 4 0.000000 1567445971.8712
CHLD 5 0.000000 1567445971.8712
CHLD 6 0.000000 1567445971.8713
CHLD 7 0.000000 1567445971.8713
CHLD 8 0.000000 1567445971.8713
CHLD 9 0.000000 1567445971.8714
CHLD 10 0.000000 1567445971.8714
MEM 710.519531 1567445971.9719
CHLD 0 601.042969 1567445971.9852
CHLD 1 601.050781 1567445971.9852
CHLD 2 601.050781 1567445971.9853
CHLD 3 601.050781 1567445971.9853
CHLD 4 0.000000 1567445971.9854
CHLD 5 0.000000 1567445971.9854
CHLD 6 0.000000 1567445971.9855
CHLD 7 0.000000 1567445971.9856
CHLD 8 0.000000 1567445971.9856
CHLD 9 0.000000 1567445971.9857
CHLD 10 0.000000 1567445971.9858
MEM 710.519531 1567445972.0862
CHLD 0 601.042969 1567445972.0959
CHLD 1 601.050781 1567445972.0960
CHLD 2 601.050781 1567445972.0960
CHLD 3 601.050781 1567445972.0961
CHLD 4 0.000000 1567445972.0961
CHLD 5 0.000000 1567445972.0961
CHLD 6 0.000000 1567445972.0962
CHLD 7 0.000000 1567445972.0962
CHLD 8 0.000000 1567445972.0962
CHLD 9 0.000000 1567445972.0963
CHLD 10 0.000000 1567445972.0963
MEM 710.519531 1567445972.1968
CHLD 0 601.042969 1567445972.2095
CHLD 1 601.050781 1567445972.2095
CHLD 2 601.050781 1567445972.2096
CHLD 3 601.050781 1567445972.2096
CHLD 4 0.000000 1567445972.2096
CHLD 5 0.000000 1567445972.2097
CHLD 6 0.000000 1567445972.2097
CHLD 7 0.000000 1567445972.2097
CHLD 8 0.000000 1567445972.2098
CHLD 9 0.000000 1567445972.2098
CHLD 10 0.000000 1567445972.2098
MEM 710.519531 1567445972.3102
CHLD 0 601.042969 1567445972.3240
CHLD 1 601.050781 1567445972.3240
CHLD 2 601.050781 1567445972.3240
CHLD 3 601.050781 1567445972.3241
CHLD 4 0.000000 1567445972.3241
CHLD 5 0.000000 1567445972.3241
CHLD 6 0.000000 1567445972.3242
CHLD 7 0.000000 1567445972.3242
CHLD 8 0.000000 1567445972.3243
CHLD 9 0.000000 1567445972.3243
CHLD 10 0.000000 1567445972.3243
MEM 710.519531 1567445972.4248
CHLD 0 601.042969 1567445972.4391
CHLD 1 601.050781 1567445972.4392
CHLD 2 601.050781 1567445972.4392
CHLD 3 601.050781 1567445972.4393
CHLD 4 0.000000 1567445972.4393
CHLD 5 0.000000 1567445972.4393
CHLD 6 0.000000 1567445972.4393
CHLD 7 0.000000 1567445972.4394
CHLD 8 0.000000 1567445972.4394
CHLD 9 0.000000 1567445972.4394
CHLD 10 0.000000 1567445972.4395
MEM 710.519531 1567445972.5400
CHLD 0 601.042969 1567445972.5550
CHLD 1 601.050781 1567445972.5550
CHLD 2 601.050781 1567445972.5550
CHLD 3 601.050781 1567445972.5551
CHLD 4 0.000000 1567445972.5551
CHLD 5 0.000000 1567445972.5551
CHLD 6 0.000000 1567445972.5552
CHLD 7 0.000000 1567445972.5552
CHLD 8 0.000000 1567445972.5552
CHLD 9 0.000000 1567445972.5553
CHLD 10 0.000000 1567445972.5553
MEM 710.519531 1567445972.6557
CHLD 0 601.042969 1567445972.6657
CHLD 1 601.050781 1567445972.6658
CHLD 2 601.050781 1567445972.6658
CHLD 3 601.050781 1567445972.6659
CHLD 4 0.000000 1567445972.6659
CHLD 5 0.000000 1567445972.6659
CHLD 6 0.000000 1567445972.6659
CHLD 7 0.000000 1567445972.6660
CHLD 8 0.000000 1567445972.6660
CHLD 9 0.000000 1567445972.6660
CHLD 10 0.000000 1567445972.6661
MEM 710.519531 1567445972.7665
CHLD 0 601.042969 1567445972.7772
CHLD 1 601.050781 1567445972.7773
CHLD 2 601.050781 1567445972.7774
CHLD 3 601.050781 1567445972.7774
CHLD 4 0.000000 1567445972.7774
CHLD 5 0.000000 1567445972.7775
CHLD 6 0.000000 1567445972.7775
CHLD 7 0.000000 1567445972.7776
CHLD 8 0.000000 1567445972.7776
CHLD 9 0.000000 1567445972.7777
CHLD 10 0.000000 1567445972.7778
MEM 710.519531 1567445972.8783
CHLD 0 601.042969 1567445972.8920
CHLD 1 601.050781 1567445972.8920
CHLD 2 601.050781 1567445972.8920
CHLD 3 601.050781 1567445972.8921
CHLD 4 0.000000 1567445972.8921
CHLD 5 0.000000 1567445972.8921
CHLD 6 0.000000 1567445972.8922
CHLD 7 0.000000 1567445972.8922
CHLD 8 0.000000 1567445972.8922
CHLD 9 0.000000 1567445972.8923
CHLD 10 0.000000 1567445972.8923
MEM 710.519531 1567445972.9928
CHLD 0 601.042969 1567445973.0074
CHLD 1 601.050781 1567445973.0074
CHLD 2 601.050781 1567445973.0075
CHLD 3 601.050781 1567445973.0075
CHLD 4 0.000000 1567445973.0075
CHLD 5 0.000000 1567445973.0076
CHLD 6 0.000000 1567445973.0076
CHLD 7 0.000000 1567445973.0076
CHLD 8 0.000000 1567445973.0077
CHLD 9 0.000000 1567445973.0077
CHLD 10 0.000000 1567445973.0077
MEM 710.519531 1567445973.1082
CHLD 0 601.042969 1567445973.1211
CHLD 1 601.050781 1567445973.1212
CHLD 2 601.050781 1567445973.1212
CHLD 3 601.050781 1567445973.1212
CHLD 4 0.000000 1567445973.1213
CHLD 5 0.000000 1567445973.1213
CHLD 6 0.000000 1567445973.1213
CHLD 7 0.000000 1567445973.1214
CHLD 8 0.000000 1567445973.1214
CHLD 9 0.000000 1567445973.1214
CHLD 10 0.000000 1567445973.1215
MEM 710.519531 1567445973.2219
CHLD 0 601.042969 1567445973.2361
CHLD 1 601.050781 1567445973.2361
CHLD 2 601.050781 1567445973.2362
CHLD 3 601.050781 1567445973.2362
CHLD 4 0.000000 1567445973.2362
CHLD 5 0.000000 1567445973.2363
CHLD 6 0.000000 1567445973.2363
CHLD 7 0.000000 1567445973.2363
CHLD 8 0.000000 1567445973.2364
CHLD 9 0.000000 1567445973.2364
CHLD 10 0.000000 1567445973.2364
MEM 710.519531 1567445973.3369
CHLD 0 601.042969 1567445973.3513
CHLD 1 601.050781 1567445973.3513
CHLD 2 601.050781 1567445973.3514
CHLD 3 601.050781 1567445973.3514
CHLD 4 0.000000 1567445973.3514
CHLD 5 0.000000 1567445973.3515
CHLD 6 0.000000 1567445973.3515
CHLD 7 0.000000 1567445973.3515
CHLD 8 0.000000 1567445973.3516
CHLD 9 0.000000 1567445973.3516
CHLD 10 0.000000 1567445973.3516
MEM 710.519531 1567445973.4522
CHLD 0 601.042969 1567445973.4673
CHLD 1 601.050781 1567445973.4673
CHLD 2 601.050781 1567445973.4674
CHLD 3 601.050781 1567445973.4674
CHLD 4 0.000000 1567445973.4674
CHLD 5 0.000000 1567445973.4675
CHLD 6 0.000000 1567445973.4675
CHLD 7 0.000000 1567445973.4676
CHLD 8 0.000000 1567445973.4676
CHLD 9 0.000000 1567445973.4676
CHLD 10 0.000000 1567445973.4677
MEM 710.519531 1567445973.5682
CHLD 0 601.042969 1567445973.5806
CHLD 1 601.050781 1567445973.5806
CHLD 2 601.050781 1567445973.5807
CHLD 3 601.050781 1567445973.5807
CHLD 4 0.000000 1567445973.5807
CHLD 5 0.000000 1567445973.5808
CHLD 6 0.000000 1567445973.5808
CHLD 7 0.000000 1567445973.5809
CHLD 8 0.000000 1567445973.5809
CHLD 9 0.000000 1567445973.5809
CHLD 10 0.000000 1567445973.5810
MEM 710.519531 1567445973.6815
CHLD 0 601.042969 1567445973.6941
CHLD 1 601.050781 1567445973.6942
CHLD 2 601.050781 1567445973.6942
CHLD 3 601.050781 1567445973.6942
CHLD 4 0.000000 1567445973.6943
CHLD 5 0.000000 1567445973.6943
CHLD 6 0.000000 1567445973.6943
CHLD 7 0.000000 1567445973.6944
CHLD 8 0.000000 1567445973.6944
CHLD 9 0.000000 1567445973.6944
CHLD 10 0.000000 1567445973.6945
MEM 710.519531 1567445973.7949
CHLD 0 601.042969 1567445973.8067
CHLD 1 601.050781 1567445973.8068
CHLD 2 601.050781 1567445973.8068
CHLD 3 601.050781 1567445973.8069
CHLD 4 0.000000 1567445973.8069
CHLD 5 0.000000 1567445973.8070
CHLD 6 0.000000 1567445973.8070
CHLD 7 0.000000 1567445973.8071
CHLD 8 0.000000 1567445973.8071
CHLD 9 0.000000 1567445973.8072
CHLD 10 0.000000 1567445973.8072
MEM 710.519531 1567445973.9081
CHLD 0 601.042969 1567445973.9182
CHLD 1 601.050781 1567445973.9182
CHLD 2 601.050781 1567445973.9182
CHLD 3 601.050781 1567445973.9183
CHLD 4 0.000000 1567445973.9183
CHLD 5 0.000000 1567445973.9184
CHLD 6 0.000000 1567445973.9184
CHLD 7 0.000000 1567445973.9184
CHLD 8 0.000000 1567445973.9185
CHLD 9 0.000000 1567445973.9185
CHLD 10 0.000000 1567445973.9185
MEM 710.519531 1567445974.0190
CHLD 0 601.042969 1567445974.0323
CHLD 1 601.050781 1567445974.0324
CHLD 2 601.050781 1567445974.0324
CHLD 3 601.050781 1567445974.0324
CHLD 4 0.000000 1567445974.0325
CHLD 5 0.000000 1567445974.0325
CHLD 6 0.000000 1567445974.0326
CHLD 7 0.000000 1567445974.0326
CHLD 8 0.000000 1567445974.0326
CHLD 9 0.000000 1567445974.0327
CHLD 10 0.000000 1567445974.0327
MEM 710.519531 1567445974.1332
CHLD 0 601.042969 1567445974.1474
CHLD 1 601.050781 1567445974.1474
CHLD 2 601.050781 1567445974.1475
CHLD 3 601.050781 1567445974.1475
CHLD 4 0.000000 1567445974.1475
CHLD 5 0.000000 1567445974.1476
CHLD 6 0.000000 1567445974.1476
CHLD 7 0.000000 1567445974.1476
CHLD 8 0.000000 1567445974.1476
CHLD 9 0.000000 1567445974.1477
CHLD 10 0.000000 1567445974.1477
