CMDLINE /home/dn16382/anaconda3/bin/python mnist_example.py
MEM 1.914062 1567439706.8020
MEM 17.550781 1567439706.9161
MEM 35.390625 1567439707.0423
MEM 43.578125 1567439707.1509
MEM 65.183594 1567439707.2588
MEM 74.121094 1567439707.3697
MEM 82.390625 1567439707.4777
MEM 126.777344 1567439707.5857
MEM 164.531250 1567439707.6938
MEM 165.542969 1567439707.8019
MEM 172.875000 1567439707.9099
MEM 181.824219 1567439708.0179
MEM 186.855469 1567439708.1259
MEM 195.242188 1567439708.2339
MEM 206.652344 1567439708.3418
MEM 215.226562 1567439708.4497
MEM 218.714844 1567439708.5588
MEM 231.132812 1567439708.6667
MEM 237.468750 1567439708.7747
MEM 255.375000 1567439708.8830
MEM 257.890625 1567439708.9910
MEM 263.269531 1567439709.0990
MEM 266.265625 1567439709.2093
MEM 273.675781 1567439709.3175
MEM 289.917969 1567439709.4312
MEM 306.160156 1567439709.5393
MEM 355.765625 1567439709.6473
MEM 367.257812 1567439709.7555
MEM 445.375000 1567439709.8639
MEM 607.281250 1567439709.9722
MEM 681.335938 1567439710.0855
MEM 645.785156 1567439710.2007
MEM 712.539062 1567439710.3145
CHLD 0 601.050781 1567439710.3259
MEM 854.492188 1567439710.4263
CHLD 0 601.050781 1567439710.4345
CHLD 1 601.050781 1567439710.4346
CHLD 2 601.050781 1567439710.4346
CHLD 3 601.050781 1567439710.4346
MEM 1059.453125 1567439710.5350
CHLD 0 601.050781 1567439710.5432
CHLD 1 601.050781 1567439710.5432
CHLD 2 601.050781 1567439710.5433
CHLD 3 601.050781 1567439710.5433
MEM 1253.281250 1567439710.6437
CHLD 0 601.050781 1567439710.6521
CHLD 1 601.050781 1567439710.6521
CHLD 2 601.050781 1567439710.6522
CHLD 3 601.050781 1567439710.6522
MEM 1446.304688 1567439710.7526
CHLD 0 601.050781 1567439710.7623
CHLD 1 601.050781 1567439710.7623
CHLD 2 601.050781 1567439710.7624
CHLD 3 601.050781 1567439710.7624
MEM 1136.707031 1567439710.8629
CHLD 0 649.265625 1567439710.8782
CHLD 1 601.050781 1567439710.8783
CHLD 2 601.050781 1567439710.8784
CHLD 3 601.050781 1567439710.8784
MEM 1136.707031 1567439710.9789
CHLD 0 782.554688 1567439710.9886
CHLD 1 601.050781 1567439710.9886
CHLD 2 601.050781 1567439710.9887
CHLD 3 601.050781 1567439710.9887
MEM 1136.707031 1567439711.0891
CHLD 0 939.046875 1567439711.0981
CHLD 1 601.050781 1567439711.0982
CHLD 2 601.050781 1567439711.0982
CHLD 3 601.050781 1567439711.0982
MEM 729.222656 1567439711.1985
CHLD 0 1097.601562 1567439711.2067
CHLD 1 601.050781 1567439711.2067
CHLD 2 601.050781 1567439711.2068
CHLD 3 601.050781 1567439711.2068
MEM 871.792969 1567439711.3072
CHLD 0 1235.015625 1567439711.3268
CHLD 1 601.050781 1567439711.3269
CHLD 2 601.050781 1567439711.3269
CHLD 3 601.050781 1567439711.3270
MEM 1042.980469 1567439711.4274
CHLD 0 1394.343750 1567439711.4415
CHLD 1 601.050781 1567439711.4416
CHLD 2 601.050781 1567439711.4416
CHLD 3 601.050781 1567439711.4417
MEM 1193.027344 1567439711.5421
CHLD 0 1073.328125 1567439711.5502
CHLD 1 601.066406 1567439711.5503
CHLD 2 601.050781 1567439711.5504
CHLD 3 601.050781 1567439711.5504
MEM 1328.121094 1567439711.6508
CHLD 0 1207.648438 1567439711.6590
CHLD 1 601.066406 1567439711.6590
CHLD 2 601.050781 1567439711.6590
CHLD 3 601.050781 1567439711.6591
MEM 1460.425781 1567439711.7595
CHLD 0 1343.257812 1567439711.7678
CHLD 1 601.066406 1567439711.7678
CHLD 2 601.050781 1567439711.7679
CHLD 3 601.050781 1567439711.7679
MEM 1136.718750 1567439711.8684
CHLD 0 1023.527344 1567439711.8813
CHLD 1 615.773438 1567439711.8814
CHLD 2 601.050781 1567439711.8814
CHLD 3 601.050781 1567439711.8815
MEM 1136.718750 1567439711.9819
CHLD 0 1030.945312 1567439712.0067
CHLD 1 789.796875 1567439712.0068
CHLD 2 601.050781 1567439712.0069
CHLD 3 601.050781 1567439712.0069
CHLD 4 10.019531 1567439712.0070
MEM 1136.718750 1567439712.1074
CHLD 0 1037.253906 1567439712.1184
CHLD 1 945.257812 1567439712.1185
CHLD 2 601.050781 1567439712.1185
CHLD 3 601.050781 1567439712.1186
CHLD 4 10.722656 1567439712.1186
MEM 727.445312 1567439712.2190
CHLD 0 1041.453125 1567439712.2338
CHLD 1 1093.500000 1567439712.2339
CHLD 2 601.050781 1567439712.2340
CHLD 3 601.050781 1567439712.2341
CHLD 4 10.722656 1567439712.2341
MEM 933.953125 1567439712.3346
CHLD 0 1049.312500 1567439712.3495
CHLD 1 1264.171875 1567439712.3496
CHLD 2 601.050781 1567439712.3496
CHLD 3 601.050781 1567439712.3497
CHLD 4 10.722656 1567439712.3498
MEM 1109.007812 1567439712.4505
CHLD 0 1053.820312 1567439712.4656
CHLD 1 1409.835938 1567439712.4657
CHLD 2 601.050781 1567439712.4658
CHLD 3 601.050781 1567439712.4659
CHLD 4 10.722656 1567439712.4659
MEM 1273.492188 1567439712.5664
CHLD 0 1056.273438 1567439712.5805
CHLD 1 1097.574219 1567439712.5806
CHLD 2 601.066406 1567439712.5807
CHLD 3 601.050781 1567439712.5808
CHLD 4 10.722656 1567439712.5808
MEM 1412.968750 1567439712.6813
CHLD 0 1059.460938 1567439712.6948
CHLD 1 1236.019531 1567439712.6949
CHLD 2 601.066406 1567439712.6950
CHLD 3 601.050781 1567439712.6950
CHLD 4 10.722656 1567439712.6951
MEM 1551.187500 1567439712.7955
CHLD 0 1060.574219 1567439712.8198
CHLD 1 1388.703125 1567439712.8199
CHLD 2 601.066406 1567439712.8200
CHLD 3 601.050781 1567439712.8200
CHLD 4 10.722656 1567439712.8201
MEM 1136.726562 1567439712.9205
CHLD 0 1061.246094 1567439712.9333
CHLD 1 1024.570312 1567439712.9334
CHLD 2 709.878906 1567439712.9335
CHLD 3 601.050781 1567439712.9335
CHLD 4 10.722656 1567439712.9336
MEM 1136.726562 1567439713.0340
CHLD 0 1063.660156 1567439713.0476
CHLD 1 1033.187500 1567439713.0477
CHLD 2 848.582031 1567439713.0477
CHLD 3 601.050781 1567439713.0478
CHLD 4 9.710938 1567439713.0479
CHLD 5 10.722656 1567439713.0479
MEM 1136.726562 1567439713.1484
CHLD 0 1074.933594 1567439713.1618
CHLD 1 1037.343750 1567439713.1619
CHLD 2 984.707031 1567439713.1619
CHLD 3 601.050781 1567439713.1620
CHLD 4 10.695312 1567439713.1620
CHLD 5 10.722656 1567439713.1621
MEM 778.242188 1567439713.2626
CHLD 0 1076.136719 1567439713.2883
CHLD 1 1040.625000 1567439713.2884
CHLD 2 1138.105469 1567439713.2885
CHLD 3 601.050781 1567439713.2885
CHLD 4 10.695312 1567439713.2886
CHLD 5 10.722656 1567439713.2886
MEM 969.539062 1567439713.3891
CHLD 0 1076.613281 1567439713.4100
CHLD 1 1041.953125 1567439713.4101
CHLD 2 1295.886719 1567439713.4101
CHLD 3 601.050781 1567439713.4102
CHLD 4 10.695312 1567439713.4103
CHLD 5 10.722656 1567439713.4103
MEM 1129.898438 1567439713.5146
CHLD 0 1096.921875 1567439713.5952
CHLD 1 1053.632812 1567439713.5953
CHLD 2 1437.683594 1567439713.5954
CHLD 3 601.050781 1567439713.5954
CHLD 4 10.695312 1567439713.5955
CHLD 5 10.722656 1567439713.5956
MEM 1208.273438 1567439713.6960
CHLD 0 1097.695312 1567439713.7688
CHLD 1 1053.820312 1567439713.7688
CHLD 2 1080.816406 1567439713.7689
CHLD 3 601.066406 1567439713.7690
CHLD 4 10.695312 1567439713.7690
CHLD 5 10.722656 1567439713.7691
MEM 1403.695312 1567439713.8696
CHLD 0 1098.984375 1567439713.8902
CHLD 1 1054.062500 1567439713.8958
CHLD 2 1148.363281 1567439713.8959
CHLD 3 601.066406 1567439713.8959
CHLD 4 10.695312 1567439713.8960
CHLD 5 10.722656 1567439713.8960
MEM 1551.968750 1567439713.9965
CHLD 0 1099.757812 1567439714.0136
CHLD 1 1054.320312 1567439714.0137
CHLD 2 1237.566406 1567439714.0137
CHLD 3 601.066406 1567439714.0138
CHLD 4 10.695312 1567439714.0138
CHLD 5 10.722656 1567439714.0139
MEM 1136.738281 1567439714.1144
CHLD 0 1099.757812 1567439714.1491
CHLD 1 1056.468750 1567439714.1492
CHLD 2 1414.226562 1567439714.1493
CHLD 3 620.160156 1567439714.1493
CHLD 4 10.695312 1567439714.1494
CHLD 5 10.722656 1567439714.1495
MEM 1136.738281 1567439714.2518
CHLD 0 1100.273438 1567439714.2895
CHLD 1 1059.410156 1567439714.2944
CHLD 2 1025.953125 1567439714.2948
CHLD 3 662.441406 1567439714.2950
CHLD 4 10.695312 1567439714.2953
CHLD 5 10.722656 1567439714.2953
MEM 1136.738281 1567439714.3958
CHLD 0 1100.273438 1567439714.4318
CHLD 1 1059.957031 1567439714.4319
CHLD 2 1035.718750 1567439714.4320
CHLD 3 715.292969 1567439714.4320
CHLD 4 8.960938 1567439714.4376
CHLD 5 10.695312 1567439714.4377
CHLD 6 10.722656 1567439714.4378
MEM 1136.738281 1567439714.5382
CHLD 0 1102.589844 1567439714.5633
CHLD 1 1060.144531 1567439714.5633
CHLD 2 1037.183594 1567439714.5634
CHLD 3 784.128906 1567439714.5635
CHLD 4 10.726562 1567439714.5635
CHLD 5 10.695312 1567439714.5636
CHLD 6 10.722656 1567439714.5637
MEM 1136.738281 1567439714.6641
CHLD 0 1102.589844 1567439714.6881
CHLD 1 1060.558594 1567439714.6882
CHLD 2 1037.707031 1567439714.6883
CHLD 3 856.058594 1567439714.6884
CHLD 4 10.726562 1567439714.6884
CHLD 5 10.695312 1567439714.6885
CHLD 6 10.722656 1567439714.6886
MEM 1136.738281 1567439714.7890
CHLD 0 1102.589844 1567439714.8156
CHLD 1 1061.066406 1567439714.8157
CHLD 2 1040.855469 1567439714.8158
CHLD 3 931.855469 1567439714.8159
CHLD 4 10.726562 1567439714.8160
CHLD 5 10.695312 1567439714.8161
CHLD 6 10.722656 1567439714.8162
MEM 1136.738281 1567439714.9166
CHLD 0 1102.589844 1567439714.9432
CHLD 1 1061.433594 1567439714.9433
CHLD 2 1048.648438 1567439714.9434
CHLD 3 998.371094 1567439714.9434
CHLD 4 10.726562 1567439714.9435
CHLD 5 10.695312 1567439714.9435
CHLD 6 10.722656 1567439714.9436
MEM 795.207031 1567439715.0441
CHLD 0 1102.589844 1567439715.0673
CHLD 1 1062.019531 1567439715.0674
CHLD 2 1053.710938 1567439715.0674
CHLD 3 1044.261719 1567439715.0675
CHLD 4 10.726562 1567439715.0676
CHLD 5 10.695312 1567439715.0676
CHLD 6 10.722656 1567439715.0677
MEM 774.386719 1567439715.1683
CHLD 0 1102.589844 1567439715.2018
CHLD 1 1069.921875 1567439715.2019
CHLD 2 1053.820312 1567439715.2020
CHLD 3 1121.863281 1567439715.2020
CHLD 4 10.726562 1567439715.2021
CHLD 5 10.695312 1567439715.2022
CHLD 6 10.722656 1567439715.2023
MEM 850.957031 1567439715.3027
CHLD 0 1103.105469 1567439715.3250
CHLD 1 1072.503906 1567439715.3251
CHLD 2 1054.359375 1567439715.3252
CHLD 3 1209.777344 1567439715.3252
CHLD 4 10.726562 1567439715.3253
CHLD 5 10.695312 1567439715.3253
CHLD 6 10.722656 1567439715.3254
MEM 938.097656 1567439715.4258
CHLD 0 1103.105469 1567439715.4558
CHLD 1 1075.171875 1567439715.4559
CHLD 2 1056.523438 1567439715.4560
CHLD 3 1279.644531 1567439715.4560
CHLD 4 10.726562 1567439715.4561
CHLD 5 10.695312 1567439715.4562
CHLD 6 10.722656 1567439715.4562
MEM 1008.738281 1567439715.5567
CHLD 0 1103.105469 1567439715.5697
CHLD 1 1075.351562 1567439715.5698
CHLD 2 1057.050781 1567439715.5698
CHLD 3 1401.332031 1567439715.5699
CHLD 4 10.726562 1567439715.5700
CHLD 5 10.695312 1567439715.5700
CHLD 6 10.722656 1567439715.5701
MEM 1097.167969 1567439715.6708
CHLD 0 1103.363281 1567439715.6860
CHLD 1 1075.414062 1567439715.6861
CHLD 2 1057.050781 1567439715.6862
CHLD 3 1039.050781 1567439715.6862
CHLD 4 10.726562 1567439715.6984
CHLD 5 10.695312 1567439715.6985
CHLD 6 10.722656 1567439715.6986
MEM 1203.386719 1567439715.7991
CHLD 0 1103.363281 1567439715.8305
CHLD 1 1075.632812 1567439715.8306
CHLD 2 1059.914062 1567439715.8307
CHLD 3 1158.933594 1567439715.8308
CHLD 4 10.726562 1567439715.8308
CHLD 5 10.695312 1567439715.8309
CHLD 6 10.722656 1567439715.8309
MEM 1289.496094 1567439715.9314
CHLD 0 1103.363281 1567439715.9576
CHLD 1 1075.832031 1567439715.9577
CHLD 2 1060.207031 1567439715.9577
CHLD 3 1310.011719 1567439715.9578
CHLD 4 10.726562 1567439715.9579
CHLD 5 10.695312 1567439715.9579
CHLD 6 10.722656 1567439715.9580
MEM 1327.136719 1567439716.0584
CHLD 0 1104.910156 1567439716.1274
CHLD 1 1075.832031 1567439716.1274
CHLD 2 1060.390625 1567439716.1275
CHLD 3 1381.425781 1567439716.1276
CHLD 4 10.726562 1567439716.1276
CHLD 5 10.695312 1567439716.1277
CHLD 6 10.722656 1567439716.1278
MEM 1399.324219 1567439716.2282
CHLD 0 1104.910156 1567439716.2697
CHLD 1 1084.417969 1567439716.2925
CHLD 2 1060.562500 1567439716.2926
CHLD 3 1430.468750 1567439716.2927
CHLD 4 10.726562 1567439716.2927
CHLD 5 10.695312 1567439716.2928
CHLD 6 10.722656 1567439716.2928
MEM 1501.191406 1567439716.3932
CHLD 0 1104.910156 1567439716.4267
CHLD 1 1085.992188 1567439716.4268
CHLD 2 1060.890625 1567439716.4269
CHLD 3 1024.550781 1567439716.4269
CHLD 4 10.726562 1567439716.4270
CHLD 5 10.695312 1567439716.4270
CHLD 6 10.722656 1567439716.4271
MEM 1228.738281 1567439716.5280
CHLD 0 1104.910156 1567439716.5568
CHLD 1 1086.250000 1567439716.5569
CHLD 2 1061.109375 1567439716.5570
CHLD 3 1028.007812 1567439716.5570
CHLD 4 7.398438 1567439716.5571
CHLD 5 10.726562 1567439716.5571
CHLD 6 10.695312 1567439716.5572
CHLD 7 10.722656 1567439716.5573
MEM 1136.738281 1567439716.6577
CHLD 0 1105.164062 1567439716.6749
CHLD 1 1086.507812 1567439716.6750
CHLD 2 1061.480469 1567439716.6750
CHLD 3 1030.484375 1567439716.6751
CHLD 4 10.644531 1567439716.6752
CHLD 5 10.726562 1567439716.6754
CHLD 6 10.695312 1567439716.6755
CHLD 7 10.722656 1567439716.6764
MEM 1136.738281 1567439716.7769
CHLD 0 1106.453125 1567439716.8147
CHLD 1 1087.281250 1567439716.8148
CHLD 2 1061.890625 1567439716.8149
CHLD 3 1036.800781 1567439716.8149
CHLD 4 10.644531 1567439716.8150
CHLD 5 10.726562 1567439716.8150
CHLD 6 10.695312 1567439716.8151
CHLD 7 10.722656 1567439716.8152
MEM 1136.738281 1567439716.9157
CHLD 0 1106.453125 1567439716.9420
CHLD 1 1087.281250 1567439716.9421
CHLD 2 1062.457031 1567439716.9422
CHLD 3 1037.179688 1567439716.9422
CHLD 4 10.644531 1567439716.9446
CHLD 5 10.726562 1567439716.9448
CHLD 6 10.695312 1567439716.9448
CHLD 7 10.722656 1567439716.9455
MEM 1136.738281 1567439717.0463
CHLD 0 1106.453125 1567439717.0771
CHLD 1 1087.281250 1567439717.0772
CHLD 2 1062.820312 1567439717.0772
CHLD 3 1038.289062 1567439717.0784
CHLD 4 10.644531 1567439717.0785
CHLD 5 10.726562 1567439717.0786
CHLD 6 10.695312 1567439717.0786
CHLD 7 10.722656 1567439717.0787
MEM 1136.738281 1567439717.1793
CHLD 0 1106.453125 1567439717.1990
CHLD 1 1087.281250 1567439717.1991
CHLD 2 1063.207031 1567439717.1991
CHLD 3 1041.910156 1567439717.1992
CHLD 4 10.644531 1567439717.1993
CHLD 5 10.726562 1567439717.1993
CHLD 6 10.695312 1567439717.1994
CHLD 7 10.722656 1567439717.1994
MEM 1136.738281 1567439717.2999
CHLD 0 1106.453125 1567439717.3487
CHLD 1 1087.281250 1567439717.3488
CHLD 2 1063.640625 1567439717.3488
CHLD 3 1048.238281 1567439717.3489
CHLD 4 10.644531 1567439717.3490
CHLD 5 10.726562 1567439717.3490
CHLD 6 10.695312 1567439717.3491
CHLD 7 10.722656 1567439717.3491
MEM 1136.738281 1567439717.4496
CHLD 0 1106.453125 1567439717.4721
CHLD 1 1087.539062 1567439717.4722
CHLD 2 1064.128906 1567439717.4722
CHLD 3 1052.351562 1567439717.4723
CHLD 4 10.644531 1567439717.4723
CHLD 5 10.726562 1567439717.4724
CHLD 6 10.695312 1567439717.4724
CHLD 7 10.722656 1567439717.4725
MEM 1136.738281 1567439717.5730
CHLD 0 1106.453125 1567439717.5992
CHLD 1 1087.539062 1567439717.5993
CHLD 2 1072.531250 1567439717.5994
CHLD 3 1053.816406 1567439717.5994
CHLD 4 10.644531 1567439717.5995
CHLD 5 10.726562 1567439717.5996
CHLD 6 10.695312 1567439717.5996
CHLD 7 10.722656 1567439717.5997
MEM 1136.738281 1567439717.7001
CHLD 0 1106.453125 1567439717.7390
CHLD 1 1087.539062 1567439717.7391
CHLD 2 1075.828125 1567439717.7391
CHLD 3 1054.320312 1567439717.7391
CHLD 4 10.644531 1567439717.7392
CHLD 5 10.726562 1567439717.7392
CHLD 6 10.695312 1567439717.7392
CHLD 7 10.722656 1567439717.7393
MEM 1136.738281 1567439717.8397
CHLD 0 1106.453125 1567439717.8656
CHLD 1 1087.539062 1567439717.8657
CHLD 2 1075.828125 1567439717.8658
CHLD 3 1056.460938 1567439717.8659
CHLD 4 10.644531 1567439717.8659
CHLD 5 10.726562 1567439717.8660
CHLD 6 10.695312 1567439717.8660
CHLD 7 10.722656 1567439717.8661
MEM 1136.738281 1567439717.9671
CHLD 0 1106.453125 1567439718.0108
CHLD 1 1087.539062 1567439718.0109
CHLD 2 1077.328125 1567439718.0109
CHLD 3 1059.738281 1567439718.0109
CHLD 4 10.644531 1567439718.0110
CHLD 5 10.726562 1567439718.0110
CHLD 6 10.695312 1567439718.0110
CHLD 7 10.722656 1567439718.0111
MEM 1136.738281 1567439718.1122
CHLD 0 1106.453125 1567439718.1586
CHLD 1 1087.796875 1567439718.1586
CHLD 2 1077.960938 1567439718.1590
CHLD 3 1060.605469 1567439718.1591
CHLD 4 10.644531 1567439718.1592
CHLD 5 10.726562 1567439718.1592
CHLD 6 10.695312 1567439718.1612
CHLD 7 10.722656 1567439718.1613
MEM 1136.738281 1567439718.2620
CHLD 0 1106.453125 1567439718.2841
CHLD 1 1087.796875 1567439718.2842
CHLD 2 1078.761719 1567439718.2843
CHLD 3 1068.093750 1567439718.2843
CHLD 4 10.644531 1567439718.2844
CHLD 5 10.726562 1567439718.2844
CHLD 6 10.695312 1567439718.2844
CHLD 7 10.722656 1567439718.2845
MEM 1136.738281 1567439718.3946
CHLD 0 1106.453125 1567439718.4522
CHLD 1 1087.796875 1567439718.4523
CHLD 2 1079.203125 1567439718.4524
CHLD 3 1071.542969 1567439718.4524
CHLD 4 10.644531 1567439718.4525
CHLD 5 10.726562 1567439718.4525
CHLD 6 10.695312 1567439718.4526
CHLD 7 10.722656 1567439718.4527
MEM 1136.738281 1567439718.5531
CHLD 0 1106.453125 1567439718.6073
CHLD 1 1087.796875 1567439718.6074
CHLD 2 1079.203125 1567439718.6074
CHLD 3 1073.843750 1567439718.6075
CHLD 4 10.644531 1567439718.6092
CHLD 5 10.726562 1567439718.6093
CHLD 6 10.695312 1567439718.6094
CHLD 7 10.722656 1567439718.6094
MEM 1136.738281 1567439718.7099
CHLD 0 1106.453125 1567439718.7237
CHLD 1 1087.796875 1567439718.7238
CHLD 2 1082.039062 1567439718.7238
CHLD 3 1074.632812 1567439718.7239
CHLD 4 10.644531 1567439718.7239
CHLD 5 10.726562 1567439718.7240
CHLD 6 10.695312 1567439718.7240
CHLD 7 10.722656 1567439718.7241
MEM 1136.738281 1567439718.8245
CHLD 0 1106.453125 1567439718.8387
CHLD 1 1087.796875 1567439718.8388
CHLD 2 1082.039062 1567439718.8388
CHLD 3 1074.832031 1567439718.8389
CHLD 4 10.644531 1567439718.8389
CHLD 5 10.726562 1567439718.8390
CHLD 6 10.695312 1567439718.8390
CHLD 7 10.722656 1567439718.8391
MEM 1136.738281 1567439718.9395
CHLD 0 1106.453125 1567439718.9643
CHLD 1 1087.796875 1567439718.9643
CHLD 2 1082.039062 1567439718.9644
CHLD 3 1078.839844 1567439718.9644
CHLD 4 10.644531 1567439718.9645
CHLD 5 10.726562 1567439718.9646
CHLD 6 10.695312 1567439718.9646
CHLD 7 10.722656 1567439718.9647
MEM 1136.738281 1567439719.0656
CHLD 0 1106.453125 1567439719.0879
CHLD 1 1087.796875 1567439719.0879
CHLD 2 1096.464844 1567439719.0880
CHLD 3 1088.203125 1567439719.0881
CHLD 4 10.644531 1567439719.0881
CHLD 5 10.726562 1567439719.0882
CHLD 6 10.695312 1567439719.0882
CHLD 7 10.722656 1567439719.0883
MEM 1136.738281 1567439719.1890
CHLD 0 1106.453125 1567439719.2139
CHLD 1 1087.796875 1567439719.2142
CHLD 2 1101.105469 1567439719.2144
CHLD 3 1091.761719 1567439719.2145
CHLD 4 10.644531 1567439719.2146
CHLD 5 10.726562 1567439719.2146
CHLD 6 10.695312 1567439719.2147
CHLD 7 10.722656 1567439719.2148
MEM 1136.738281 1567439719.3152
CHLD 0 1106.453125 1567439719.3492
CHLD 1 1087.796875 1567439719.3492
CHLD 2 1102.652344 1567439719.3493
CHLD 3 1092.019531 1567439719.3496
CHLD 4 10.644531 1567439719.3497
CHLD 5 10.726562 1567439719.3498
CHLD 6 10.695312 1567439719.3498
CHLD 7 10.722656 1567439719.3499
MEM 1136.738281 1567439719.4504
CHLD 0 1106.453125 1567439719.4727
CHLD 1 1087.796875 1567439719.4728
CHLD 2 1102.652344 1567439719.4729
CHLD 3 1092.019531 1567439719.4729
CHLD 4 10.644531 1567439719.4730
CHLD 5 10.726562 1567439719.4730
CHLD 6 10.695312 1567439719.4731
CHLD 7 10.722656 1567439719.4732
MEM 1136.738281 1567439719.5738
CHLD 0 1106.453125 1567439719.6010
CHLD 1 1087.796875 1567439719.6011
CHLD 2 1103.167969 1567439719.6011
CHLD 3 1092.019531 1567439719.6012
CHLD 4 10.644531 1567439719.6013
CHLD 5 10.726562 1567439719.6013
CHLD 6 10.695312 1567439719.6014
CHLD 7 10.722656 1567439719.6014
MEM 1136.738281 1567439719.7018
CHLD 0 1106.453125 1567439719.7170
CHLD 1 1087.796875 1567439719.7171
CHLD 2 1103.167969 1567439719.7172
CHLD 3 1092.019531 1567439719.7172
CHLD 4 10.644531 1567439719.7173
CHLD 5 10.726562 1567439719.7173
CHLD 6 10.695312 1567439719.7174
CHLD 7 10.722656 1567439719.7174
MEM 1136.738281 1567439719.8180
CHLD 0 1106.453125 1567439719.8525
CHLD 1 1087.796875 1567439719.8526
CHLD 2 1103.167969 1567439719.8526
CHLD 3 1092.019531 1567439719.8527
CHLD 4 10.644531 1567439719.8528
CHLD 5 10.726562 1567439719.8528
CHLD 6 10.695312 1567439719.8529
CHLD 7 10.722656 1567439719.8530
MEM 1136.738281 1567439719.9539
CHLD 0 1106.453125 1567439719.9697
CHLD 1 1087.796875 1567439719.9697
CHLD 2 1103.683594 1567439719.9698
CHLD 3 1092.019531 1567439719.9699
CHLD 4 10.644531 1567439719.9700
CHLD 5 10.726562 1567439719.9710
CHLD 6 10.695312 1567439719.9711
CHLD 7 10.722656 1567439719.9728
MEM 1136.738281 1567439720.0733
CHLD 0 1106.453125 1567439720.1096
CHLD 1 1087.796875 1567439720.1099
CHLD 2 1103.683594 1567439720.1100
CHLD 3 1092.019531 1567439720.1101
CHLD 4 10.644531 1567439720.1102
CHLD 5 10.726562 1567439720.1103
CHLD 6 10.695312 1567439720.1103
CHLD 7 10.722656 1567439720.1104
MEM 1136.738281 1567439720.2109
CHLD 0 1106.453125 1567439720.2311
CHLD 1 1087.796875 1567439720.2312
CHLD 2 1103.683594 1567439720.2313
CHLD 3 1092.277344 1567439720.2313
CHLD 4 10.644531 1567439720.2314
CHLD 5 10.726562 1567439720.2314
CHLD 6 10.695312 1567439720.2315
CHLD 7 10.722656 1567439720.2316
MEM 1136.738281 1567439720.3440
CHLD 0 1106.453125 1567439720.3878
CHLD 1 1087.796875 1567439720.3879
CHLD 2 1103.683594 1567439720.3880
CHLD 3 1092.277344 1567439720.3880
CHLD 4 10.644531 1567439720.3881
CHLD 5 10.726562 1567439720.3882
CHLD 6 10.695312 1567439720.3882
CHLD 7 10.722656 1567439720.3883
MEM 1136.738281 1567439720.4888
CHLD 0 1106.453125 1567439720.5212
CHLD 1 1087.796875 1567439720.5213
CHLD 2 1103.683594 1567439720.5213
CHLD 3 1092.277344 1567439720.5214
CHLD 4 10.644531 1567439720.5214
CHLD 5 10.726562 1567439720.5215
CHLD 6 10.695312 1567439720.5216
CHLD 7 10.722656 1567439720.5216
MEM 1136.738281 1567439720.6226
CHLD 0 1106.453125 1567439720.6727
CHLD 1 1087.796875 1567439720.6728
CHLD 2 1104.199219 1567439720.6728
CHLD 3 1093.308594 1567439720.6729
CHLD 4 10.644531 1567439720.6729
CHLD 5 10.726562 1567439720.6730
CHLD 6 10.695312 1567439720.6731
CHLD 7 10.722656 1567439720.6731
MEM 1136.738281 1567439720.7736
CHLD 0 1106.453125 1567439720.8210
CHLD 1 1087.796875 1567439720.8211
CHLD 2 1104.199219 1567439720.8212
CHLD 3 1093.308594 1567439720.8212
CHLD 4 10.644531 1567439720.8213
CHLD 5 10.726562 1567439720.8213
CHLD 6 10.695312 1567439720.8214
CHLD 7 10.722656 1567439720.8215
MEM 1136.738281 1567439720.9219
CHLD 0 1106.453125 1567439720.9784
CHLD 1 1087.796875 1567439720.9784
CHLD 2 1104.199219 1567439720.9785
CHLD 3 1093.308594 1567439720.9786
CHLD 4 10.644531 1567439720.9786
CHLD 5 10.726562 1567439720.9787
CHLD 6 10.695312 1567439720.9787
CHLD 7 10.722656 1567439720.9788
MEM 1136.738281 1567439721.0796
CHLD 0 1106.453125 1567439721.1146
CHLD 1 1087.796875 1567439721.1147
CHLD 2 1104.968750 1567439721.1147
CHLD 3 1093.308594 1567439721.1148
CHLD 4 10.644531 1567439721.1148
CHLD 5 10.726562 1567439721.1149
CHLD 6 10.695312 1567439721.1149
CHLD 7 10.722656 1567439721.1150
MEM 1136.738281 1567439721.2154
CHLD 0 1106.453125 1567439721.2581
CHLD 1 1087.796875 1567439721.2581
CHLD 2 1105.484375 1567439721.2582
CHLD 3 1093.308594 1567439721.2582
CHLD 4 10.644531 1567439721.2583
CHLD 5 10.726562 1567439721.2584
CHLD 6 10.695312 1567439721.2584
CHLD 7 10.722656 1567439721.2585
MEM 1136.738281 1567439721.3589
CHLD 0 1106.453125 1567439721.4108
CHLD 1 1087.796875 1567439721.4109
CHLD 2 1105.484375 1567439721.4109
CHLD 3 1093.308594 1567439721.4110
CHLD 4 10.644531 1567439721.4110
CHLD 5 10.726562 1567439721.4111
CHLD 6 10.695312 1567439721.4111
CHLD 7 10.722656 1567439721.4112
MEM 1136.738281 1567439721.5116
CHLD 0 1106.453125 1567439721.5649
CHLD 1 1088.308594 1567439721.5650
CHLD 2 1105.484375 1567439721.5650
CHLD 3 1093.308594 1567439721.5651
CHLD 4 10.644531 1567439721.5652
CHLD 5 10.726562 1567439721.5652
CHLD 6 10.695312 1567439721.5653
CHLD 7 10.722656 1567439721.5654
MEM 1136.738281 1567439721.6658
CHLD 0 1106.453125 1567439721.6805
CHLD 1 1088.308594 1567439721.6806
CHLD 2 1106.000000 1567439721.6807
CHLD 3 1093.308594 1567439721.6807
CHLD 4 10.644531 1567439721.6808
CHLD 5 10.726562 1567439721.6808
CHLD 6 10.695312 1567439721.6809
CHLD 7 10.722656 1567439721.6809
MEM 1136.738281 1567439721.7814
CHLD 0 1106.453125 1567439721.8223
CHLD 1 1088.308594 1567439721.8224
CHLD 2 1106.000000 1567439721.8225
CHLD 3 1093.308594 1567439721.8226
CHLD 4 10.644531 1567439721.8226
CHLD 5 10.726562 1567439721.8227
CHLD 6 10.695312 1567439721.8227
CHLD 7 10.722656 1567439721.8228
MEM 1136.738281 1567439721.9232
CHLD 0 1106.453125 1567439721.9559
CHLD 1 1088.308594 1567439721.9560
CHLD 2 1106.000000 1567439721.9560
CHLD 3 1093.566406 1567439721.9561
CHLD 4 10.644531 1567439721.9562
CHLD 5 10.726562 1567439721.9562
CHLD 6 10.695312 1567439721.9563
CHLD 7 10.722656 1567439721.9563
MEM 1136.738281 1567439722.0575
CHLD 0 1106.453125 1567439722.0744
CHLD 1 1088.308594 1567439722.0745
CHLD 2 1106.257812 1567439722.0745
CHLD 3 1093.566406 1567439722.0746
CHLD 4 10.644531 1567439722.0747
CHLD 5 10.726562 1567439722.0747
CHLD 6 10.695312 1567439722.0748
CHLD 7 10.722656 1567439722.0748
MEM 1136.738281 1567439722.1752
CHLD 0 1106.453125 1567439722.1962
CHLD 1 1088.308594 1567439722.1963
CHLD 2 1106.257812 1567439722.1963
CHLD 3 1093.566406 1567439722.1964
CHLD 4 10.644531 1567439722.1965
CHLD 5 10.726562 1567439722.1965
CHLD 6 10.695312 1567439722.1966
CHLD 7 10.722656 1567439722.1967
MEM 1136.738281 1567439722.2978
CHLD 0 1106.453125 1567439722.3313
CHLD 1 1089.339844 1567439722.3313
CHLD 2 1106.257812 1567439722.3314
CHLD 3 1093.566406 1567439722.3314
CHLD 4 10.644531 1567439722.3315
CHLD 5 10.726562 1567439722.3316
CHLD 6 10.695312 1567439722.3316
CHLD 7 10.722656 1567439722.3317
MEM 1136.738281 1567439722.4321
CHLD 0 1106.453125 1567439722.4559
CHLD 1 1089.339844 1567439722.4561
CHLD 2 1106.515625 1567439722.4561
CHLD 3 1093.566406 1567439722.4562
CHLD 4 10.644531 1567439722.4563
CHLD 5 10.726562 1567439722.4563
CHLD 6 10.695312 1567439722.4563
CHLD 7 10.722656 1567439722.4564
MEM 1136.738281 1567439722.5568
CHLD 0 1106.453125 1567439722.5735
CHLD 1 1089.339844 1567439722.5736
CHLD 2 1106.515625 1567439722.5737
CHLD 3 1093.566406 1567439722.5737
CHLD 4 10.644531 1567439722.5738
CHLD 5 10.726562 1567439722.5738
CHLD 6 10.695312 1567439722.5752
CHLD 7 10.722656 1567439722.5753
MEM 1136.738281 1567439722.6759
CHLD 0 1106.453125 1567439722.7340
CHLD 1 1089.339844 1567439722.7341
CHLD 2 1106.515625 1567439722.7342
CHLD 3 1093.566406 1567439722.7342
CHLD 4 10.644531 1567439722.7404
CHLD 5 10.726562 1567439722.7405
CHLD 6 10.695312 1567439722.7406
CHLD 7 10.722656 1567439722.7407
MEM 1136.738281 1567439722.8416
CHLD 0 1106.453125 1567439722.9103
CHLD 1 1089.339844 1567439722.9104
CHLD 2 1106.773438 1567439722.9104
CHLD 3 1093.566406 1567439722.9105
CHLD 4 10.644531 1567439722.9105
CHLD 5 10.726562 1567439722.9106
CHLD 6 10.695312 1567439722.9107
CHLD 7 10.722656 1567439722.9108
MEM 1136.738281 1567439723.0141
CHLD 0 1106.453125 1567439723.0586
CHLD 1 1089.339844 1567439723.0586
CHLD 2 1106.773438 1567439723.0587
CHLD 3 1093.566406 1567439723.0588
CHLD 4 10.644531 1567439723.0588
CHLD 5 10.726562 1567439723.0589
CHLD 6 10.695312 1567439723.0590
CHLD 7 10.722656 1567439723.0590
MEM 1136.738281 1567439723.1594
CHLD 0 1106.453125 1567439723.1787
CHLD 1 1089.339844 1567439723.1788
CHLD 2 1106.773438 1567439723.1789
CHLD 3 1093.566406 1567439723.1789
CHLD 4 10.644531 1567439723.1790
CHLD 5 10.726562 1567439723.1790
CHLD 6 10.695312 1567439723.1791
CHLD 7 10.722656 1567439723.1792
MEM 1136.738281 1567439723.2801
CHLD 0 1106.453125 1567439723.3165
CHLD 1 1089.339844 1567439723.3167
CHLD 2 1106.773438 1567439723.3167
CHLD 3 1093.566406 1567439723.3168
CHLD 4 10.644531 1567439723.3169
CHLD 5 10.726562 1567439723.3169
CHLD 6 10.695312 1567439723.3170
CHLD 7 10.722656 1567439723.3170
MEM 1136.738281 1567439723.4176
CHLD 0 1106.453125 1567439723.4335
CHLD 1 1089.339844 1567439723.4335
CHLD 2 1106.773438 1567439723.4336
CHLD 3 1093.566406 1567439723.4337
CHLD 4 10.644531 1567439723.4337
CHLD 5 10.726562 1567439723.4338
CHLD 6 10.695312 1567439723.4338
CHLD 7 10.722656 1567439723.4339
MEM 1136.738281 1567439723.5344
CHLD 0 1106.453125 1567439723.5617
CHLD 1 1089.339844 1567439723.5617
CHLD 2 1107.289062 1567439723.5618
CHLD 3 1093.566406 1567439723.5619
CHLD 4 10.644531 1567439723.5619
CHLD 5 10.726562 1567439723.5620
CHLD 6 10.695312 1567439723.5620
CHLD 7 10.722656 1567439723.5621
MEM 1136.738281 1567439723.6626
CHLD 0 1106.453125 1567439723.6931
CHLD 1 1089.339844 1567439723.6932
CHLD 2 1107.289062 1567439723.6933
CHLD 3 1093.566406 1567439723.6933
CHLD 4 10.644531 1567439723.6934
CHLD 5 10.726562 1567439723.6935
CHLD 6 10.695312 1567439723.6935
CHLD 7 10.722656 1567439723.6936
MEM 1136.738281 1567439723.7941
CHLD 0 1106.453125 1567439723.8402
CHLD 1 1089.339844 1567439723.8402
CHLD 2 1107.289062 1567439723.8403
CHLD 3 1093.566406 1567439723.8403
CHLD 4 10.644531 1567439723.8404
CHLD 5 10.726562 1567439723.8404
CHLD 6 10.695312 1567439723.8405
CHLD 7 10.722656 1567439723.8406
MEM 1136.738281 1567439723.9410
CHLD 0 1106.453125 1567439723.9789
CHLD 1 1089.339844 1567439723.9790
CHLD 2 1107.289062 1567439723.9790
CHLD 3 1093.566406 1567439723.9791
CHLD 4 10.644531 1567439723.9791
CHLD 5 10.726562 1567439723.9792
CHLD 6 10.695312 1567439723.9896
CHLD 7 10.722656 1567439723.9898
MEM 1136.738281 1567439724.0902
CHLD 0 1106.453125 1567439724.1226
CHLD 1 1090.863281 1567439724.1227
CHLD 2 1107.546875 1567439724.1227
CHLD 3 1093.566406 1567439724.1228
CHLD 4 10.644531 1567439724.1228
CHLD 5 10.726562 1567439724.1229
CHLD 6 10.695312 1567439724.1230
CHLD 7 10.722656 1567439724.1230
MEM 1136.738281 1567439724.2235
CHLD 0 1106.453125 1567439724.2688
CHLD 1 1090.863281 1567439724.2688
CHLD 2 1107.546875 1567439724.2689
CHLD 3 1093.566406 1567439724.2689
CHLD 4 10.644531 1567439724.2690
CHLD 5 10.726562 1567439724.2691
CHLD 6 10.695312 1567439724.2691
CHLD 7 10.722656 1567439724.2692
MEM 1136.738281 1567439724.3697
CHLD 0 1106.453125 1567439724.4003
CHLD 1 1090.863281 1567439724.4004
CHLD 2 1107.546875 1567439724.4005
CHLD 3 1093.566406 1567439724.4005
CHLD 4 10.644531 1567439724.4006
CHLD 5 10.726562 1567439724.4007
CHLD 6 10.695312 1567439724.4007
CHLD 7 10.722656 1567439724.4008
MEM 1136.738281 1567439724.5016
CHLD 0 1106.453125 1567439724.5283
CHLD 1 1090.863281 1567439724.5284
CHLD 2 1107.546875 1567439724.5284
CHLD 3 1093.566406 1567439724.5285
CHLD 4 10.644531 1567439724.5285
CHLD 5 10.726562 1567439724.5286
CHLD 6 10.695312 1567439724.5286
CHLD 7 10.722656 1567439724.5287
MEM 1136.738281 1567439724.6291
CHLD 0 1130.800781 1567439724.6657
CHLD 1 1090.863281 1567439724.6659
CHLD 2 1107.546875 1567439724.6660
CHLD 3 1093.566406 1567439724.6660
CHLD 4 10.644531 1567439724.6661
CHLD 5 10.726562 1567439724.6662
CHLD 6 10.695312 1567439724.6663
CHLD 7 10.722656 1567439724.6663
MEM 1136.738281 1567439724.7732
CHLD 0 1156.582031 1567439724.7969
CHLD 1 1091.113281 1567439724.7969
CHLD 2 1108.062500 1567439724.7970
CHLD 3 1094.082031 1567439724.7971
CHLD 4 10.644531 1567439724.7971
CHLD 5 10.726562 1567439724.7972
CHLD 6 10.695312 1567439724.7972
CHLD 7 10.722656 1567439724.7973
MEM 1136.738281 1567439724.8977
CHLD 0 1180.558594 1567439724.9194
CHLD 1 1091.371094 1567439724.9194
CHLD 2 1108.062500 1567439724.9195
CHLD 3 1094.082031 1567439724.9196
CHLD 4 10.644531 1567439724.9197
CHLD 5 10.726562 1567439724.9197
CHLD 6 10.695312 1567439724.9198
CHLD 7 10.722656 1567439724.9198
MEM 1136.738281 1567439725.0203
CHLD 0 1207.371094 1567439725.0430
CHLD 1 1091.371094 1567439725.0431
CHLD 2 1108.062500 1567439725.0431
CHLD 3 1094.082031 1567439725.0432
CHLD 4 10.644531 1567439725.0432
CHLD 5 10.726562 1567439725.0433
CHLD 6 10.695312 1567439725.0433
CHLD 7 10.722656 1567439725.0434
MEM 1136.738281 1567439725.1438
CHLD 0 1250.167969 1567439725.1802
CHLD 1 1091.371094 1567439725.1802
CHLD 2 1108.062500 1567439725.1803
CHLD 3 1094.082031 1567439725.1804
CHLD 4 10.644531 1567439725.1804
CHLD 5 10.726562 1567439725.1805
CHLD 6 10.695312 1567439725.1806
CHLD 7 10.722656 1567439725.1806
MEM 1136.738281 1567439725.2830
CHLD 0 1337.308594 1567439725.3274
CHLD 1 1091.371094 1567439725.3276
CHLD 2 1108.578125 1567439725.3276
CHLD 3 1094.082031 1567439725.3277
CHLD 4 10.644531 1567439725.3278
CHLD 5 10.726562 1567439725.3278
CHLD 6 10.695312 1567439725.3279
CHLD 7 10.722656 1567439725.3279
MEM 1136.738281 1567439725.4284
CHLD 0 1411.300781 1567439725.4804
CHLD 1 1091.371094 1567439725.4804
CHLD 2 1108.578125 1567439725.4805
CHLD 3 1094.855469 1567439725.4806
CHLD 4 10.644531 1567439725.4806
CHLD 5 10.726562 1567439725.4827
CHLD 6 10.695312 1567439725.4828
CHLD 7 10.722656 1567439725.4828
MEM 1136.738281 1567439725.5832
CHLD 0 1469.566406 1567439725.6199
CHLD 1 1091.371094 1567439725.6200
CHLD 2 1108.578125 1567439725.6201
CHLD 3 1094.855469 1567439725.6201
CHLD 4 10.644531 1567439725.6202
CHLD 5 10.726562 1567439725.6203
CHLD 6 10.695312 1567439725.6203
CHLD 7 10.722656 1567439725.6204
MEM 1136.738281 1567439725.7209
CHLD 0 1496.894531 1567439725.7634
CHLD 1 1091.371094 1567439725.7635
CHLD 2 1108.578125 1567439725.7636
CHLD 3 1094.855469 1567439725.7636
CHLD 4 10.644531 1567439725.7637
CHLD 5 10.726562 1567439725.7637
CHLD 6 10.695312 1567439725.7638
CHLD 7 10.722656 1567439725.7639
MEM 1136.738281 1567439725.8643
CHLD 0 1522.160156 1567439725.8828
CHLD 1 1091.371094 1567439725.8828
CHLD 2 1108.578125 1567439725.8829
CHLD 3 1094.855469 1567439725.8829
CHLD 4 10.644531 1567439725.8830
CHLD 5 10.726562 1567439725.8831
CHLD 6 10.695312 1567439725.8831
CHLD 7 10.722656 1567439725.8832
MEM 719.988281 1567439725.9837
CHLD 0 1584.550781 1567439726.0083
CHLD 1 1091.371094 1567439726.0084
CHLD 2 1108.835938 1567439726.0084
CHLD 3 1094.855469 1567439726.0085
CHLD 4 10.644531 1567439726.0085
CHLD 5 10.726562 1567439726.0086
CHLD 6 10.695312 1567439726.0087
CHLD 7 10.722656 1567439726.0087
MEM 766.394531 1567439726.1094
CHLD 0 1619.613281 1567439726.1279
CHLD 1 1091.816406 1567439726.1279
CHLD 2 1108.835938 1567439726.1280
CHLD 3 1094.855469 1567439726.1280
CHLD 4 10.644531 1567439726.1280
CHLD 5 10.726562 1567439726.1281
CHLD 6 10.695312 1567439726.1281
CHLD 7 10.722656 1567439726.1281
MEM 809.964844 1567439726.2286
CHLD 0 1768.886719 1567439726.2458
CHLD 1 1091.816406 1567439726.2459
CHLD 2 1108.835938 1567439726.2459
CHLD 3 1094.855469 1567439726.2460
CHLD 4 10.644531 1567439726.2460
CHLD 5 10.726562 1567439726.2461
CHLD 6 10.695312 1567439726.2462
CHLD 7 10.722656 1567439726.2462
MEM 888.082031 1567439726.3466
CHLD 0 1884.644531 1567439726.3757
CHLD 1 1091.816406 1567439726.3757
CHLD 2 1108.835938 1567439726.3758
CHLD 3 1094.855469 1567439726.3758
CHLD 4 10.644531 1567439726.3758
CHLD 5 10.726562 1567439726.3759
CHLD 6 10.695312 1567439726.3759
CHLD 7 10.722656 1567439726.3759
MEM 1036.839844 1567439726.4766
CHLD 0 1948.324219 1567439726.4941
CHLD 1 1091.816406 1567439726.4941
CHLD 2 1109.351562 1567439726.4942
CHLD 3 1094.855469 1567439726.4943
CHLD 4 10.644531 1567439726.4944
CHLD 5 10.726562 1567439726.4944
CHLD 6 10.695312 1567439726.4945
CHLD 7 10.722656 1567439726.4963
MEM 1143.832031 1567439726.5974
CHLD 0 1579.644531 1567439726.6122
CHLD 1 1091.816406 1567439726.6123
CHLD 2 1109.351562 1567439726.6123
CHLD 3 1094.855469 1567439726.6124
CHLD 4 10.644531 1567439726.6125
CHLD 5 10.726562 1567439726.6125
CHLD 6 10.695312 1567439726.6126
CHLD 7 10.722656 1567439726.6127
MEM 1282.792969 1567439726.7134
CHLD 0 1716.027344 1567439726.7599
CHLD 1 1091.816406 1567439726.7599
CHLD 2 1109.351562 1567439726.7600
CHLD 3 1094.855469 1567439726.7601
CHLD 4 10.644531 1567439726.7601
CHLD 5 10.726562 1567439726.7602
CHLD 6 10.695312 1567439726.7602
CHLD 7 10.722656 1567439726.7603
MEM 1425.363281 1567439726.8608
CHLD 0 1861.175781 1567439726.8789
CHLD 1 1091.816406 1567439726.8790
CHLD 2 1109.351562 1567439726.8790
CHLD 3 1094.855469 1567439726.8791
CHLD 4 10.644531 1567439726.8792
CHLD 5 10.726562 1567439726.8793
CHLD 6 10.695312 1567439726.8854
CHLD 7 10.722656 1567439726.8856
MEM 1550.433594 1567439726.9986
CHLD 0 1527.152344 1567439727.0280
CHLD 1 1091.816406 1567439727.0280
CHLD 2 1109.351562 1567439727.0281
CHLD 3 1094.855469 1567439727.0282
CHLD 4 10.644531 1567439727.0282
CHLD 5 10.726562 1567439727.0283
CHLD 6 10.695312 1567439727.0283
CHLD 7 10.722656 1567439727.0284
MEM 1136.753906 1567439727.1288
CHLD 0 1527.394531 1567439727.1660
CHLD 1 1137.878906 1567439727.1661
CHLD 2 1109.351562 1567439727.1662
CHLD 3 1094.855469 1567439727.1663
CHLD 4 10.644531 1567439727.1664
CHLD 5 10.726562 1567439727.1665
CHLD 6 10.695312 1567439727.1665
CHLD 7 10.722656 1567439727.1666
MEM 1136.753906 1567439727.2670
CHLD 0 1527.906250 1567439727.2826
CHLD 1 1183.253906 1567439727.2827
CHLD 2 1109.351562 1567439727.2828
CHLD 3 1094.855469 1567439727.2828
CHLD 4 10.644531 1567439727.2829
CHLD 5 10.726562 1567439727.2829
CHLD 6 10.695312 1567439727.2830
CHLD 7 10.722656 1567439727.2831
MEM 1136.753906 1567439727.3841
CHLD 0 1528.152344 1567439727.4027
CHLD 1 1275.035156 1567439727.4027
CHLD 2 1109.351562 1567439727.4028
CHLD 3 1094.855469 1567439727.4028
CHLD 4 10.644531 1567439727.4057
CHLD 5 10.726562 1567439727.4058
CHLD 6 10.695312 1567439727.4059
CHLD 7 10.722656 1567439727.4212
MEM 1136.753906 1567439727.5216
CHLD 0 1528.664062 1567439727.5338
CHLD 1 1342.324219 1567439727.5338
CHLD 2 1110.765625 1567439727.5339
CHLD 3 1094.855469 1567439727.5340
CHLD 4 10.644531 1567439727.5340
CHLD 5 10.726562 1567439727.5341
CHLD 6 10.695312 1567439727.5342
CHLD 7 10.722656 1567439727.5342
MEM 1136.753906 1567439727.6347
CHLD 0 1529.179688 1567439727.6574
CHLD 1 1393.628906 1567439727.6575
CHLD 2 1110.765625 1567439727.6576
CHLD 3 1094.855469 1567439727.6576
CHLD 4 10.644531 1567439727.6579
CHLD 5 10.726562 1567439727.6579
CHLD 6 10.695312 1567439727.6580
CHLD 7 10.722656 1567439727.6581
MEM 1136.753906 1567439727.7587
CHLD 0 1529.652344 1567439727.8003
CHLD 1 1440.035156 1567439727.8003
CHLD 2 1110.765625 1567439727.8004
CHLD 3 1094.855469 1567439727.8005
CHLD 4 10.644531 1567439727.8006
CHLD 5 10.726562 1567439727.8006
CHLD 6 10.695312 1567439727.8007
CHLD 7 10.722656 1567439727.8008
MEM 1136.753906 1567439727.9012
CHLD 0 1529.906250 1567439727.9831
CHLD 1 1527.949219 1567439727.9832
CHLD 2 1110.765625 1567439727.9833
CHLD 3 1094.855469 1567439727.9834
CHLD 4 10.644531 1567439727.9835
CHLD 5 10.726562 1567439727.9836
CHLD 6 10.695312 1567439727.9836
CHLD 7 10.722656 1567439727.9837
MEM 763.574219 1567439728.0852
CHLD 0 1530.164062 1567439728.1290
CHLD 1 1609.417969 1567439728.1292
CHLD 2 1110.765625 1567439728.1293
CHLD 3 1094.855469 1567439728.1294
CHLD 4 10.644531 1567439728.1332
CHLD 5 10.726562 1567439728.1333
CHLD 6 10.695312 1567439728.1334
CHLD 7 10.722656 1567439728.1335
MEM 899.441406 1567439728.2347
CHLD 0 1530.859375 1567439728.2746
CHLD 1 1703.261719 1567439728.2747
CHLD 2 1110.765625 1567439728.2747
CHLD 3 1094.855469 1567439728.2748
CHLD 4 10.644531 1567439728.2749
CHLD 5 10.726562 1567439728.2750
CHLD 6 10.695312 1567439728.2750
CHLD 7 10.722656 1567439728.2751
MEM 1018.035156 1567439728.3756
CHLD 0 1533.433594 1567439728.4308
CHLD 1 1902.292969 1567439728.4309
CHLD 2 1110.765625 1567439728.4309
CHLD 3 1095.113281 1567439728.4310
CHLD 4 10.644531 1567439728.4311
CHLD 5 10.726562 1567439728.4311
CHLD 6 10.695312 1567439728.4312
CHLD 7 10.722656 1567439728.4313
MEM 1139.207031 1567439728.5320
CHLD 0 1533.691406 1567439728.5651
CHLD 1 1560.378906 1567439728.5652
CHLD 2 1110.765625 1567439728.5653
CHLD 3 1095.113281 1567439728.5653
CHLD 4 10.644531 1567439728.5654
CHLD 5 10.726562 1567439728.5654
CHLD 6 10.695312 1567439728.5655
CHLD 7 10.722656 1567439728.5656
MEM 1241.042969 1567439728.6661
CHLD 0 1537.042969 1567439728.6980
CHLD 1 1646.230469 1567439728.6980
CHLD 2 1110.765625 1567439728.6981
CHLD 3 1095.113281 1567439728.6982
CHLD 4 10.644531 1567439728.6982
CHLD 5 10.726562 1567439728.6983
CHLD 6 10.695312 1567439728.6984
CHLD 7 10.722656 1567439728.6985
MEM 1318.386719 1567439728.7990
CHLD 0 1537.042969 1567439728.8313
CHLD 1 1788.285156 1567439728.8314
CHLD 2 1110.765625 1567439728.8315
CHLD 3 1095.113281 1567439728.8316
CHLD 4 10.644531 1567439728.8316
CHLD 5 10.726562 1567439728.8317
CHLD 6 10.695312 1567439728.8318
CHLD 7 10.722656 1567439728.8318
MEM 1419.449219 1567439728.9324
CHLD 0 1537.816406 1567439728.9453
CHLD 1 1903.011719 1567439728.9454
CHLD 2 1110.765625 1567439728.9454
CHLD 3 1095.113281 1567439728.9454
CHLD 4 10.644531 1567439728.9455
CHLD 5 10.726562 1567439728.9455
CHLD 6 10.695312 1567439728.9455
CHLD 7 10.722656 1567439728.9456
MEM 1513.582031 1567439729.0464
CHLD 0 1539.996094 1567439729.0701
CHLD 1 1511.933594 1567439729.0702
CHLD 2 1110.765625 1567439729.0738
CHLD 3 1095.113281 1567439729.0790
CHLD 4 10.644531 1567439729.0823
CHLD 5 10.726562 1567439729.0860
CHLD 6 10.695312 1567439729.0862
CHLD 7 10.722656 1567439729.0862
MEM 1136.765625 1567439729.1866
CHLD 0 1541.027344 1567439729.2190
CHLD 1 1512.433594 1567439729.2190
CHLD 2 1150.632812 1567439729.2191
CHLD 3 1095.304688 1567439729.2191
CHLD 4 10.644531 1567439729.2192
CHLD 5 10.726562 1567439729.2192
CHLD 6 10.695312 1567439729.2194
CHLD 7 10.722656 1567439729.2194
MEM 1136.765625 1567439729.3199
CHLD 0 1543.402344 1567439729.3425
CHLD 1 1512.949219 1567439729.3426
CHLD 2 1237.515625 1567439729.3426
CHLD 3 1095.304688 1567439729.3427
CHLD 4 10.644531 1567439729.3427
CHLD 5 10.726562 1567439729.3428
CHLD 6 10.695312 1567439729.3429
CHLD 7 10.722656 1567439729.3429
MEM 1136.765625 1567439729.4433
CHLD 0 1545.464844 1567439729.4598
CHLD 1 1513.203125 1567439729.4599
CHLD 2 1313.312500 1567439729.4600
CHLD 3 1095.304688 1567439729.4600
CHLD 4 10.644531 1567439729.4601
CHLD 5 10.726562 1567439729.4602
CHLD 6 10.695312 1567439729.4602
CHLD 7 10.722656 1567439729.4603
MEM 1136.765625 1567439729.5607
CHLD 0 1545.464844 1567439729.5816
CHLD 1 1513.851562 1567439729.5817
CHLD 2 1392.976562 1567439729.5818
CHLD 3 1095.304688 1567439729.5818
CHLD 4 10.644531 1567439729.5819
CHLD 5 10.726562 1567439729.5819
CHLD 6 10.695312 1567439729.5820
CHLD 7 10.722656 1567439729.5820
MEM 1136.765625 1567439729.6827
CHLD 0 1547.585938 1567439729.6991
CHLD 1 1514.363281 1567439729.6992
CHLD 2 1475.218750 1567439729.6992
CHLD 3 1095.304688 1567439729.6993
CHLD 4 10.644531 1567439729.6993
CHLD 5 10.726562 1567439729.6994
CHLD 6 10.695312 1567439729.6995
CHLD 7 10.722656 1567439729.6995
MEM 947.234375 1567439729.7999
CHLD 0 1547.585938 1567439729.8118
CHLD 1 1514.851562 1567439729.8119
CHLD 2 1565.453125 1567439729.8119
CHLD 3 1095.304688 1567439729.8120
CHLD 4 10.644531 1567439729.8121
CHLD 5 10.726562 1567439729.8121
CHLD 6 10.695312 1567439729.8122
CHLD 7 10.722656 1567439729.8122
MEM 764.617188 1567439729.9126
CHLD 0 1547.585938 1567439729.9354
CHLD 1 1515.351562 1567439729.9355
CHLD 2 1639.703125 1567439729.9355
CHLD 3 1095.304688 1567439729.9356
CHLD 4 10.644531 1567439729.9357
CHLD 5 10.726562 1567439729.9357
CHLD 6 10.695312 1567439729.9358
CHLD 7 10.722656 1567439729.9358
MEM 876.507812 1567439730.0363
CHLD 0 1547.585938 1567439730.0576
CHLD 1 1515.855469 1567439730.0576
CHLD 2 1759.328125 1567439730.0577
CHLD 3 1095.304688 1567439730.0578
CHLD 4 10.644531 1567439730.0578
CHLD 5 10.726562 1567439730.0579
CHLD 6 10.695312 1567439730.0580
CHLD 7 10.722656 1567439730.0580
MEM 961.843750 1567439730.1585
CHLD 0 1548.359375 1567439730.1902
CHLD 1 1518.167969 1567439730.1902
CHLD 2 1819.140625 1567439730.1903
CHLD 3 1095.304688 1567439730.1904
CHLD 4 10.644531 1567439730.1905
CHLD 5 10.726562 1567439730.1906
CHLD 6 10.695312 1567439730.1906
CHLD 7 10.722656 1567439730.1907
MEM 1002.062500 1567439730.2914
CHLD 0 1548.359375 1567439730.3617
CHLD 1 1520.230469 1567439730.3618
CHLD 2 1541.777344 1567439730.3619
CHLD 3 1095.304688 1567439730.3619
CHLD 4 10.644531 1567439730.3620
CHLD 5 10.726562 1567439730.3621
CHLD 6 10.695312 1567439730.3621
CHLD 7 10.722656 1567439730.3622
MEM 1099.515625 1567439730.4628
CHLD 0 1548.359375 1567439730.4845
CHLD 1 1522.292969 1567439730.4846
CHLD 2 1683.832031 1567439730.4847
CHLD 3 1095.304688 1567439730.4847
CHLD 4 10.644531 1567439730.4848
CHLD 5 10.726562 1567439730.4849
CHLD 6 10.695312 1567439730.4849
CHLD 7 10.722656 1567439730.4850
MEM 1197.226562 1567439730.5854
CHLD 0 1548.359375 1567439730.6073
CHLD 1 1522.292969 1567439730.6073
CHLD 2 1849.347656 1567439730.6074
CHLD 3 1095.304688 1567439730.6075
CHLD 4 10.644531 1567439730.6075
CHLD 5 10.726562 1567439730.6076
CHLD 6 10.695312 1567439730.6077
CHLD 7 10.722656 1567439730.6077
MEM 1333.867188 1567439730.7082
CHLD 0 1548.359375 1567439730.7274
CHLD 1 1522.292969 1567439730.7275
CHLD 2 1531.343750 1567439730.7275
CHLD 3 1095.304688 1567439730.7276
CHLD 4 10.644531 1567439730.7277
CHLD 5 10.726562 1567439730.7277
CHLD 6 10.695312 1567439730.7278
CHLD 7 10.722656 1567439730.7278
MEM 1472.859375 1567439730.8283
CHLD 0 1548.359375 1567439730.8418
CHLD 1 1524.097656 1567439730.8419
CHLD 2 1531.343750 1567439730.8419
CHLD 3 1095.304688 1567439730.8420
CHLD 4 10.644531 1567439730.8543
CHLD 5 10.726562 1567439730.8544
CHLD 6 10.695312 1567439730.8545
CHLD 7 10.722656 1567439730.8545
MEM 1136.765625 1567439730.9550
CHLD 0 1548.617188 1567439730.9702
CHLD 1 1524.097656 1567439730.9715
CHLD 2 1531.597656 1567439730.9717
CHLD 3 1128.867188 1567439730.9718
CHLD 4 10.644531 1567439730.9718
CHLD 5 10.726562 1567439730.9719
CHLD 6 10.695312 1567439730.9720
CHLD 7 10.722656 1567439730.9721
MEM 1136.765625 1567439731.0726
CHLD 0 1548.617188 1567439731.0876
CHLD 1 1524.683594 1567439731.0877
CHLD 2 1531.855469 1567439731.0877
CHLD 3 1186.359375 1567439731.0878
CHLD 4 10.644531 1567439731.0878
CHLD 5 10.726562 1567439731.0879
CHLD 6 10.695312 1567439731.0879
CHLD 7 10.722656 1567439731.0880
MEM 1136.765625 1567439731.1884
CHLD 0 1548.617188 1567439731.2042
CHLD 1 1524.683594 1567439731.2043
CHLD 2 1532.343750 1567439731.2043
CHLD 3 1232.765625 1567439731.2044
CHLD 4 10.644531 1567439731.2045
CHLD 5 10.726562 1567439731.2045
CHLD 6 10.695312 1567439731.2046
CHLD 7 10.722656 1567439731.2047
MEM 1136.765625 1567439731.3051
CHLD 0 1548.617188 1567439731.3297
CHLD 1 1525.515625 1567439731.3298
CHLD 2 1532.597656 1567439731.3298
CHLD 3 1298.250000 1567439731.3299
CHLD 4 10.644531 1567439731.3299
CHLD 5 10.726562 1567439731.3300
CHLD 6 10.695312 1567439731.3300
CHLD 7 10.722656 1567439731.3300
MEM 1136.765625 1567439731.4305
CHLD 0 1549.679688 1567439731.4461
CHLD 1 1525.515625 1567439731.4462
CHLD 2 1532.851562 1567439731.4463
CHLD 3 1350.328125 1567439731.4472
CHLD 4 10.644531 1567439731.4472
CHLD 5 10.726562 1567439731.4473
CHLD 6 10.695312 1567439731.4474
CHLD 7 10.722656 1567439731.4475
MEM 1136.765625 1567439731.5479
CHLD 0 1549.679688 1567439731.5697
CHLD 1 1525.515625 1567439731.5698
CHLD 2 1533.109375 1567439731.5698
CHLD 3 1405.242188 1567439731.5699
CHLD 4 10.644531 1567439731.5772
CHLD 5 10.726562 1567439731.5775
CHLD 6 10.695312 1567439731.5775
CHLD 7 10.722656 1567439731.5776
MEM 1136.765625 1567439731.6780
CHLD 0 1549.679688 1567439731.7047
CHLD 1 1525.515625 1567439731.7047
CHLD 2 1533.621094 1567439731.7048
CHLD 3 1449.843750 1567439731.7048
CHLD 4 10.644531 1567439731.7049
CHLD 5 10.726562 1567439731.7050
CHLD 6 10.695312 1567439731.7050
CHLD 7 10.722656 1567439731.7051
MEM 1136.765625 1567439731.8055
CHLD 0 1549.679688 1567439731.8242
CHLD 1 1525.515625 1567439731.8242
CHLD 2 1533.843750 1567439731.8243
CHLD 3 1491.867188 1567439731.8244
CHLD 4 10.644531 1567439731.8244
CHLD 5 10.726562 1567439731.8245
CHLD 6 10.695312 1567439731.8245
CHLD 7 10.722656 1567439731.8246
MEM 1136.765625 1567439731.9250
CHLD 0 1549.679688 1567439731.9525
CHLD 1 1525.515625 1567439731.9526
CHLD 2 1534.593750 1567439731.9527
CHLD 3 1527.960938 1567439731.9527
CHLD 4 10.644531 1567439731.9528
CHLD 5 10.726562 1567439731.9528
CHLD 6 10.695312 1567439731.9529
CHLD 7 10.722656 1567439731.9530
MEM 715.378906 1567439732.0534
CHLD 0 1549.679688 1567439732.0716
CHLD 1 1525.515625 1567439732.0717
CHLD 2 1534.847656 1567439732.0717
CHLD 3 1622.835938 1567439732.0718
CHLD 4 10.644531 1567439732.0719
CHLD 5 10.726562 1567439732.0719
CHLD 6 10.695312 1567439732.0720
CHLD 7 10.722656 1567439732.0720
MEM 715.378906 1567439732.1725
CHLD 0 1549.679688 1567439732.1977
CHLD 1 1525.515625 1567439732.1978
CHLD 2 1536.394531 1567439732.1978
CHLD 3 1803.046875 1567439732.1978
CHLD 4 10.644531 1567439732.1979
CHLD 5 10.726562 1567439732.1979
CHLD 6 10.695312 1567439732.1979
CHLD 7 10.722656 1567439732.1980
MEM 715.378906 1567439732.2985
CHLD 0 1549.679688 1567439732.3385
CHLD 1 1525.515625 1567439732.3386
CHLD 2 1536.910156 1567439732.3386
CHLD 3 1542.429688 1567439732.3387
CHLD 4 10.644531 1567439732.3388
CHLD 5 10.726562 1567439732.3388
CHLD 6 10.695312 1567439732.3389
CHLD 7 10.722656 1567439732.3390
MEM 715.378906 1567439732.4394
CHLD 0 1549.679688 1567439732.4677
CHLD 1 1525.515625 1567439732.4678
CHLD 2 1538.457031 1567439732.4678
CHLD 3 1681.132812 1567439732.4679
CHLD 4 10.644531 1567439732.4680
CHLD 5 10.726562 1567439732.4680
CHLD 6 10.695312 1567439732.4681
CHLD 7 10.722656 1567439732.4682
MEM 715.378906 1567439732.5686
CHLD 0 1549.679688 1567439732.6192
CHLD 1 1525.515625 1567439732.6192
CHLD 2 1538.714844 1567439732.6193
CHLD 3 1766.726562 1567439732.6193
CHLD 4 10.644531 1567439732.6194
CHLD 5 10.726562 1567439732.6195
CHLD 6 10.695312 1567439732.6212
CHLD 7 10.722656 1567439732.6212
MEM 715.378906 1567439732.7217
CHLD 0 1549.679688 1567439732.7552
CHLD 1 1525.515625 1567439732.7565
CHLD 2 1538.968750 1567439732.7566
CHLD 3 1815.968750 1567439732.7567
CHLD 4 10.644531 1567439732.7567
CHLD 5 10.726562 1567439732.7568
CHLD 6 10.695312 1567439732.7570
CHLD 7 10.722656 1567439732.7571
MEM 715.378906 1567439732.8576
CHLD 0 1549.679688 1567439732.8831
CHLD 1 1525.515625 1567439732.8832
CHLD 2 1540.773438 1567439732.8832
CHLD 3 1879.675781 1567439732.8833
CHLD 4 10.644531 1567439732.8833
CHLD 5 10.726562 1567439732.8834
CHLD 6 10.695312 1567439732.8835
CHLD 7 10.722656 1567439732.8835
MEM 715.378906 1567439732.9841
CHLD 0 1549.679688 1567439733.0087
CHLD 1 1525.515625 1567439733.0088
CHLD 2 1540.773438 1567439733.0089
CHLD 3 1514.519531 1567439733.0089
CHLD 4 10.644531 1567439733.0090
CHLD 5 10.726562 1567439733.0091
CHLD 6 10.695312 1567439733.0115
CHLD 7 10.722656 1567439733.0117
MEM 715.378906 1567439733.1122
CHLD 0 1549.679688 1567439733.1405
CHLD 1 1525.515625 1567439733.1406
CHLD 2 1540.773438 1567439733.1406
CHLD 3 1514.773438 1567439733.1407
CHLD 4 10.644531 1567439733.1438
CHLD 5 10.726562 1567439733.1440
CHLD 6 10.695312 1567439733.1440
CHLD 7 10.722656 1567439733.1441
MEM 715.378906 1567439733.2445
CHLD 0 1549.679688 1567439733.2641
CHLD 1 1525.515625 1567439733.2641
CHLD 2 1540.773438 1567439733.2642
CHLD 3 1515.289062 1567439733.2643
CHLD 4 10.644531 1567439733.2643
CHLD 5 10.726562 1567439733.2644
CHLD 6 10.695312 1567439733.2644
CHLD 7 10.722656 1567439733.2645
MEM 715.378906 1567439733.3650
CHLD 0 1549.679688 1567439733.3910
CHLD 1 1525.515625 1567439733.3910
CHLD 2 1540.773438 1567439733.3911
CHLD 3 1515.546875 1567439733.3912
CHLD 4 10.644531 1567439733.3912
CHLD 5 10.726562 1567439733.3913
CHLD 6 10.695312 1567439733.3913
CHLD 7 10.722656 1567439733.3914
MEM 715.378906 1567439733.4923
CHLD 0 1549.679688 1567439733.5297
CHLD 1 1525.515625 1567439733.5298
CHLD 2 1540.773438 1567439733.5298
CHLD 3 1515.808594 1567439733.5299
CHLD 4 10.644531 1567439733.5299
CHLD 5 10.726562 1567439733.5300
CHLD 6 10.695312 1567439733.5301
CHLD 7 10.722656 1567439733.5301
MEM 715.378906 1567439733.6307
CHLD 0 1549.679688 1567439733.6534
CHLD 1 1525.515625 1567439733.6535
CHLD 2 1540.773438 1567439733.6536
CHLD 3 1516.058594 1567439733.6536
CHLD 4 10.644531 1567439733.6537
CHLD 5 10.726562 1567439733.6537
CHLD 6 10.695312 1567439733.6538
CHLD 7 10.722656 1567439733.6538
MEM 715.378906 1567439733.7542
CHLD 0 1549.679688 1567439733.8046
CHLD 1 1525.515625 1567439733.8046
CHLD 2 1540.773438 1567439733.8047
CHLD 3 1516.808594 1567439733.8048
CHLD 4 10.644531 1567439733.8048
CHLD 5 10.726562 1567439733.8049
CHLD 6 10.695312 1567439733.8049
CHLD 7 10.722656 1567439733.8050
MEM 715.378906 1567439733.9054
CHLD 0 1549.679688 1567439733.9639
CHLD 1 1525.515625 1567439733.9640
CHLD 2 1540.773438 1567439733.9640
CHLD 3 1517.082031 1567439733.9641
CHLD 4 10.644531 1567439733.9641
CHLD 5 10.726562 1567439733.9642
CHLD 6 10.695312 1567439733.9642
CHLD 7 10.722656 1567439733.9643
MEM 715.378906 1567439734.0649
CHLD 0 1549.679688 1567439734.0888
CHLD 1 1525.515625 1567439734.0888
CHLD 2 1540.773438 1567439734.0889
CHLD 3 1517.082031 1567439734.0890
CHLD 4 10.644531 1567439734.0890
CHLD 5 10.726562 1567439734.0891
CHLD 6 10.695312 1567439734.0891
CHLD 7 10.722656 1567439734.0892
MEM 715.378906 1567439734.1910
CHLD 0 1549.679688 1567439734.2261
CHLD 1 1525.515625 1567439734.2261
CHLD 2 1540.773438 1567439734.2262
CHLD 3 1517.996094 1567439734.2263
CHLD 4 10.644531 1567439734.2264
CHLD 5 10.726562 1567439734.2264
CHLD 6 10.695312 1567439734.2265
CHLD 7 10.722656 1567439734.2265
MEM 715.378906 1567439734.3270
CHLD 0 1549.679688 1567439734.3507
CHLD 1 1525.515625 1567439734.3508
CHLD 2 1540.773438 1567439734.3509
CHLD 3 1527.578125 1567439734.3509
CHLD 4 10.644531 1567439734.3510
CHLD 5 10.726562 1567439734.3510
CHLD 6 10.695312 1567439734.3511
CHLD 7 10.722656 1567439734.3511
MEM 715.378906 1567439734.4517
CHLD 0 1549.679688 1567439734.4911
CHLD 1 1525.515625 1567439734.4912
CHLD 2 1540.773438 1567439734.4913
CHLD 3 1532.476562 1567439734.4913
CHLD 4 10.644531 1567439734.4914
CHLD 5 10.726562 1567439734.4915
CHLD 6 10.695312 1567439734.4915
CHLD 7 10.722656 1567439734.4916
MEM 715.378906 1567439734.5920
CHLD 0 1549.679688 1567439734.6195
CHLD 1 1525.515625 1567439734.6196
CHLD 2 1540.773438 1567439734.6197
CHLD 3 1536.343750 1567439734.6198
CHLD 4 10.644531 1567439734.6199
CHLD 5 10.726562 1567439734.6338
CHLD 6 10.695312 1567439734.6339
CHLD 7 10.722656 1567439734.6348
MEM 715.378906 1567439734.7352
CHLD 0 1549.679688 1567439734.7579
CHLD 1 1525.515625 1567439734.7580
CHLD 2 1540.773438 1567439734.7581
CHLD 3 1537.234375 1567439734.7581
CHLD 4 10.644531 1567439734.7582
CHLD 5 10.726562 1567439734.7582
CHLD 6 10.695312 1567439734.7583
CHLD 7 10.722656 1567439734.7584
MEM 715.378906 1567439734.8686
CHLD 0 1549.679688 1567439734.9394
CHLD 1 1525.515625 1567439734.9395
CHLD 2 1540.773438 1567439734.9396
CHLD 3 1538.781250 1567439734.9396
CHLD 4 10.644531 1567439734.9507
CHLD 5 10.726562 1567439734.9508
CHLD 6 10.695312 1567439734.9509
CHLD 7 10.722656 1567439734.9510
MEM 715.378906 1567439735.0594
CHLD 0 1549.679688 1567439735.1511
CHLD 1 1525.515625 1567439735.1512
CHLD 2 1540.773438 1567439735.1512
CHLD 3 1538.781250 1567439735.1513
CHLD 4 10.644531 1567439735.1514
CHLD 5 10.726562 1567439735.1514
CHLD 6 10.695312 1567439735.1515
CHLD 7 10.722656 1567439735.1515
MEM 715.378906 1567439735.2519
CHLD 0 1549.679688 1567439735.2940
CHLD 1 1525.515625 1567439735.2941
CHLD 2 1540.773438 1567439735.2942
CHLD 3 1540.843750 1567439735.2942
CHLD 4 10.644531 1567439735.2943
CHLD 5 10.726562 1567439735.2943
CHLD 6 10.695312 1567439735.2944
CHLD 7 10.722656 1567439735.2944
MEM 715.378906 1567439735.3971
CHLD 0 1549.679688 1567439735.4536
CHLD 1 1525.515625 1567439735.4537
CHLD 2 1540.773438 1567439735.4538
CHLD 3 1540.843750 1567439735.4539
CHLD 4 10.644531 1567439735.4540
CHLD 5 10.726562 1567439735.4541
CHLD 6 10.695312 1567439735.4596
CHLD 7 10.722656 1567439735.4597
MEM 715.378906 1567439735.5602
CHLD 0 1549.679688 1567439735.5795
CHLD 1 1525.515625 1567439735.5796
CHLD 2 1540.773438 1567439735.5796
CHLD 3 1542.906250 1567439735.5797
CHLD 4 10.644531 1567439735.5797
CHLD 5 10.726562 1567439735.5798
CHLD 6 10.695312 1567439735.5798
CHLD 7 10.722656 1567439735.5799
MEM 715.378906 1567439735.6807
CHLD 0 1549.679688 1567439735.7038
CHLD 1 1525.515625 1567439735.7039
CHLD 2 1540.773438 1567439735.7040
CHLD 3 1542.906250 1567439735.7041
CHLD 4 10.644531 1567439735.7041
CHLD 5 10.726562 1567439735.7042
CHLD 6 10.695312 1567439735.7042
CHLD 7 10.722656 1567439735.7043
MEM 715.378906 1567439735.8058
CHLD 0 1549.679688 1567439735.8206
CHLD 1 1525.515625 1567439735.8207
CHLD 2 1540.773438 1567439735.8208
CHLD 3 1544.968750 1567439735.8208
CHLD 4 10.644531 1567439735.8209
CHLD 5 10.726562 1567439735.8209
CHLD 6 10.695312 1567439735.8210
CHLD 7 10.722656 1567439735.8211
MEM 715.378906 1567439735.9215
CHLD 0 1549.679688 1567439735.9433
CHLD 1 1525.515625 1567439735.9434
CHLD 2 1540.773438 1567439735.9435
CHLD 3 1544.968750 1567439735.9435
CHLD 4 10.644531 1567439735.9436
CHLD 5 10.726562 1567439735.9436
CHLD 6 10.695312 1567439735.9437
CHLD 7 10.722656 1567439735.9437
MEM 715.378906 1567439736.0442
CHLD 0 1549.679688 1567439736.1047
CHLD 1 1525.515625 1567439736.1048
CHLD 2 1540.773438 1567439736.1049
CHLD 3 1544.968750 1567439736.1050
CHLD 4 10.644531 1567439736.1051
CHLD 5 10.726562 1567439736.1051
CHLD 6 10.695312 1567439736.1052
CHLD 7 10.722656 1567439736.1077
MEM 715.378906 1567439736.2088
CHLD 0 1549.679688 1567439736.2550
CHLD 1 1525.515625 1567439736.2551
CHLD 2 1540.773438 1567439736.2551
CHLD 3 1544.968750 1567439736.2552
CHLD 4 10.644531 1567439736.2553
CHLD 5 10.726562 1567439736.2553
CHLD 6 10.695312 1567439736.2554
CHLD 7 10.722656 1567439736.2555
MEM 715.378906 1567439736.3559
CHLD 0 1549.679688 1567439736.3794
CHLD 1 1525.515625 1567439736.3795
CHLD 2 1540.773438 1567439736.3796
CHLD 3 1544.968750 1567439736.3796
CHLD 4 10.644531 1567439736.3797
CHLD 5 10.726562 1567439736.3797
CHLD 6 10.695312 1567439736.3798
CHLD 7 10.722656 1567439736.3799
MEM 715.378906 1567439736.4813
CHLD 0 1549.679688 1567439736.5055
CHLD 1 1525.515625 1567439736.5055
CHLD 2 1540.773438 1567439736.5056
CHLD 3 1544.968750 1567439736.5056
CHLD 4 10.644531 1567439736.5056
CHLD 5 10.726562 1567439736.5057
CHLD 6 10.695312 1567439736.5058
CHLD 7 10.722656 1567439736.5058
MEM 715.378906 1567439736.6067
CHLD 0 1549.679688 1567439736.6430
CHLD 1 1525.515625 1567439736.6431
CHLD 2 1540.773438 1567439736.6432
CHLD 3 1544.968750 1567439736.6432
CHLD 4 10.644531 1567439736.6464
CHLD 5 10.726562 1567439736.6465
CHLD 6 10.695312 1567439736.6466
CHLD 7 10.722656 1567439736.6511
MEM 715.378906 1567439736.7518
CHLD 0 1549.679688 1567439736.7718
CHLD 1 1525.515625 1567439736.7719
CHLD 2 1540.773438 1567439736.7719
CHLD 3 1544.968750 1567439736.7720
CHLD 4 10.644531 1567439736.7721
CHLD 5 10.726562 1567439736.7721
CHLD 6 10.695312 1567439736.7722
CHLD 7 10.722656 1567439736.7722
MEM 715.378906 1567439736.8728
CHLD 0 1549.679688 1567439736.9165
CHLD 1 1525.515625 1567439736.9166
CHLD 2 1540.773438 1567439736.9166
CHLD 3 1544.968750 1567439736.9167
CHLD 4 10.644531 1567439736.9167
CHLD 5 10.726562 1567439736.9168
CHLD 6 10.695312 1567439736.9169
CHLD 7 10.722656 1567439736.9169
MEM 715.378906 1567439737.0174
CHLD 0 1549.679688 1567439737.0351
CHLD 1 1525.515625 1567439737.0465
CHLD 2 1540.773438 1567439737.0467
CHLD 3 1544.968750 1567439737.0467
CHLD 4 10.644531 1567439737.0468
CHLD 5 10.726562 1567439737.0469
CHLD 6 10.695312 1567439737.0469
CHLD 7 10.722656 1567439737.0470
MEM 715.378906 1567439737.1478
CHLD 0 1549.679688 1567439737.1869
CHLD 1 1525.515625 1567439737.1870
CHLD 2 1540.773438 1567439737.1870
CHLD 3 1544.968750 1567439737.1871
CHLD 4 10.644531 1567439737.1871
CHLD 5 10.726562 1567439737.1872
CHLD 6 10.695312 1567439737.1873
CHLD 7 10.722656 1567439737.1873
MEM 715.378906 1567439737.2878
CHLD 0 1549.679688 1567439737.3206
CHLD 1 1525.515625 1567439737.3206
CHLD 2 1540.773438 1567439737.3207
CHLD 3 1544.968750 1567439737.3208
CHLD 4 10.644531 1567439737.3208
CHLD 5 10.726562 1567439737.3209
CHLD 6 10.695312 1567439737.3210
CHLD 7 10.722656 1567439737.3210
MEM 715.378906 1567439737.4214
CHLD 0 1549.679688 1567439737.4866
CHLD 1 1525.515625 1567439737.4867
CHLD 2 1540.773438 1567439737.4867
CHLD 3 1544.968750 1567439737.4868
CHLD 4 10.644531 1567439737.4869
CHLD 5 10.726562 1567439737.4869
CHLD 6 10.695312 1567439737.4870
CHLD 7 10.722656 1567439737.4870
MEM 715.378906 1567439737.5875
CHLD 0 1549.679688 1567439737.6126
CHLD 1 1525.515625 1567439737.6127
CHLD 2 1540.773438 1567439737.6127
CHLD 3 1544.968750 1567439737.6128
CHLD 4 10.644531 1567439737.6128
CHLD 5 10.726562 1567439737.6129
CHLD 6 10.695312 1567439737.6129
CHLD 7 10.722656 1567439737.6130
MEM 715.378906 1567439737.7134
CHLD 0 1549.679688 1567439737.7474
CHLD 1 1525.515625 1567439737.7475
CHLD 2 1540.773438 1567439737.7475
CHLD 3 1544.968750 1567439737.7476
CHLD 4 10.644531 1567439737.7476
CHLD 5 10.726562 1567439737.7477
CHLD 6 10.695312 1567439737.7478
CHLD 7 10.722656 1567439737.7478
MEM 715.378906 1567439737.8483
CHLD 0 1549.679688 1567439737.8870
CHLD 1 1525.515625 1567439737.8871
CHLD 2 1540.773438 1567439737.8872
CHLD 3 1547.289062 1567439737.8873
CHLD 4 10.644531 1567439737.8873
CHLD 5 10.726562 1567439737.8874
CHLD 6 10.695312 1567439737.8875
CHLD 7 10.722656 1567439737.8875
MEM 715.378906 1567439737.9880
CHLD 0 1549.679688 1567439738.0079
CHLD 1 1525.515625 1567439738.0080
CHLD 2 1540.773438 1567439738.0081
CHLD 3 1547.289062 1567439738.0081
CHLD 4 10.644531 1567439738.0082
CHLD 5 10.726562 1567439738.0082
CHLD 6 10.695312 1567439738.0083
CHLD 7 10.722656 1567439738.0084
MEM 715.378906 1567439738.1092
CHLD 0 1549.679688 1567439738.1463
CHLD 1 1525.515625 1567439738.1464
CHLD 2 1540.773438 1567439738.1465
CHLD 3 1547.289062 1567439738.1493
CHLD 4 10.644531 1567439738.1494
CHLD 5 10.726562 1567439738.1494
CHLD 6 10.695312 1567439738.1495
CHLD 7 10.722656 1567439738.1496
MEM 715.378906 1567439738.2500
CHLD 0 1549.679688 1567439738.2736
CHLD 1 1525.515625 1567439738.2737
CHLD 2 1540.773438 1567439738.2738
CHLD 3 1547.289062 1567439738.2738
CHLD 4 10.644531 1567439738.2739
CHLD 5 10.726562 1567439738.2740
CHLD 6 10.695312 1567439738.2740
CHLD 7 10.722656 1567439738.2741
MEM 715.378906 1567439738.3746
CHLD 0 1549.679688 1567439738.4080
CHLD 1 1525.515625 1567439738.4081
CHLD 2 1540.773438 1567439738.4082
CHLD 3 1547.289062 1567439738.4082
CHLD 4 10.644531 1567439738.4083
CHLD 5 10.726562 1567439738.4083
CHLD 6 10.695312 1567439738.4084
CHLD 7 10.722656 1567439738.4085
MEM 715.378906 1567439738.5089
CHLD 0 1549.679688 1567439738.5217
CHLD 1 1525.515625 1567439738.5218
CHLD 2 1540.773438 1567439738.5218
CHLD 3 1547.289062 1567439738.5219
CHLD 4 10.644531 1567439738.5219
CHLD 5 10.726562 1567439738.5220
CHLD 6 10.695312 1567439738.5221
CHLD 7 10.722656 1567439738.5221
MEM 715.378906 1567439738.6226
CHLD 0 1549.679688 1567439738.6450
CHLD 1 1525.515625 1567439738.6450
CHLD 2 1540.773438 1567439738.6451
CHLD 3 1547.289062 1567439738.6451
CHLD 4 10.644531 1567439738.6452
CHLD 5 10.726562 1567439738.6494
CHLD 6 10.695312 1567439738.6495
CHLD 7 10.722656 1567439738.6495
MEM 715.378906 1567439738.7502
CHLD 0 1549.679688 1567439738.7776
CHLD 1 1525.515625 1567439738.7776
CHLD 2 1540.773438 1567439738.7777
CHLD 3 1547.289062 1567439738.7778
CHLD 4 10.644531 1567439738.7778
CHLD 5 10.726562 1567439738.7779
CHLD 6 10.695312 1567439738.7797
CHLD 7 10.722656 1567439738.7798
MEM 715.378906 1567439738.8803
CHLD 0 1549.679688 1567439738.9056
CHLD 1 1525.515625 1567439738.9056
CHLD 2 1540.773438 1567439738.9057
CHLD 3 1547.289062 1567439738.9057
CHLD 4 10.644531 1567439738.9058
CHLD 5 10.726562 1567439738.9059
CHLD 6 10.695312 1567439738.9059
CHLD 7 10.722656 1567439738.9069
MEM 715.378906 1567439739.0076
CHLD 0 1549.679688 1567439739.0314
CHLD 1 1525.515625 1567439739.0316
CHLD 2 1540.773438 1567439739.0317
CHLD 3 1547.289062 1567439739.0318
CHLD 4 10.644531 1567439739.0318
CHLD 5 10.726562 1567439739.0394
CHLD 6 10.695312 1567439739.0431
CHLD 7 10.722656 1567439739.0432
MEM 715.378906 1567439739.1441
CHLD 0 1549.679688 1567439739.1581
CHLD 1 1525.515625 1567439739.1582
CHLD 2 1540.773438 1567439739.1663
CHLD 3 1547.289062 1567439739.1664
CHLD 4 10.644531 1567439739.1665
CHLD 5 10.726562 1567439739.1665
CHLD 6 10.695312 1567439739.1666
CHLD 7 10.722656 1567439739.1666
MEM 715.378906 1567439739.2671
CHLD 0 1549.679688 1567439739.2831
CHLD 1 1525.515625 1567439739.2832
CHLD 2 1540.773438 1567439739.2832
CHLD 3 1547.289062 1567439739.2833
CHLD 4 10.644531 1567439739.2833
CHLD 5 10.726562 1567439739.2834
CHLD 6 10.695312 1567439739.2834
CHLD 7 10.722656 1567439739.2835
MEM 715.378906 1567439739.3839
CHLD 0 1549.679688 1567439739.4199
CHLD 1 1525.515625 1567439739.4200
CHLD 2 1540.773438 1567439739.4200
CHLD 3 1547.289062 1567439739.4220
CHLD 4 10.644531 1567439739.4276
CHLD 5 10.726562 1567439739.4283
CHLD 6 10.695312 1567439739.4284
CHLD 7 10.722656 1567439739.4284
MEM 715.378906 1567439739.5289
CHLD 0 1549.679688 1567439739.5763
CHLD 1 1525.773438 1567439739.5763
CHLD 2 1540.773438 1567439739.5764
CHLD 3 1547.289062 1567439739.5765
CHLD 4 10.644531 1567439739.5765
CHLD 5 10.726562 1567439739.5766
CHLD 6 10.695312 1567439739.5767
CHLD 7 10.722656 1567439739.5767
MEM 715.378906 1567439739.6777
CHLD 0 1549.679688 1567439739.7029
CHLD 1 1525.773438 1567439739.7030
CHLD 2 1540.773438 1567439739.7031
CHLD 3 1550.125000 1567439739.7031
CHLD 4 10.644531 1567439739.7032
CHLD 5 10.726562 1567439739.7033
CHLD 6 10.695312 1567439739.7033
CHLD 7 10.722656 1567439739.7034
MEM 715.378906 1567439739.8038
CHLD 0 1549.679688 1567439739.8282
CHLD 1 1525.773438 1567439739.8283
CHLD 2 1540.773438 1567439739.8325
CHLD 3 1551.156250 1567439739.8326
CHLD 4 10.644531 1567439739.8326
CHLD 5 10.726562 1567439739.8327
CHLD 6 10.695312 1567439739.8327
CHLD 7 10.722656 1567439739.8328
MEM 715.378906 1567439739.9336
CHLD 0 1549.679688 1567439739.9642
CHLD 1 1525.773438 1567439739.9643
CHLD 2 1540.773438 1567439739.9643
CHLD 3 1551.156250 1567439739.9644
CHLD 4 10.644531 1567439739.9644
CHLD 5 10.726562 1567439739.9645
CHLD 6 10.695312 1567439739.9645
CHLD 7 10.722656 1567439739.9646
MEM 715.378906 1567439740.0650
CHLD 0 1549.679688 1567439740.1027
CHLD 1 1525.773438 1567439740.1028
CHLD 2 1540.773438 1567439740.1029
CHLD 3 1551.156250 1567439740.1029
CHLD 4 10.644531 1567439740.1030
CHLD 5 10.726562 1567439740.1031
CHLD 6 10.695312 1567439740.1031
CHLD 7 10.722656 1567439740.1032
MEM 715.378906 1567439740.2053
CHLD 0 1549.679688 1567439740.2268
CHLD 1 1525.773438 1567439740.2269
CHLD 2 1540.773438 1567439740.2270
CHLD 3 1551.156250 1567439740.2270
CHLD 4 10.644531 1567439740.2271
CHLD 5 10.726562 1567439740.2271
CHLD 6 10.695312 1567439740.2272
CHLD 7 10.722656 1567439740.2272
MEM 715.378906 1567439740.3277
CHLD 0 1549.679688 1567439740.3487
CHLD 1 1525.773438 1567439740.3532
CHLD 2 1540.773438 1567439740.3533
CHLD 3 1551.156250 1567439740.3534
CHLD 4 10.644531 1567439740.3535
CHLD 5 10.726562 1567439740.3535
CHLD 6 10.695312 1567439740.3536
CHLD 7 10.722656 1567439740.3536
MEM 715.378906 1567439740.4541
CHLD 0 1549.679688 1567439740.4742
CHLD 1 1525.773438 1567439740.4743
CHLD 2 1540.773438 1567439740.4744
CHLD 3 1551.156250 1567439740.4744
CHLD 4 10.644531 1567439740.4745
CHLD 5 10.726562 1567439740.4745
CHLD 6 10.695312 1567439740.4746
CHLD 7 10.722656 1567439740.4746
MEM 715.378906 1567439740.5754
CHLD 0 1549.679688 1567439740.5966
CHLD 1 1525.773438 1567439740.5966
CHLD 2 1540.773438 1567439740.5967
CHLD 3 1551.156250 1567439740.5968
CHLD 4 10.644531 1567439740.5968
CHLD 5 10.726562 1567439740.5969
CHLD 6 10.695312 1567439740.5969
CHLD 7 10.722656 1567439740.5970
MEM 715.378906 1567439740.6974
CHLD 0 1549.679688 1567439740.7164
CHLD 1 1525.773438 1567439740.7165
CHLD 2 1540.773438 1567439740.7165
CHLD 3 1551.156250 1567439740.7165
CHLD 4 10.644531 1567439740.7166
CHLD 5 10.726562 1567439740.7166
CHLD 6 10.695312 1567439740.7167
CHLD 7 10.722656 1567439740.7167
MEM 715.378906 1567439740.8173
CHLD 0 1549.679688 1567439740.8471
CHLD 1 1525.773438 1567439740.8472
CHLD 2 1540.773438 1567439740.8473
CHLD 3 1551.156250 1567439740.8473
CHLD 4 10.644531 1567439740.8547
CHLD 5 10.726562 1567439740.8549
CHLD 6 10.695312 1567439740.8549
CHLD 7 10.722656 1567439740.8550
MEM 715.378906 1567439740.9555
CHLD 0 1549.679688 1567439740.9687
CHLD 1 1525.773438 1567439740.9688
CHLD 2 1540.773438 1567439740.9688
CHLD 3 1551.156250 1567439740.9689
CHLD 4 10.644531 1567439740.9690
CHLD 5 10.726562 1567439740.9690
CHLD 6 10.695312 1567439740.9691
CHLD 7 10.722656 1567439740.9692
MEM 715.378906 1567439741.0696
CHLD 0 1549.679688 1567439741.0867
CHLD 1 1525.773438 1567439741.0868
CHLD 2 1540.773438 1567439741.0869
CHLD 3 1551.156250 1567439741.0869
CHLD 4 10.644531 1567439741.0870
CHLD 5 10.726562 1567439741.0870
CHLD 6 10.695312 1567439741.0871
CHLD 7 10.722656 1567439741.0871
MEM 715.378906 1567439741.1876
CHLD 0 1549.679688 1567439741.2077
CHLD 1 1525.773438 1567439741.2078
CHLD 2 1540.773438 1567439741.2079
CHLD 3 1551.156250 1567439741.2079
CHLD 4 10.644531 1567439741.2080
CHLD 5 10.726562 1567439741.2080
CHLD 6 10.695312 1567439741.2081
CHLD 7 10.722656 1567439741.2081
MEM 715.378906 1567439741.3086
CHLD 0 1549.679688 1567439741.3250
CHLD 1 1525.773438 1567439741.3251
CHLD 2 1540.773438 1567439741.3251
CHLD 3 1551.156250 1567439741.3252
CHLD 4 10.644531 1567439741.3253
CHLD 5 10.726562 1567439741.3253
CHLD 6 10.695312 1567439741.3254
CHLD 7 10.722656 1567439741.3254
MEM 715.378906 1567439741.4258
CHLD 0 1549.679688 1567439741.4484
CHLD 1 1525.773438 1567439741.4485
CHLD 2 1540.773438 1567439741.4486
CHLD 3 1551.156250 1567439741.4486
CHLD 4 10.644531 1567439741.4487
CHLD 5 10.726562 1567439741.4487
CHLD 6 10.695312 1567439741.4488
CHLD 7 10.722656 1567439741.4488
MEM 715.378906 1567439741.5493
CHLD 0 1549.679688 1567439741.5633
CHLD 1 1525.773438 1567439741.5634
CHLD 2 1540.773438 1567439741.5635
CHLD 3 1551.156250 1567439741.5635
CHLD 4 10.644531 1567439741.5636
CHLD 5 10.726562 1567439741.5636
CHLD 6 10.695312 1567439741.5637
CHLD 7 10.722656 1567439741.5637
MEM 715.378906 1567439741.6641
CHLD 0 1549.679688 1567439741.6741
CHLD 1 1525.773438 1567439741.6742
CHLD 2 1540.773438 1567439741.6742
CHLD 3 1551.156250 1567439741.6743
CHLD 4 10.644531 1567439741.6743
CHLD 5 10.726562 1567439741.6744
CHLD 6 10.695312 1567439741.6745
CHLD 7 10.722656 1567439741.6745
MEM 715.378906 1567439741.7750
CHLD 0 1549.679688 1567439741.7915
CHLD 1 1525.773438 1567439741.7916
CHLD 2 1540.773438 1567439741.7917
CHLD 3 1551.156250 1567439741.7917
CHLD 4 10.644531 1567439741.7918
CHLD 5 10.726562 1567439741.7918
CHLD 6 10.695312 1567439741.7919
CHLD 7 10.722656 1567439741.7919
MEM 715.378906 1567439741.8924
CHLD 0 1549.679688 1567439741.9315
CHLD 1 1525.773438 1567439741.9316
CHLD 2 1540.773438 1567439741.9317
CHLD 3 1551.156250 1567439741.9317
CHLD 4 10.644531 1567439741.9318
CHLD 5 10.726562 1567439741.9319
CHLD 6 10.695312 1567439741.9319
CHLD 7 10.722656 1567439741.9320
MEM 715.378906 1567439742.0325
CHLD 0 1549.679688 1567439742.0449
CHLD 1 1525.773438 1567439742.0449
CHLD 2 1540.773438 1567439742.0450
CHLD 3 1551.156250 1567439742.0451
CHLD 4 10.644531 1567439742.0451
CHLD 5 10.726562 1567439742.0452
CHLD 6 10.695312 1567439742.0452
CHLD 7 10.722656 1567439742.0453
MEM 715.378906 1567439742.1457
CHLD 0 1549.679688 1567439742.1584
CHLD 1 1525.773438 1567439742.1585
CHLD 2 1540.773438 1567439742.1598
CHLD 3 1551.156250 1567439742.1600
CHLD 4 10.644531 1567439742.1600
CHLD 5 10.726562 1567439742.1601
CHLD 6 10.695312 1567439742.1602
CHLD 7 10.722656 1567439742.1602
MEM 715.378906 1567439742.2607
CHLD 0 1549.679688 1567439742.2760
CHLD 1 1525.773438 1567439742.2761
CHLD 2 1540.773438 1567439742.2761
CHLD 3 1551.156250 1567439742.2762
CHLD 4 10.644531 1567439742.2763
CHLD 5 10.726562 1567439742.2763
CHLD 6 10.695312 1567439742.2764
CHLD 7 10.722656 1567439742.2764
MEM 715.378906 1567439742.3769
CHLD 0 1549.679688 1567439742.3912
CHLD 1 1525.773438 1567439742.3913
CHLD 2 1540.773438 1567439742.3913
CHLD 3 1551.156250 1567439742.3914
CHLD 4 10.644531 1567439742.3915
CHLD 5 10.726562 1567439742.3915
CHLD 6 10.695312 1567439742.3916
CHLD 7 10.722656 1567439742.3916
MEM 715.378906 1567439742.4921
CHLD 0 1549.679688 1567439742.5048
CHLD 1 1525.773438 1567439742.5049
CHLD 2 1540.773438 1567439742.5049
CHLD 3 1551.156250 1567439742.5050
CHLD 4 10.644531 1567439742.5050
CHLD 5 10.726562 1567439742.5051
CHLD 6 10.695312 1567439742.5052
CHLD 7 10.722656 1567439742.5052
MEM 715.378906 1567439742.6056
CHLD 0 1549.679688 1567439742.6225
CHLD 1 1525.773438 1567439742.6226
CHLD 2 1540.773438 1567439742.6226
CHLD 3 1551.156250 1567439742.6227
CHLD 4 10.644531 1567439742.6227
CHLD 5 10.726562 1567439742.6228
CHLD 6 10.695312 1567439742.6228
CHLD 7 10.722656 1567439742.6229
MEM 715.378906 1567439742.7234
CHLD 0 1549.679688 1567439742.7421
CHLD 1 1525.773438 1567439742.7422
CHLD 2 1540.773438 1567439742.7422
CHLD 3 1551.156250 1567439742.7423
CHLD 4 10.644531 1567439742.7424
CHLD 5 10.726562 1567439742.7424
CHLD 6 10.695312 1567439742.7425
CHLD 7 10.722656 1567439742.7426
MEM 715.378906 1567439742.8430
CHLD 0 1549.679688 1567439742.8566
CHLD 1 1525.773438 1567439742.8567
CHLD 2 1540.773438 1567439742.8567
CHLD 3 1551.156250 1567439742.8568
CHLD 4 10.644531 1567439742.8568
CHLD 5 10.726562 1567439742.8569
CHLD 6 10.695312 1567439742.8569
CHLD 7 10.722656 1567439742.8570
MEM 715.378906 1567439742.9578
CHLD 0 1549.679688 1567439742.9693
CHLD 1 1525.773438 1567439742.9693
CHLD 2 1540.773438 1567439742.9694
CHLD 3 1551.156250 1567439742.9694
CHLD 4 10.644531 1567439742.9694
CHLD 5 10.726562 1567439742.9695
CHLD 6 10.695312 1567439742.9695
CHLD 7 10.722656 1567439742.9696
MEM 715.378906 1567439743.0700
CHLD 0 1549.679688 1567439743.0872
CHLD 1 1525.773438 1567439743.0872
CHLD 2 1540.773438 1567439743.0873
CHLD 3 1551.156250 1567439743.0874
CHLD 4 10.644531 1567439743.0874
CHLD 5 10.726562 1567439743.0875
CHLD 6 10.695312 1567439743.0875
CHLD 7 10.722656 1567439743.0876
MEM 715.378906 1567439743.1882
CHLD 0 1549.679688 1567439743.2018
CHLD 1 1525.773438 1567439743.2019
CHLD 2 1540.773438 1567439743.2019
CHLD 3 1551.156250 1567439743.2020
CHLD 4 10.644531 1567439743.2021
CHLD 5 10.726562 1567439743.2021
CHLD 6 10.695312 1567439743.2022
CHLD 7 10.722656 1567439743.2023
MEM 715.378906 1567439743.3028
CHLD 0 1549.679688 1567439743.3155
CHLD 1 1525.773438 1567439743.3155
CHLD 2 1540.773438 1567439743.3155
CHLD 3 1551.156250 1567439743.3156
CHLD 4 10.644531 1567439743.3156
CHLD 5 10.726562 1567439743.3157
CHLD 6 10.695312 1567439743.3157
CHLD 7 10.722656 1567439743.3157
MEM 715.378906 1567439743.4162
CHLD 0 1549.679688 1567439743.4279
CHLD 1 1525.773438 1567439743.4279
CHLD 2 1540.773438 1567439743.4280
CHLD 3 1551.156250 1567439743.4281
CHLD 4 10.644531 1567439743.4281
CHLD 5 10.726562 1567439743.4282
CHLD 6 10.695312 1567439743.4282
CHLD 7 10.722656 1567439743.4283
MEM 715.378906 1567439743.5287
CHLD 0 1549.679688 1567439743.5422
CHLD 1 1525.773438 1567439743.5423
CHLD 2 1540.773438 1567439743.5423
CHLD 3 1551.156250 1567439743.5424
CHLD 4 10.644531 1567439743.5424
CHLD 5 10.726562 1567439743.5425
CHLD 6 10.695312 1567439743.5425
CHLD 7 10.722656 1567439743.5426
MEM 715.378906 1567439743.6430
CHLD 0 1549.679688 1567439743.6561
CHLD 1 1525.773438 1567439743.6562
CHLD 2 1540.773438 1567439743.6562
CHLD 3 1553.218750 1567439743.6563
CHLD 4 10.644531 1567439743.6563
CHLD 5 10.726562 1567439743.6564
CHLD 6 10.695312 1567439743.6564
CHLD 7 10.722656 1567439743.6565
MEM 715.378906 1567439743.7571
CHLD 0 1549.679688 1567439743.7708
CHLD 1 1525.773438 1567439743.7708
CHLD 2 1540.773438 1567439743.7709
CHLD 3 1555.281250 1567439743.7709
CHLD 4 10.644531 1567439743.7709
CHLD 5 10.726562 1567439743.7710
CHLD 6 10.695312 1567439743.7710
CHLD 7 10.722656 1567439743.7710
MEM 715.378906 1567439743.8716
CHLD 0 1549.679688 1567439743.8851
CHLD 1 1525.773438 1567439743.8851
CHLD 2 1540.773438 1567439743.8852
CHLD 3 1555.281250 1567439743.8852
CHLD 4 10.644531 1567439743.8853
CHLD 5 10.726562 1567439743.8854
CHLD 6 10.695312 1567439743.8854
CHLD 7 10.722656 1567439743.8855
MEM 715.378906 1567439743.9859
CHLD 0 1549.679688 1567439744.0002
CHLD 1 1525.773438 1567439744.0003
CHLD 2 1540.773438 1567439744.0004
CHLD 3 1555.281250 1567439744.0004
CHLD 4 10.644531 1567439744.0005
CHLD 5 10.726562 1567439744.0005
CHLD 6 10.695312 1567439744.0006
CHLD 7 10.722656 1567439744.0006
MEM 715.378906 1567439744.1011
CHLD 0 1549.679688 1567439744.1140
CHLD 1 1525.773438 1567439744.1141
CHLD 2 1540.773438 1567439744.1142
CHLD 3 1555.281250 1567439744.1142
CHLD 4 10.644531 1567439744.1143
CHLD 5 10.726562 1567439744.1143
CHLD 6 10.695312 1567439744.1144
CHLD 7 10.722656 1567439744.1144
MEM 715.378906 1567439744.2148
CHLD 0 1549.679688 1567439744.2243
CHLD 1 1525.773438 1567439744.2243
CHLD 2 1540.773438 1567439744.2244
CHLD 3 1555.281250 1567439744.2244
CHLD 4 10.644531 1567439744.2244
CHLD 5 10.726562 1567439744.2245
CHLD 6 10.695312 1567439744.2245
CHLD 7 10.722656 1567439744.2245
MEM 715.378906 1567439744.3249
CHLD 0 1549.679688 1567439744.3389
CHLD 1 1525.773438 1567439744.3390
CHLD 2 1540.773438 1567439744.3390
CHLD 3 1555.281250 1567439744.3391
CHLD 4 10.644531 1567439744.3392
CHLD 5 10.726562 1567439744.3392
CHLD 6 10.695312 1567439744.3393
CHLD 7 10.722656 1567439744.3393
MEM 715.378906 1567439744.4397
CHLD 0 1549.679688 1567439744.4540
CHLD 1 1525.773438 1567439744.4540
CHLD 2 1540.773438 1567439744.4541
CHLD 3 1555.281250 1567439744.4541
CHLD 4 10.644531 1567439744.4542
CHLD 5 10.726562 1567439744.4543
CHLD 6 10.695312 1567439744.4543
CHLD 7 10.722656 1567439744.4544
MEM 715.378906 1567439744.5548
CHLD 0 1549.679688 1567439744.5686
CHLD 1 1525.773438 1567439744.5687
CHLD 2 1540.773438 1567439744.5688
CHLD 3 1555.281250 1567439744.5689
CHLD 4 10.644531 1567439744.5689
CHLD 5 10.726562 1567439744.5690
CHLD 6 10.695312 1567439744.5690
CHLD 7 10.722656 1567439744.5691
MEM 715.378906 1567439744.6695
CHLD 0 1549.679688 1567439744.6828
CHLD 1 1525.773438 1567439744.6829
CHLD 2 1540.773438 1567439744.6830
CHLD 3 1555.281250 1567439744.6830
CHLD 4 10.644531 1567439744.6831
CHLD 5 10.726562 1567439744.6832
CHLD 6 10.695312 1567439744.6832
CHLD 7 10.722656 1567439744.6833
MEM 715.660156 1567439744.7838
CHLD 0 0.000000 1567439744.8013
CHLD 1 0.000000 1567439744.8013
CHLD 2 0.000000 1567439744.8014
CHLD 3 0.000000 1567439744.8014
CHLD 4 10.644531 1567439744.8015
CHLD 5 10.726562 1567439744.8015
CHLD 6 10.722656 1567439744.8016
MEM 715.667969 1567439744.9020
MEM 731.875000 1567439745.0141
MEM 732.410156 1567439745.1274
MEM 733.011719 1567439745.2407
MEM 733.011719 1567439745.3533
MEM 732.761719 1567439745.4653
MEM 0.000000 1567439745.5735
