CMDLINE /home/dn16382/anaconda3/bin/python mnist_example.py
MEM 1.851562 1567443656.8151
MEM 17.656250 1567443656.9265
MEM 33.921875 1567443657.0416
MEM 42.144531 1567443657.1500
MEM 63.054688 1567443657.2585
MEM 72.351562 1567443657.3670
MEM 79.957031 1567443657.4757
MEM 122.750000 1567443657.5842
MEM 161.730469 1567443657.6928
MEM 162.765625 1567443657.8011
MEM 165.339844 1567443657.9098
MEM 171.976562 1567443658.0184
MEM 179.687500 1567443658.1269
MEM 185.800781 1567443658.2354
MEM 194.511719 1567443658.3440
MEM 204.019531 1567443658.4525
MEM 213.234375 1567443658.5610
MEM 217.535156 1567443658.6696
MEM 229.570312 1567443658.7780
MEM 237.976562 1567443658.8870
MEM 253.843750 1567443658.9956
MEM 258.359375 1567443659.1042
MEM 264.925781 1567443659.2133
MEM 275.972656 1567443659.3239
MEM 291.699219 1567443659.4323
MEM 307.941406 1567443659.5406
MEM 356.484375 1567443659.6490
MEM 364.855469 1567443659.7578
MEM 491.957031 1567443659.8674
MEM 641.488281 1567443659.9762
MEM 678.941406 1567443660.0861
MEM 642.484375 1567443660.2024
MEM 710.152344 1567443660.3152
CHLD 0 601.199219 1567443660.3276
CHLD 1 601.207031 1567443660.3277
CHLD 2 601.207031 1567443660.3277
MEM 884.812500 1567443660.4282
CHLD 0 601.199219 1567443660.4432
CHLD 1 601.207031 1567443660.4433
CHLD 2 601.207031 1567443660.4434
CHLD 3 601.207031 1567443660.4435
MEM 1091.800781 1567443660.5439
CHLD 0 601.199219 1567443660.5545
CHLD 1 601.207031 1567443660.5545
CHLD 2 601.207031 1567443660.5546
CHLD 3 601.207031 1567443660.5546
MEM 1288.769531 1567443660.6551
CHLD 0 601.199219 1567443660.6642
CHLD 1 601.207031 1567443660.6643
CHLD 2 601.207031 1567443660.6643
CHLD 3 601.207031 1567443660.6643
MEM 1482.328125 1567443660.7647
CHLD 0 601.199219 1567443660.7735
CHLD 1 601.207031 1567443660.7735
CHLD 2 601.207031 1567443660.7736
CHLD 3 601.207031 1567443660.7736
MEM 1134.542969 1567443660.8740
CHLD 0 676.386719 1567443660.8830
CHLD 1 601.207031 1567443660.8831
CHLD 2 601.207031 1567443660.8831
CHLD 3 601.207031 1567443660.8832
MEM 1134.558594 1567443660.9836
CHLD 0 837.003906 1567443660.9927
CHLD 1 601.207031 1567443660.9927
CHLD 2 601.207031 1567443660.9928
CHLD 3 601.207031 1567443660.9928
MEM 1134.558594 1567443661.0932
CHLD 0 1000.714844 1567443661.1027
CHLD 1 601.207031 1567443661.1028
CHLD 2 601.207031 1567443661.1028
CHLD 3 601.207031 1567443661.1028
MEM 713.179688 1567443661.2033
CHLD 0 1188.144531 1567443661.2120
CHLD 1 601.207031 1567443661.2120
CHLD 2 601.207031 1567443661.2121
CHLD 3 601.207031 1567443661.2121
MEM 713.179688 1567443661.3125
CHLD 0 1388.464844 1567443661.3214
CHLD 1 601.207031 1567443661.3214
CHLD 2 601.207031 1567443661.3215
CHLD 3 601.207031 1567443661.3215
MEM 713.261719 1567443661.4221
MEM 713.335938 1567443661.5357
MEM 713.085938 1567443661.6484
