CMDLINE /home/dn16382/anaconda3/bin/python mnist_example.py
MEM 2.023438 1567443595.9994
MEM 18.324219 1567443596.1141
MEM 33.109375 1567443596.2301
MEM 41.210938 1567443596.3401
MEM 61.902344 1567443596.4484
MEM 71.785156 1567443596.5566
MEM 79.308594 1567443596.6648
MEM 122.664062 1567443596.7730
MEM 160.679688 1567443596.8812
MEM 162.910156 1567443596.9895
MEM 169.210938 1567443597.0975
MEM 177.132812 1567443597.2056
MEM 182.820312 1567443597.3138
MEM 190.808594 1567443597.4220
MEM 202.851562 1567443597.5302
MEM 208.617188 1567443597.6383
MEM 213.992188 1567443597.7465
MEM 225.570312 1567443597.8625
MEM 233.375000 1567443597.9762
MEM 247.703125 1567443598.0899
MEM 254.292969 1567443598.2033
MEM 263.265625 1567443598.3164
MEM 268.453125 1567443598.4303
MEM 285.210938 1567443598.5432
MEM 301.968750 1567443598.6563
MEM 372.167969 1567443598.7694
MEM 364.832031 1567443598.8833
MEM 432.378906 1567443598.9951
MEM 593.769531 1567443599.1037
MEM 678.914062 1567443599.2128
MEM 634.050781 1567443599.3246
MEM 710.019531 1567443599.4329
MEM 829.156250 1567443599.5413
CHLD 0 601.207031 1567443599.5561
CHLD 1 601.214844 1567443599.5562
CHLD 2 601.218750 1567443599.5562
CHLD 3 601.218750 1567443599.5563
MEM 1036.179688 1567443599.6568
CHLD 0 601.207031 1567443599.6716
CHLD 1 601.214844 1567443599.6717
CHLD 2 601.218750 1567443599.6718
CHLD 3 601.218750 1567443599.6718
MEM 1226.152344 1567443599.7723
CHLD 0 601.207031 1567443599.7872
CHLD 1 601.214844 1567443599.7873
CHLD 2 601.218750 1567443599.7873
CHLD 3 601.218750 1567443599.7874
MEM 1430.082031 1567443599.8879
CHLD 0 601.207031 1567443599.9024
CHLD 1 601.214844 1567443599.9024
CHLD 2 601.218750 1567443599.9025
CHLD 3 601.218750 1567443599.9026
MEM 1134.597656 1567443600.0030
CHLD 0 628.191406 1567443600.0126
CHLD 1 601.214844 1567443600.0126
CHLD 2 601.218750 1567443600.0127
CHLD 3 601.218750 1567443600.0127
MEM 1134.613281 1567443600.1131
CHLD 0 774.886719 1567443600.1249
CHLD 1 601.214844 1567443600.1249
CHLD 2 601.218750 1567443600.1250
CHLD 3 601.218750 1567443600.1250
MEM 1134.613281 1567443600.2255
CHLD 0 916.167969 1567443600.2349
CHLD 1 601.214844 1567443600.2350
CHLD 2 601.218750 1567443600.2350
CHLD 3 601.218750 1567443600.2351
MEM 869.433594 1567443600.3356
CHLD 0 1064.410156 1567443600.3505
CHLD 1 601.214844 1567443600.3506
CHLD 2 601.218750 1567443600.3506
CHLD 3 601.218750 1567443600.3507
MEM 713.234375 1567443600.4512
CHLD 0 1272.980469 1567443600.4664
CHLD 1 601.214844 1567443600.4665
CHLD 2 601.218750 1567443600.4665
CHLD 3 601.218750 1567443600.4666
MEM 713.234375 1567443600.5670
CHLD 0 1065.187500 1567443600.5791
CHLD 1 601.214844 1567443600.5791
CHLD 2 601.218750 1567443600.5792
CHLD 3 601.218750 1567443600.5792
MEM 713.316406 1567443600.6796
MEM 713.441406 1567443600.7881
MEM 713.191406 1567443600.8964
