CMDLINE /home/dn16382/anaconda3/bin/python mnist_example.py
MEM 2.066406 1567439543.1359
MEM 17.816406 1567439543.2441
MEM 34.785156 1567439543.3578
MEM 42.355469 1567439543.4655
MEM 64.320312 1567439543.5734
MEM 74.078125 1567439543.6811
MEM 80.671875 1567439543.7889
MEM 123.613281 1567439543.8968
MEM 163.078125 1567439544.0046
MEM 165.445312 1567439544.1131
MEM 170.699219 1567439544.2208
MEM 180.484375 1567439544.3286
MEM 185.015625 1567439544.4363
MEM 193.402344 1567439544.5441
MEM 205.328125 1567439544.6519
MEM 209.691406 1567439544.7598
MEM 215.820312 1567439544.8721
MEM 217.769531 1567439544.9830
MEM 226.164062 1567439545.0910
MEM 235.570312 1567439545.1988
MEM 249.929688 1567439545.3066
MEM 257.148438 1567439545.4147
MEM 265.996094 1567439545.5224
MEM 271.531250 1567439545.6301
MEM 288.031250 1567439545.7379
MEM 304.531250 1567439545.8456
MEM 374.753906 1567439545.9537
MEM 365.886719 1567439546.0619
MEM 425.441406 1567439546.1698
MEM 571.878906 1567439546.2778
MEM 723.214844 1567439546.3858
MEM 636.644531 1567439546.4941
MEM 699.164062 1567439546.6019
MEM 769.160156 1567439546.7099
CHLD 0 601.042969 1567439546.7189
CHLD 1 601.027344 1567439546.7189
CHLD 2 601.027344 1567439546.7189
CHLD 3 601.027344 1567439546.7190
MEM 974.121094 1567439546.8195
CHLD 0 601.042969 1567439546.8340
CHLD 1 601.027344 1567439546.8340
CHLD 2 601.027344 1567439546.8340
CHLD 3 601.027344 1567439546.8341
MEM 1180.843750 1567439546.9345
CHLD 0 601.042969 1567439546.9425
CHLD 1 601.027344 1567439546.9425
CHLD 2 601.027344 1567439546.9425
CHLD 3 601.027344 1567439546.9426
MEM 1374.718750 1567439547.0429
CHLD 0 601.042969 1567439547.0509
CHLD 1 601.027344 1567439547.0510
CHLD 2 601.027344 1567439547.0510
CHLD 3 601.027344 1567439547.0511
MEM 1547.613281 1567439547.1515
CHLD 0 601.042969 1567439547.1663
CHLD 1 601.027344 1567439547.1663
CHLD 2 601.027344 1567439547.1664
CHLD 3 601.027344 1567439547.1664
MEM 1136.953125 1567439547.2668
CHLD 0 725.507812 1567439547.2750
CHLD 1 601.027344 1567439547.2751
CHLD 2 601.027344 1567439547.2751
CHLD 3 601.027344 1567439547.2751
MEM 1136.953125 1567439547.3755
CHLD 0 873.492188 1567439547.3857
CHLD 1 601.027344 1567439547.3858
CHLD 2 601.027344 1567439547.3858
CHLD 3 601.027344 1567439547.3859
MEM 1136.953125 1567439547.4864
CHLD 0 1029.726562 1567439547.4981
CHLD 1 601.027344 1567439547.4982
CHLD 2 601.027344 1567439547.4982
CHLD 3 601.027344 1567439547.4983
MEM 872.035156 1567439547.5988
CHLD 0 1238.812500 1567439547.6132
CHLD 1 601.027344 1567439547.6133
CHLD 2 601.027344 1567439547.6134
CHLD 3 601.027344 1567439547.6134
MEM 1076.996094 1567439547.7146
CHLD 0 1405.957031 1567439547.7287
CHLD 1 601.027344 1567439547.7288
CHLD 2 601.027344 1567439547.7289
CHLD 3 601.027344 1567439547.7289
MEM 1265.972656 1567439547.8294
CHLD 0 1187.507812 1567439547.8437
CHLD 1 601.050781 1567439547.8438
CHLD 2 601.027344 1567439547.8438
CHLD 3 601.027344 1567439547.8439
MEM 1461.703125 1567439547.9444
CHLD 0 1380.867188 1567439547.9584
CHLD 1 601.050781 1567439547.9585
CHLD 2 601.027344 1567439547.9586
CHLD 3 601.027344 1567439547.9586
MEM 1136.960938 1567439548.0590
CHLD 0 1024.906250 1567439548.0796
CHLD 1 664.183594 1567439548.0797
CHLD 2 601.027344 1567439548.0798
CHLD 3 601.027344 1567439548.0798
CHLD 4 0.007812 1567439548.0799
MEM 1136.960938 1567439548.1803
CHLD 0 1034.203125 1567439548.1886
CHLD 1 791.542969 1567439548.1886
CHLD 2 601.027344 1567439548.1887
CHLD 3 601.027344 1567439548.1887
CHLD 4 10.882812 1567439548.1887
MEM 1136.960938 1567439548.2892
CHLD 0 1037.632812 1567439548.3032
CHLD 1 953.449219 1567439548.3032
CHLD 2 601.027344 1567439548.3033
CHLD 3 601.027344 1567439548.3034
CHLD 4 10.882812 1567439548.3034
MEM 752.953125 1567439548.4039
CHLD 0 1042.257812 1567439548.4200
CHLD 1 1134.433594 1567439548.4201
CHLD 2 601.027344 1567439548.4202
CHLD 3 601.027344 1567439548.4203
CHLD 4 10.882812 1567439548.4203
MEM 923.109375 1567439548.5208
CHLD 0 1052.488281 1567439548.5357
CHLD 1 1336.042969 1567439548.5357
CHLD 2 601.027344 1567439548.5358
CHLD 3 601.027344 1567439548.5359
CHLD 4 10.882812 1567439548.5359
MEM 1102.031250 1567439548.6422
CHLD 0 1054.546875 1567439548.7103
CHLD 1 1168.171875 1567439548.7104
CHLD 2 601.050781 1567439548.7104
CHLD 3 601.027344 1567439548.7105
CHLD 4 10.882812 1567439548.7105
MEM 1333.031250 1567439548.8111
CHLD 0 1057.062500 1567439548.8473
CHLD 1 1378.289062 1567439548.8474
CHLD 2 601.050781 1567439548.8475
CHLD 3 601.027344 1567439548.8475
CHLD 4 10.882812 1567439548.8476
MEM 1517.656250 1567439548.9501
CHLD 0 1060.183594 1567439548.9686
CHLD 1 1024.945312 1567439548.9687
CHLD 2 601.050781 1567439548.9687
CHLD 3 601.027344 1567439548.9688
CHLD 4 0.007812 1567439548.9689
CHLD 5 10.882812 1567439548.9689
MEM 1136.968750 1567439549.0693
CHLD 0 1060.605469 1567439549.0829
CHLD 1 1033.984375 1567439549.0829
CHLD 2 690.222656 1567439549.0830
CHLD 3 601.027344 1567439549.0831
CHLD 4 10.757812 1567439549.0831
CHLD 5 10.882812 1567439549.0832
MEM 1136.968750 1567439549.1836
CHLD 0 1061.351562 1567439549.1965
CHLD 1 1037.312500 1567439549.1966
CHLD 2 815.519531 1567439549.1966
CHLD 3 601.027344 1567439549.1967
CHLD 4 10.757812 1567439549.1968
CHLD 5 10.882812 1567439549.1968
MEM 1136.968750 1567439549.2972
CHLD 0 1069.515625 1567439549.3107
CHLD 1 1040.421875 1567439549.3108
CHLD 2 942.621094 1567439549.3108
CHLD 3 601.027344 1567439549.3109
CHLD 4 10.757812 1567439549.3109
CHLD 5 10.882812 1567439549.3110
MEM 927.437500 1567439549.4129
CHLD 0 1076.421875 1567439549.4573
CHLD 1 1049.355469 1567439549.4574
CHLD 2 1068.691406 1567439549.4575
CHLD 3 601.027344 1567439549.4575
CHLD 4 10.757812 1567439549.4576
CHLD 5 10.882812 1567439549.4577
MEM 792.406250 1567439549.5581
CHLD 0 1080.390625 1567439549.5781
CHLD 1 1054.062500 1567439549.5782
CHLD 2 1229.050781 1567439549.5783
CHLD 3 601.027344 1567439549.5784
CHLD 4 10.757812 1567439549.5784
CHLD 5 10.882812 1567439549.5785
MEM 904.812500 1567439549.6789
CHLD 0 1080.390625 1567439549.6990
CHLD 1 1054.421875 1567439549.6991
CHLD 2 1401.011719 1567439549.6991
CHLD 3 601.027344 1567439549.6992
CHLD 4 10.757812 1567439549.6993
CHLD 5 10.882812 1567439549.6993
MEM 1081.156250 1567439549.7999
CHLD 0 1080.390625 1567439549.8268
CHLD 1 1054.910156 1567439549.8269
CHLD 2 1121.250000 1567439549.8270
CHLD 3 601.050781 1567439549.8270
CHLD 4 10.757812 1567439549.8271
CHLD 5 10.882812 1567439549.8271
MEM 1256.210938 1567439549.9277
CHLD 0 1105.468750 1567439549.9508
CHLD 1 1057.886719 1567439549.9509
CHLD 2 1285.476562 1567439549.9509
CHLD 3 601.050781 1567439549.9510
CHLD 4 10.757812 1567439549.9510
CHLD 5 10.882812 1567439549.9511
MEM 1374.031250 1567439550.0516
CHLD 0 1120.476562 1567439550.0680
CHLD 1 1057.886719 1567439550.0681
CHLD 2 1396.839844 1567439550.0681
CHLD 3 601.050781 1567439550.0682
CHLD 4 10.757812 1567439550.0683
CHLD 5 10.882812 1567439550.0683
MEM 1517.664062 1567439550.1688
CHLD 0 1125.632812 1567439550.1947
CHLD 1 1060.652344 1567439550.1947
CHLD 2 1021.070312 1567439550.1948
CHLD 3 601.050781 1567439550.1949
CHLD 4 10.757812 1567439550.1949
CHLD 5 10.882812 1567439550.1950
MEM 1136.980469 1567439550.2954
CHLD 0 1126.664062 1567439550.3116
CHLD 1 1060.992188 1567439550.3117
CHLD 2 1024.714844 1567439550.3117
CHLD 3 634.015625 1567439550.3118
CHLD 4 0.007812 1567439550.3118
CHLD 5 10.757812 1567439550.3119
CHLD 6 10.882812 1567439550.3120
MEM 1136.980469 1567439550.4124
CHLD 0 1127.695312 1567439550.4297
CHLD 1 1061.332031 1567439550.4298
CHLD 2 1027.164062 1567439550.4299
CHLD 3 704.914062 1567439550.4299
CHLD 4 10.621094 1567439550.4300
CHLD 5 10.757812 1567439550.4300
CHLD 6 10.882812 1567439550.4343
MEM 1136.980469 1567439550.5347
CHLD 0 1128.468750 1567439550.5482
CHLD 1 1062.046875 1567439550.5483
CHLD 2 1036.609375 1567439550.5483
CHLD 3 769.109375 1567439550.5484
CHLD 4 10.621094 1567439550.5485
CHLD 5 10.757812 1567439550.5485
CHLD 6 10.882812 1567439550.5486
MEM 1136.980469 1567439550.6492
CHLD 0 1128.984375 1567439550.6659
CHLD 1 1073.027344 1567439550.6659
CHLD 2 1037.242188 1567439550.6660
CHLD 3 851.867188 1567439550.6661
CHLD 4 10.621094 1567439550.6661
CHLD 5 10.757812 1567439550.6662
CHLD 6 10.882812 1567439550.6662
MEM 1136.980469 1567439550.7668
CHLD 0 1134.656250 1567439550.7883
CHLD 1 1075.117188 1567439550.7883
CHLD 2 1037.632812 1567439550.7884
CHLD 3 934.109375 1567439550.7885
CHLD 4 10.621094 1567439550.7885
CHLD 5 10.757812 1567439550.7886
CHLD 6 10.882812 1567439550.7886
MEM 1136.980469 1567439550.8890
CHLD 0 1134.656250 1567439550.9031
CHLD 1 1075.414062 1567439550.9032
CHLD 2 1040.753906 1567439550.9033
CHLD 3 990.570312 1567439550.9033
CHLD 4 10.621094 1567439550.9034
CHLD 5 10.757812 1567439550.9034
CHLD 6 10.882812 1567439550.9035
MEM 719.449219 1567439551.0040
CHLD 0 1134.656250 1567439551.0279
CHLD 1 1081.878906 1567439551.0279
CHLD 2 1042.433594 1567439551.0280
CHLD 3 1061.984375 1567439551.0280
CHLD 4 10.621094 1567439551.0281
CHLD 5 10.757812 1567439551.0282
CHLD 6 10.882812 1567439551.0283
MEM 768.957031 1567439551.1308
CHLD 0 1135.429688 1567439551.1623
CHLD 1 1083.738281 1567439551.1624
CHLD 2 1052.320312 1567439551.1625
CHLD 3 1141.648438 1567439551.1626
CHLD 4 10.621094 1567439551.1626
CHLD 5 10.757812 1567439551.1627
CHLD 6 10.882812 1567439551.1628
MEM 831.347656 1567439551.2655
CHLD 0 1139.554688 1567439551.2933
CHLD 1 1083.992188 1567439551.2934
CHLD 2 1054.167969 1567439551.2934
CHLD 3 1189.343750 1567439551.2935
CHLD 4 10.621094 1567439551.2936
CHLD 5 10.757812 1567439551.2936
CHLD 6 10.882812 1567439551.2937
MEM 956.644531 1567439551.3941
CHLD 0 1139.554688 1567439551.4341
CHLD 1 1084.250000 1567439551.4342
CHLD 2 1054.167969 1567439551.4342
CHLD 3 1258.953125 1567439551.4343
CHLD 4 10.621094 1567439551.4344
CHLD 5 10.757812 1567439551.4345
CHLD 6 10.882812 1567439551.4345
MEM 1121.128906 1567439551.5350
CHLD 0 1139.554688 1567439551.5653
CHLD 1 1084.250000 1567439551.5653
CHLD 2 1054.636719 1567439551.5654
CHLD 3 1321.085938 1567439551.5654
CHLD 4 10.621094 1567439551.5655
CHLD 5 10.757812 1567439551.5656
CHLD 6 10.882812 1567439551.5656
MEM 1216.777344 1567439551.6660
CHLD 0 1139.554688 1567439551.6926
CHLD 1 1084.250000 1567439551.6927
CHLD 2 1056.722656 1567439551.6927
CHLD 3 1428.335938 1567439551.6928
CHLD 4 10.621094 1567439551.6928
CHLD 5 10.757812 1567439551.6929
CHLD 6 10.882812 1567439551.6931
MEM 1243.847656 1567439551.7946
CHLD 0 1139.554688 1567439551.8323
CHLD 1 1084.250000 1567439551.8324
CHLD 2 1057.074219 1567439551.8325
CHLD 3 1053.445312 1567439551.8326
CHLD 4 10.621094 1567439551.8326
CHLD 5 10.757812 1567439551.8327
CHLD 6 10.882812 1567439551.8328
MEM 1316.035156 1567439551.9332
CHLD 0 1139.554688 1567439551.9530
CHLD 1 1084.250000 1567439551.9531
CHLD 2 1057.074219 1567439551.9532
CHLD 3 1112.484375 1567439551.9532
CHLD 4 10.621094 1567439551.9533
CHLD 5 10.757812 1567439551.9534
CHLD 6 10.882812 1567439551.9534
MEM 1430.503906 1567439552.0539
CHLD 0 1143.164062 1567439552.0848
CHLD 1 1084.250000 1567439552.0849
CHLD 2 1059.812500 1567439552.0849
CHLD 3 1174.617188 1567439552.0850
CHLD 4 10.621094 1567439552.0851
CHLD 5 10.757812 1567439552.0851
CHLD 6 10.882812 1567439552.0852
MEM 1520.511719 1567439552.1856
CHLD 0 1144.195312 1567439552.2207
CHLD 1 1084.250000 1567439552.2208
CHLD 2 1060.285156 1567439552.2208
CHLD 3 1253.250000 1567439552.2209
CHLD 4 10.621094 1567439552.2210
CHLD 5 10.757812 1567439552.2210
CHLD 6 10.882812 1567439552.2211
MEM 1136.980469 1567439552.3215
CHLD 0 1144.195312 1567439552.3365
CHLD 1 1084.250000 1567439552.3365
CHLD 2 1060.945312 1567439552.3366
CHLD 3 1307.132812 1567439552.3367
CHLD 4 10.621094 1567439552.3367
CHLD 5 10.757812 1567439552.3368
CHLD 6 10.882812 1567439552.3368
MEM 1136.980469 1567439552.4378
CHLD 0 1144.195312 1567439552.4833
CHLD 1 1084.250000 1567439552.4833
CHLD 2 1070.058594 1567439552.4834
CHLD 3 1422.625000 1567439552.4835
CHLD 4 10.621094 1567439552.4835
CHLD 5 10.757812 1567439552.4836
CHLD 6 10.882812 1567439552.4836
MEM 1136.980469 1567439552.5841
CHLD 0 1144.453125 1567439552.6152
CHLD 1 1084.507812 1567439552.6153
CHLD 2 1074.023438 1567439552.6153
CHLD 3 1025.839844 1567439552.6154
CHLD 4 0.007812 1567439552.6155
CHLD 5 10.621094 1567439552.6155
CHLD 6 10.757812 1567439552.6156
CHLD 7 10.882812 1567439552.6156
MEM 1136.980469 1567439552.7168
CHLD 0 1144.453125 1567439552.7339
CHLD 1 1084.507812 1567439552.7339
CHLD 2 1074.335938 1567439552.7340
CHLD 3 1030.945312 1567439552.7340
CHLD 4 8.175781 1567439552.7340
CHLD 5 10.621094 1567439552.7341
CHLD 6 10.757812 1567439552.7342
CHLD 7 10.882812 1567439552.7342
MEM 1136.980469 1567439552.8347
CHLD 0 1144.453125 1567439552.8634
CHLD 1 1084.761719 1567439552.8634
CHLD 2 1074.683594 1567439552.8635
CHLD 3 1036.882812 1567439552.8636
CHLD 4 10.730469 1567439552.8636
CHLD 5 10.621094 1567439552.8637
CHLD 6 10.757812 1567439552.8638
CHLD 7 10.882812 1567439552.8638
MEM 1136.980469 1567439552.9646
CHLD 0 1144.453125 1567439552.9900
CHLD 1 1084.761719 1567439552.9900
CHLD 2 1074.683594 1567439552.9901
CHLD 3 1037.632812 1567439552.9901
CHLD 4 10.730469 1567439552.9902
CHLD 5 10.621094 1567439552.9902
CHLD 6 10.757812 1567439552.9903
CHLD 7 10.882812 1567439552.9904
MEM 1136.980469 1567439553.0909
CHLD 0 1144.453125 1567439553.1044
CHLD 1 1084.761719 1567439553.1044
CHLD 2 1076.601562 1567439553.1045
CHLD 3 1041.519531 1567439553.1045
CHLD 4 10.730469 1567439553.1046
CHLD 5 10.621094 1567439553.1047
CHLD 6 10.757812 1567439553.1047
CHLD 7 10.882812 1567439553.1048
MEM 1136.980469 1567439553.2052
CHLD 0 1144.453125 1567439553.2338
CHLD 1 1084.761719 1567439553.2339
CHLD 2 1084.910156 1567439553.2339
CHLD 3 1042.863281 1567439553.2340
CHLD 4 10.730469 1567439553.2340
CHLD 5 10.621094 1567439553.2349
CHLD 6 10.757812 1567439553.2350
CHLD 7 10.882812 1567439553.2351
MEM 1136.980469 1567439553.3356
CHLD 0 1144.453125 1567439553.3607
CHLD 1 1084.761719 1567439553.3607
CHLD 2 1085.683594 1567439553.3608
CHLD 3 1052.972656 1567439553.3609
CHLD 4 10.730469 1567439553.3609
CHLD 5 10.621094 1567439553.3610
CHLD 6 10.757812 1567439553.3610
CHLD 7 10.882812 1567439553.3611
MEM 1136.980469 1567439553.4658
CHLD 0 1144.453125 1567439553.4788
CHLD 1 1084.761719 1567439553.4788
CHLD 2 1086.457031 1567439553.4789
CHLD 3 1054.066406 1567439553.4789
CHLD 4 10.730469 1567439553.4790
CHLD 5 10.621094 1567439553.4790
CHLD 6 10.757812 1567439553.4791
CHLD 7 10.882812 1567439553.4791
MEM 1136.980469 1567439553.5795
CHLD 0 1144.453125 1567439553.5906
CHLD 1 1084.761719 1567439553.5907
CHLD 2 1086.457031 1567439553.5907
CHLD 3 1054.628906 1567439553.5908
CHLD 4 10.730469 1567439553.5908
CHLD 5 10.621094 1567439553.5908
CHLD 6 10.757812 1567439553.5909
CHLD 7 10.882812 1567439553.5909
MEM 1136.980469 1567439553.6913
CHLD 0 1144.453125 1567439553.7077
CHLD 1 1085.019531 1567439553.7077
CHLD 2 1086.457031 1567439553.7078
CHLD 3 1056.679688 1567439553.7078
CHLD 4 10.730469 1567439553.7079
CHLD 5 10.621094 1567439553.7080
CHLD 6 10.757812 1567439553.7080
CHLD 7 10.882812 1567439553.7081
MEM 1136.980469 1567439553.8090
CHLD 0 1144.453125 1567439553.8313
CHLD 1 1085.019531 1567439553.8314
CHLD 2 1086.457031 1567439553.8314
CHLD 3 1057.128906 1567439553.8315
CHLD 4 10.730469 1567439553.8316
CHLD 5 10.621094 1567439553.8316
CHLD 6 10.757812 1567439553.8341
CHLD 7 10.882812 1567439553.8343
MEM 1136.980469 1567439553.9348
CHLD 0 1144.453125 1567439553.9531
CHLD 1 1085.019531 1567439553.9531
CHLD 2 1086.457031 1567439553.9531
CHLD 3 1057.128906 1567439553.9532
CHLD 4 10.730469 1567439553.9532
CHLD 5 10.621094 1567439553.9532
CHLD 6 10.757812 1567439553.9533
CHLD 7 10.882812 1567439553.9533
MEM 1136.980469 1567439554.0538
CHLD 0 1144.453125 1567439554.1011
CHLD 1 1085.019531 1567439554.1012
CHLD 2 1086.457031 1567439554.1012
CHLD 3 1060.566406 1567439554.1013
CHLD 4 10.730469 1567439554.1013
CHLD 5 10.621094 1567439554.1014
CHLD 6 10.757812 1567439554.1014
CHLD 7 10.882812 1567439554.1015
MEM 1136.980469 1567439554.2107
CHLD 0 1144.453125 1567439554.2483
CHLD 1 1085.019531 1567439554.2484
CHLD 2 1086.457031 1567439554.2484
CHLD 3 1060.945312 1567439554.2485
CHLD 4 10.730469 1567439554.2485
CHLD 5 10.621094 1567439554.2486
CHLD 6 10.757812 1567439554.2486
CHLD 7 10.882812 1567439554.2487
MEM 1136.980469 1567439554.3775
CHLD 0 1144.453125 1567439554.4313
CHLD 1 1085.019531 1567439554.4314
CHLD 2 1086.457031 1567439554.4315
CHLD 3 1061.316406 1567439554.4315
CHLD 4 10.730469 1567439554.4316
CHLD 5 10.621094 1567439554.4317
CHLD 6 10.757812 1567439554.4317
CHLD 7 10.882812 1567439554.4318
MEM 1136.980469 1567439554.5322
CHLD 0 1144.453125 1567439554.5626
CHLD 1 1085.019531 1567439554.5626
CHLD 2 1086.457031 1567439554.5627
CHLD 3 1061.472656 1567439554.5627
CHLD 4 10.730469 1567439554.5628
CHLD 5 10.621094 1567439554.5629
CHLD 6 10.757812 1567439554.5629
CHLD 7 10.882812 1567439554.5630
MEM 1136.980469 1567439554.6635
CHLD 0 1144.453125 1567439554.6956
CHLD 1 1085.019531 1567439554.6956
CHLD 2 1086.457031 1567439554.6957
CHLD 3 1061.648438 1567439554.6957
CHLD 4 10.730469 1567439554.6958
CHLD 5 10.621094 1567439554.6958
CHLD 6 10.757812 1567439554.6959
CHLD 7 10.882812 1567439554.6959
MEM 1136.980469 1567439554.7963
CHLD 0 1144.453125 1567439554.8147
CHLD 1 1085.019531 1567439554.8147
CHLD 2 1086.457031 1567439554.8148
CHLD 3 1062.136719 1567439554.8149
CHLD 4 10.730469 1567439554.8149
CHLD 5 10.621094 1567439554.8150
CHLD 6 10.757812 1567439554.8150
CHLD 7 10.882812 1567439554.8151
MEM 1136.980469 1567439554.9156
CHLD 0 1144.453125 1567439554.9454
CHLD 1 1085.019531 1567439554.9455
CHLD 2 1086.457031 1567439554.9461
CHLD 3 1069.453125 1567439554.9473
CHLD 4 10.730469 1567439554.9474
CHLD 5 10.621094 1567439554.9474
CHLD 6 10.757812 1567439554.9475
CHLD 7 10.882812 1567439554.9476
MEM 1136.980469 1567439555.0480
CHLD 0 1144.453125 1567439555.0728
CHLD 1 1085.019531 1567439555.0732
CHLD 2 1086.457031 1567439555.0732
CHLD 3 1071.289062 1567439555.0737
CHLD 4 10.730469 1567439555.0738
CHLD 5 10.621094 1567439555.0739
CHLD 6 10.757812 1567439555.0739
CHLD 7 10.882812 1567439555.0740
MEM 1136.980469 1567439555.1744
CHLD 0 1144.453125 1567439555.2218
CHLD 1 1085.019531 1567439555.2219
CHLD 2 1086.714844 1567439555.2220
CHLD 3 1075.417969 1567439555.2220
CHLD 4 10.730469 1567439555.2221
CHLD 5 10.621094 1567439555.2221
CHLD 6 10.757812 1567439555.2222
CHLD 7 10.882812 1567439555.2222
MEM 1136.980469 1567439555.3229
CHLD 0 1144.453125 1567439555.3491
CHLD 1 1085.019531 1567439555.3492
CHLD 2 1086.714844 1567439555.3492
CHLD 3 1075.980469 1567439555.3493
CHLD 4 10.730469 1567439555.3494
CHLD 5 10.621094 1567439555.3494
CHLD 6 10.757812 1567439555.3547
CHLD 7 10.882812 1567439555.3548
MEM 1136.980469 1567439555.4552
CHLD 0 1144.453125 1567439555.4697
CHLD 1 1085.019531 1567439555.4697
CHLD 2 1086.714844 1567439555.4698
CHLD 3 1075.980469 1567439555.4698
CHLD 4 10.730469 1567439555.4699
CHLD 5 10.621094 1567439555.4699
CHLD 6 10.757812 1567439555.4700
CHLD 7 10.882812 1567439555.4701
MEM 1136.980469 1567439555.5705
CHLD 0 1144.453125 1567439555.5923
CHLD 1 1085.019531 1567439555.5924
CHLD 2 1086.714844 1567439555.5924
CHLD 3 1090.113281 1567439555.5925
CHLD 4 10.730469 1567439555.5925
CHLD 5 10.621094 1567439555.5926
CHLD 6 10.757812 1567439555.5927
CHLD 7 10.882812 1567439555.5927
MEM 1136.980469 1567439555.6932
CHLD 0 1144.710938 1567439555.7451
CHLD 1 1085.019531 1567439555.7452
CHLD 2 1086.714844 1567439555.7452
CHLD 3 1090.886719 1567439555.7453
CHLD 4 10.730469 1567439555.7453
CHLD 5 10.621094 1567439555.7454
CHLD 6 10.757812 1567439555.7454
CHLD 7 10.882812 1567439555.7455
MEM 1136.980469 1567439555.8459
CHLD 0 1144.710938 1567439555.8964
CHLD 1 1085.019531 1567439555.8965
CHLD 2 1086.714844 1567439555.8965
CHLD 3 1091.718750 1567439555.8966
CHLD 4 10.730469 1567439555.8966
CHLD 5 10.621094 1567439555.8967
CHLD 6 10.757812 1567439555.8967
CHLD 7 10.882812 1567439555.8968
MEM 1136.980469 1567439555.9972
CHLD 0 1144.710938 1567439556.0420
CHLD 1 1085.019531 1567439556.0420
CHLD 2 1086.714844 1567439556.0421
CHLD 3 1092.234375 1567439556.0421
CHLD 4 10.730469 1567439556.0422
CHLD 5 10.621094 1567439556.0423
CHLD 6 10.757812 1567439556.0423
CHLD 7 10.882812 1567439556.0424
MEM 1136.980469 1567439556.1432
CHLD 0 1144.710938 1567439556.1627
CHLD 1 1085.019531 1567439556.1628
CHLD 2 1086.714844 1567439556.1629
CHLD 3 1092.492188 1567439556.1629
CHLD 4 10.730469 1567439556.1630
CHLD 5 10.621094 1567439556.1630
CHLD 6 10.757812 1567439556.1631
CHLD 7 10.882812 1567439556.1631
MEM 1136.980469 1567439556.2636
CHLD 0 1144.710938 1567439556.2947
CHLD 1 1085.019531 1567439556.2948
CHLD 2 1086.714844 1567439556.2948
CHLD 3 1092.492188 1567439556.2949
CHLD 4 10.730469 1567439556.2949
CHLD 5 10.621094 1567439556.2950
CHLD 6 10.757812 1567439556.2950
CHLD 7 10.882812 1567439556.2951
MEM 1136.980469 1567439556.3956
CHLD 0 1144.710938 1567439556.4092
CHLD 1 1085.019531 1567439556.4093
CHLD 2 1086.714844 1567439556.4093
CHLD 3 1093.265625 1567439556.4094
CHLD 4 10.730469 1567439556.4095
CHLD 5 10.621094 1567439556.4095
CHLD 6 10.757812 1567439556.4096
CHLD 7 10.882812 1567439556.4096
MEM 1136.980469 1567439556.5112
CHLD 0 1144.710938 1567439556.5258
CHLD 1 1085.019531 1567439556.5259
CHLD 2 1086.714844 1567439556.5260
CHLD 3 1095.328125 1567439556.5260
CHLD 4 10.730469 1567439556.5261
CHLD 5 10.621094 1567439556.5261
CHLD 6 10.757812 1567439556.5262
CHLD 7 10.882812 1567439556.5263
MEM 1136.980469 1567439556.6278
CHLD 0 1144.710938 1567439556.7182
CHLD 1 1085.019531 1567439556.7182
CHLD 2 1086.714844 1567439556.7183
CHLD 3 1095.328125 1567439556.7184
CHLD 4 10.730469 1567439556.7184
CHLD 5 10.621094 1567439556.7185
CHLD 6 10.757812 1567439556.7185
CHLD 7 10.882812 1567439556.7186
MEM 1136.980469 1567439556.8191
CHLD 0 1144.710938 1567439556.8990
CHLD 1 1085.019531 1567439556.8991
CHLD 2 1086.714844 1567439556.8992
CHLD 3 1095.843750 1567439556.8992
CHLD 4 10.730469 1567439556.8993
CHLD 5 10.621094 1567439556.8994
CHLD 6 10.757812 1567439556.8994
CHLD 7 10.882812 1567439556.8995
MEM 1136.980469 1567439556.9999
CHLD 0 1144.710938 1567439557.0303
CHLD 1 1085.019531 1567439557.0304
CHLD 2 1086.714844 1567439557.0305
CHLD 3 1095.843750 1567439557.0305
CHLD 4 10.730469 1567439557.0306
CHLD 5 10.621094 1567439557.0307
CHLD 6 10.757812 1567439557.0307
CHLD 7 10.882812 1567439557.0308
MEM 1136.980469 1567439557.1314
CHLD 0 1144.710938 1567439557.1647
CHLD 1 1085.019531 1567439557.1648
CHLD 2 1086.714844 1567439557.1648
CHLD 3 1096.617188 1567439557.1649
CHLD 4 10.730469 1567439557.1649
CHLD 5 10.621094 1567439557.1650
CHLD 6 10.757812 1567439557.1651
CHLD 7 10.882812 1567439557.1651
MEM 1136.980469 1567439557.2655
CHLD 0 1144.710938 1567439557.2962
CHLD 1 1085.019531 1567439557.2963
CHLD 2 1086.714844 1567439557.2964
CHLD 3 1096.617188 1567439557.2964
CHLD 4 10.730469 1567439557.2965
CHLD 5 10.621094 1567439557.2966
CHLD 6 10.757812 1567439557.2966
CHLD 7 10.882812 1567439557.2967
MEM 1136.980469 1567439557.3973
CHLD 0 1144.710938 1567439557.4558
CHLD 1 1085.019531 1567439557.4559
CHLD 2 1086.714844 1567439557.4560
CHLD 3 1096.617188 1567439557.4560
CHLD 4 10.730469 1567439557.4561
CHLD 5 10.621094 1567439557.4561
CHLD 6 10.757812 1567439557.4562
CHLD 7 10.882812 1567439557.4563
MEM 1136.980469 1567439557.5567
CHLD 0 1144.710938 1567439557.5829
CHLD 1 1085.019531 1567439557.5830
CHLD 2 1086.714844 1567439557.5830
CHLD 3 1096.617188 1567439557.5831
CHLD 4 10.730469 1567439557.5834
CHLD 5 10.621094 1567439557.5834
CHLD 6 10.757812 1567439557.5835
CHLD 7 10.882812 1567439557.5836
MEM 1136.980469 1567439557.6841
CHLD 0 1144.710938 1567439557.7363
CHLD 1 1085.019531 1567439557.7364
CHLD 2 1086.714844 1567439557.7365
CHLD 3 1096.617188 1567439557.7365
CHLD 4 10.730469 1567439557.7366
CHLD 5 10.621094 1567439557.7370
CHLD 6 10.757812 1567439557.7370
CHLD 7 10.882812 1567439557.7371
MEM 1136.980469 1567439557.8376
CHLD 0 1144.710938 1567439557.9187
CHLD 1 1085.019531 1567439557.9188
CHLD 2 1086.714844 1567439557.9189
CHLD 3 1096.617188 1567439557.9190
CHLD 4 10.730469 1567439557.9190
CHLD 5 10.621094 1567439557.9191
CHLD 6 10.757812 1567439557.9191
CHLD 7 10.882812 1567439557.9192
MEM 1136.980469 1567439558.0197
CHLD 0 1144.710938 1567439558.0498
CHLD 1 1085.019531 1567439558.0498
CHLD 2 1086.714844 1567439558.0499
CHLD 3 1096.617188 1567439558.0500
CHLD 4 10.730469 1567439558.0500
CHLD 5 10.621094 1567439558.0501
CHLD 6 10.757812 1567439558.0501
CHLD 7 10.882812 1567439558.0502
MEM 1136.980469 1567439558.1509
CHLD 0 1144.710938 1567439558.2330
CHLD 1 1085.019531 1567439558.2331
CHLD 2 1086.714844 1567439558.2332
CHLD 3 1096.875000 1567439558.2332
CHLD 4 10.730469 1567439558.2333
CHLD 5 10.621094 1567439558.2333
CHLD 6 10.757812 1567439558.2334
CHLD 7 10.882812 1567439558.2335
MEM 1136.980469 1567439558.3428
CHLD 0 1144.710938 1567439558.3972
CHLD 1 1085.019531 1567439558.3973
CHLD 2 1086.714844 1567439558.3974
CHLD 3 1096.875000 1567439558.3974
CHLD 4 10.730469 1567439558.3975
CHLD 5 10.621094 1567439558.3976
CHLD 6 10.757812 1567439558.3976
CHLD 7 10.882812 1567439558.3977
MEM 1136.980469 1567439558.4981
CHLD 0 1144.710938 1567439558.5197
CHLD 1 1085.019531 1567439558.5198
CHLD 2 1086.714844 1567439558.5198
CHLD 3 1096.875000 1567439558.5199
CHLD 4 10.730469 1567439558.5200
CHLD 5 10.621094 1567439558.5200
CHLD 6 10.757812 1567439558.5201
CHLD 7 10.882812 1567439558.5202
MEM 1136.980469 1567439558.6206
CHLD 0 1144.710938 1567439558.6446
CHLD 1 1085.019531 1567439558.6456
CHLD 2 1086.714844 1567439558.6457
CHLD 3 1096.875000 1567439558.6457
CHLD 4 10.730469 1567439558.6458
CHLD 5 10.621094 1567439558.6458
CHLD 6 10.757812 1567439558.6459
CHLD 7 10.882812 1567439558.6459
MEM 1136.980469 1567439558.7464
CHLD 0 1144.710938 1567439558.7714
CHLD 1 1085.019531 1567439558.7715
CHLD 2 1086.714844 1567439558.7715
CHLD 3 1096.875000 1567439558.7716
CHLD 4 10.730469 1567439558.7717
CHLD 5 10.621094 1567439558.7717
CHLD 6 10.757812 1567439558.7718
CHLD 7 10.882812 1567439558.7719
MEM 1136.980469 1567439558.8777
CHLD 0 1144.710938 1567439558.9791
CHLD 1 1085.019531 1567439558.9792
CHLD 2 1086.714844 1567439558.9792
CHLD 3 1096.875000 1567439558.9793
CHLD 4 10.730469 1567439558.9793
CHLD 5 10.621094 1567439558.9794
CHLD 6 10.757812 1567439558.9795
CHLD 7 10.882812 1567439558.9795
MEM 1136.980469 1567439559.0799
CHLD 0 1144.710938 1567439559.1126
CHLD 1 1085.019531 1567439559.1127
CHLD 2 1086.714844 1567439559.1128
CHLD 3 1096.875000 1567439559.1128
CHLD 4 10.730469 1567439559.1129
CHLD 5 10.621094 1567439559.1129
CHLD 6 10.757812 1567439559.1130
CHLD 7 10.882812 1567439559.1131
MEM 1136.980469 1567439559.2165
CHLD 0 1144.710938 1567439559.2530
CHLD 1 1085.019531 1567439559.2530
CHLD 2 1086.714844 1567439559.2531
CHLD 3 1096.875000 1567439559.2532
CHLD 4 10.730469 1567439559.2532
CHLD 5 10.621094 1567439559.2533
CHLD 6 10.757812 1567439559.2533
CHLD 7 10.882812 1567439559.2534
MEM 1136.980469 1567439559.3538
CHLD 0 1144.710938 1567439559.3894
CHLD 1 1085.277344 1567439559.3894
CHLD 2 1086.714844 1567439559.3895
CHLD 3 1096.875000 1567439559.3896
CHLD 4 10.730469 1567439559.3896
CHLD 5 10.621094 1567439559.3897
CHLD 6 10.757812 1567439559.3898
CHLD 7 10.882812 1567439559.3898
MEM 1136.980469 1567439559.4903
CHLD 0 1144.710938 1567439559.5228
CHLD 1 1085.277344 1567439559.5229
CHLD 2 1086.714844 1567439559.5230
CHLD 3 1096.875000 1567439559.5230
CHLD 4 10.730469 1567439559.5231
CHLD 5 10.621094 1567439559.5231
CHLD 6 10.757812 1567439559.5232
CHLD 7 10.882812 1567439559.5233
MEM 1136.980469 1567439559.6270
CHLD 0 1144.710938 1567439559.6862
CHLD 1 1085.277344 1567439559.6934
CHLD 2 1086.714844 1567439559.6935
CHLD 3 1096.875000 1567439559.6936
CHLD 4 10.730469 1567439559.6936
CHLD 5 10.621094 1567439559.6937
CHLD 6 10.757812 1567439559.6937
CHLD 7 10.882812 1567439559.6938
MEM 1136.980469 1567439559.7986
CHLD 0 1144.710938 1567439559.8792
CHLD 1 1085.277344 1567439559.8793
CHLD 2 1086.714844 1567439559.8793
CHLD 3 1096.875000 1567439559.8794
CHLD 4 10.730469 1567439559.8795
CHLD 5 10.621094 1567439559.8795
CHLD 6 10.757812 1567439559.8796
CHLD 7 10.882812 1567439559.8796
MEM 1136.980469 1567439559.9838
CHLD 0 1144.710938 1567439560.0633
CHLD 1 1085.277344 1567439560.0634
CHLD 2 1086.714844 1567439560.0634
CHLD 3 1096.875000 1567439560.0635
CHLD 4 10.730469 1567439560.0635
CHLD 5 10.621094 1567439560.0636
CHLD 6 10.757812 1567439560.0636
CHLD 7 10.882812 1567439560.0637
MEM 1136.980469 1567439560.1643
CHLD 0 1144.710938 1567439560.2445
CHLD 1 1085.277344 1567439560.2446
CHLD 2 1086.714844 1567439560.2447
CHLD 3 1096.875000 1567439560.2448
CHLD 4 10.730469 1567439560.2448
CHLD 5 10.621094 1567439560.2449
CHLD 6 10.757812 1567439560.2450
CHLD 7 10.882812 1567439560.2450
MEM 1136.980469 1567439560.3455
CHLD 0 1144.710938 1567439560.4159
CHLD 1 1085.277344 1567439560.4160
CHLD 2 1086.714844 1567439560.4161
CHLD 3 1096.875000 1567439560.4161
CHLD 4 10.730469 1567439560.4162
CHLD 5 10.621094 1567439560.4163
CHLD 6 10.757812 1567439560.4163
CHLD 7 10.882812 1567439560.4164
MEM 1136.980469 1567439560.5186
CHLD 0 1144.710938 1567439560.6094
CHLD 1 1085.277344 1567439560.6095
CHLD 2 1086.714844 1567439560.6096
CHLD 3 1096.875000 1567439560.6096
CHLD 4 10.730469 1567439560.6097
CHLD 5 10.621094 1567439560.6097
CHLD 6 10.757812 1567439560.6098
CHLD 7 10.882812 1567439560.6098
MEM 1136.980469 1567439560.7148
CHLD 0 1144.710938 1567439560.7552
CHLD 1 1085.277344 1567439560.7553
CHLD 2 1086.714844 1567439560.7553
CHLD 3 1096.875000 1567439560.7554
CHLD 4 10.730469 1567439560.7555
CHLD 5 10.621094 1567439560.7555
CHLD 6 10.757812 1567439560.7556
CHLD 7 10.882812 1567439560.7557
MEM 1136.980469 1567439560.8695
CHLD 0 1144.710938 1567439560.9637
CHLD 1 1085.277344 1567439560.9638
CHLD 2 1086.714844 1567439560.9639
CHLD 3 1096.875000 1567439560.9639
CHLD 4 10.730469 1567439560.9640
CHLD 5 10.621094 1567439560.9641
CHLD 6 10.757812 1567439560.9641
CHLD 7 10.882812 1567439560.9642
MEM 1136.980469 1567439561.0646
CHLD 0 1144.710938 1567439561.1049
CHLD 1 1085.277344 1567439561.1050
CHLD 2 1086.714844 1567439561.1051
CHLD 3 1096.875000 1567439561.1051
CHLD 4 10.730469 1567439561.1052
CHLD 5 10.621094 1567439561.1110
CHLD 6 10.757812 1567439561.1113
CHLD 7 10.882812 1567439561.1114
MEM 1136.980469 1567439561.2146
CHLD 0 1144.710938 1567439561.2816
CHLD 1 1085.277344 1567439561.2817
CHLD 2 1086.714844 1567439561.2817
CHLD 3 1096.875000 1567439561.2818
CHLD 4 10.730469 1567439561.2818
CHLD 5 10.621094 1567439561.2819
CHLD 6 10.757812 1567439561.2820
CHLD 7 10.882812 1567439561.2820
MEM 1136.980469 1567439561.3825
CHLD 0 1144.710938 1567439561.4667
CHLD 1 1085.277344 1567439561.4668
CHLD 2 1086.714844 1567439561.4669
CHLD 3 1096.875000 1567439561.4670
CHLD 4 10.730469 1567439561.4670
CHLD 5 10.621094 1567439561.4671
CHLD 6 10.757812 1567439561.4672
CHLD 7 10.882812 1567439561.4673
MEM 1136.980469 1567439561.5677
CHLD 0 1144.710938 1567439561.5821
CHLD 1 1085.277344 1567439561.5821
CHLD 2 1086.714844 1567439561.5822
CHLD 3 1096.875000 1567439561.5823
CHLD 4 10.730469 1567439561.5823
CHLD 5 10.621094 1567439561.5824
CHLD 6 10.757812 1567439561.5825
CHLD 7 10.882812 1567439561.5825
MEM 1136.980469 1567439561.6831
CHLD 0 1144.710938 1567439561.6978
CHLD 1 1085.277344 1567439561.6978
CHLD 2 1086.714844 1567439561.6979
CHLD 3 1096.875000 1567439561.6980
CHLD 4 10.730469 1567439561.6980
CHLD 5 10.621094 1567439561.6981
CHLD 6 10.757812 1567439561.6981
CHLD 7 10.882812 1567439561.6982
MEM 1136.980469 1567439561.7986
CHLD 0 1144.710938 1567439561.8379
CHLD 1 1085.277344 1567439561.8381
CHLD 2 1086.714844 1567439561.8381
CHLD 3 1096.875000 1567439561.8382
CHLD 4 10.730469 1567439561.8382
CHLD 5 10.621094 1567439561.8494
CHLD 6 10.757812 1567439561.8495
CHLD 7 10.882812 1567439561.8496
MEM 1136.980469 1567439561.9502
CHLD 0 1144.710938 1567439562.0233
CHLD 1 1088.460938 1567439562.0233
CHLD 2 1086.714844 1567439562.0234
CHLD 3 1096.875000 1567439562.0234
CHLD 4 10.730469 1567439562.0235
CHLD 5 10.621094 1567439562.0236
CHLD 6 10.757812 1567439562.0236
CHLD 7 10.882812 1567439562.0237
MEM 1136.980469 1567439562.1241
CHLD 0 1144.710938 1567439562.1636
CHLD 1 1105.992188 1567439562.1637
CHLD 2 1086.714844 1567439562.1638
CHLD 3 1096.875000 1567439562.1639
CHLD 4 10.730469 1567439562.1640
CHLD 5 10.621094 1567439562.1640
CHLD 6 10.757812 1567439562.1641
CHLD 7 10.882812 1567439562.1642
MEM 1136.980469 1567439562.2650
CHLD 0 1144.710938 1567439562.3122
CHLD 1 1130.742188 1567439562.3123
CHLD 2 1086.714844 1567439562.3124
CHLD 3 1096.875000 1567439562.3124
CHLD 4 10.730469 1567439562.3125
CHLD 5 10.621094 1567439562.3125
CHLD 6 10.757812 1567439562.3126
CHLD 7 10.882812 1567439562.3126
MEM 1136.980469 1567439562.4135
CHLD 0 1144.710938 1567439562.4397
CHLD 1 1154.203125 1567439562.4398
CHLD 2 1086.714844 1567439562.4398
CHLD 3 1096.875000 1567439562.4399
CHLD 4 10.730469 1567439562.4399
CHLD 5 10.621094 1567439562.4400
CHLD 6 10.757812 1567439562.4401
CHLD 7 10.882812 1567439562.4401
MEM 1136.980469 1567439562.5406
CHLD 0 1144.710938 1567439562.5643
CHLD 1 1170.187500 1567439562.5644
CHLD 2 1086.714844 1567439562.5644
CHLD 3 1096.875000 1567439562.5645
CHLD 4 10.730469 1567439562.5646
CHLD 5 10.621094 1567439562.5646
CHLD 6 10.757812 1567439562.5647
CHLD 7 10.882812 1567439562.5648
MEM 1136.980469 1567439562.6653
CHLD 0 1144.710938 1567439562.6983
CHLD 1 1192.875000 1567439562.6984
CHLD 2 1086.714844 1567439562.6984
CHLD 3 1096.875000 1567439562.6985
CHLD 4 10.730469 1567439562.6986
CHLD 5 10.621094 1567439562.6987
CHLD 6 10.757812 1567439562.6988
CHLD 7 10.882812 1567439562.6988
MEM 1136.980469 1567439562.7993
CHLD 0 1144.710938 1567439562.8274
CHLD 1 1219.171875 1567439562.8274
CHLD 2 1086.902344 1567439562.8275
CHLD 3 1096.875000 1567439562.8275
CHLD 4 10.730469 1567439562.8276
CHLD 5 10.621094 1567439562.8276
CHLD 6 10.757812 1567439562.8277
CHLD 7 10.882812 1567439562.8277
MEM 1136.980469 1567439562.9284
CHLD 0 1144.710938 1567439562.9457
CHLD 1 1246.242188 1567439562.9457
CHLD 2 1086.902344 1567439562.9458
CHLD 3 1096.875000 1567439562.9459
CHLD 4 10.730469 1567439562.9459
CHLD 5 10.621094 1567439562.9460
CHLD 6 10.757812 1567439562.9460
CHLD 7 10.882812 1567439562.9461
MEM 1136.980469 1567439563.0465
CHLD 0 1144.710938 1567439563.0706
CHLD 1 1277.953125 1567439563.0707
CHLD 2 1086.902344 1567439563.0708
CHLD 3 1097.648438 1567439563.0708
CHLD 4 10.730469 1567439563.0726
CHLD 5 10.621094 1567439563.0727
CHLD 6 10.757812 1567439563.0728
CHLD 7 10.882812 1567439563.0728
MEM 1136.980469 1567439563.1733
CHLD 0 1144.710938 1567439563.1996
CHLD 1 1302.187500 1567439563.1997
CHLD 2 1086.902344 1567439563.1998
CHLD 3 1097.648438 1567439563.1998
CHLD 4 10.730469 1567439563.1999
CHLD 5 10.621094 1567439563.1999
CHLD 6 10.757812 1567439563.2000
CHLD 7 10.882812 1567439563.2000
MEM 1136.980469 1567439563.3005
CHLD 0 1144.710938 1567439563.3175
CHLD 1 1326.937500 1567439563.3176
CHLD 2 1086.902344 1567439563.3176
CHLD 3 1098.421875 1567439563.3177
CHLD 4 10.730469 1567439563.3178
CHLD 5 10.621094 1567439563.3178
CHLD 6 10.757812 1567439563.3179
CHLD 7 10.882812 1567439563.3179
MEM 1136.988281 1567439563.4184
CHLD 0 1146.750000 1567439563.4298
CHLD 1 1361.226562 1567439563.4298
CHLD 2 1086.902344 1567439563.4299
CHLD 3 1098.421875 1567439563.4299
CHLD 4 10.730469 1567439563.4300
CHLD 5 10.621094 1567439563.4301
CHLD 6 10.757812 1567439563.4301
CHLD 7 10.882812 1567439563.4302
MEM 1136.988281 1567439563.5306
CHLD 0 1146.750000 1567439563.5431
CHLD 1 1432.640625 1567439563.5432
CHLD 2 1086.902344 1567439563.5432
CHLD 3 1098.421875 1567439563.5433
CHLD 4 10.730469 1567439563.5434
CHLD 5 10.621094 1567439563.5434
CHLD 6 10.757812 1567439563.5435
CHLD 7 10.882812 1567439563.5435
MEM 1136.988281 1567439563.6440
CHLD 0 1146.750000 1567439563.6605
CHLD 1 1494.515625 1567439563.6605
CHLD 2 1086.902344 1567439563.6606
CHLD 3 1098.421875 1567439563.6607
CHLD 4 10.730469 1567439563.6607
CHLD 5 10.621094 1567439563.6608
CHLD 6 10.757812 1567439563.6608
CHLD 7 10.882812 1567439563.6609
MEM 790.621094 1567439563.7613
CHLD 0 1146.750000 1567439563.7812
CHLD 1 1561.546875 1567439563.7813
CHLD 2 1086.902344 1567439563.7814
CHLD 3 1098.421875 1567439563.7814
CHLD 4 10.730469 1567439563.7815
CHLD 5 10.621094 1567439563.7815
CHLD 6 10.757812 1567439563.7816
CHLD 7 10.882812 1567439563.7817
MEM 903.800781 1567439563.8826
CHLD 0 1146.750000 1567439563.9453
CHLD 1 1692.000000 1567439563.9455
CHLD 2 1086.902344 1567439563.9455
CHLD 3 1098.421875 1567439563.9456
CHLD 4 10.730469 1567439563.9457
CHLD 5 10.621094 1567439563.9457
CHLD 6 10.757812 1567439563.9458
CHLD 7 10.882812 1567439563.9459
MEM 1090.972656 1567439564.0463
CHLD 0 1146.750000 1567439564.0589
CHLD 1 1778.625000 1567439564.0589
CHLD 2 1086.902344 1567439564.0590
CHLD 3 1098.421875 1567439564.0590
CHLD 4 10.730469 1567439564.0591
CHLD 5 10.621094 1567439564.0591
CHLD 6 10.757812 1567439564.0592
CHLD 7 10.882812 1567439564.0593
MEM 1230.191406 1567439564.1628
CHLD 0 1146.750000 1567439564.1759
CHLD 1 1923.257812 1567439564.1760
CHLD 2 1086.902344 1567439564.1760
CHLD 3 1098.421875 1567439564.1761
CHLD 4 10.730469 1567439564.1761
CHLD 5 10.621094 1567439564.1762
CHLD 6 10.757812 1567439564.1762
CHLD 7 10.882812 1567439564.1763
MEM 1371.988281 1567439564.2767
CHLD 0 1146.750000 1567439564.2937
CHLD 1 1604.699219 1567439564.2938
CHLD 2 1086.902344 1567439564.2938
CHLD 3 1098.421875 1567439564.2939
CHLD 4 10.730469 1567439564.2939
CHLD 5 10.621094 1567439564.2942
CHLD 6 10.757812 1567439564.2943
CHLD 7 10.882812 1567439564.2951
MEM 1518.203125 1567439564.3955
CHLD 0 1146.750000 1567439564.4041
CHLD 1 1728.707031 1567439564.4041
CHLD 2 1086.902344 1567439564.4042
CHLD 3 1098.421875 1567439564.4043
CHLD 4 10.730469 1567439564.4043
CHLD 5 10.621094 1567439564.4044
CHLD 6 10.757812 1567439564.4044
CHLD 7 10.882812 1567439564.4045
MEM 1137.011719 1567439564.5048
CHLD 0 1146.750000 1567439564.5182
CHLD 1 1881.207031 1567439564.5183
CHLD 2 1134.394531 1567439564.5184
CHLD 3 1098.421875 1567439564.5184
CHLD 4 10.730469 1567439564.5185
CHLD 5 10.621094 1567439564.5186
CHLD 6 10.757812 1567439564.5186
CHLD 7 10.882812 1567439564.5187
MEM 1137.011719 1567439564.6190
CHLD 0 1146.750000 1567439564.6318
CHLD 1 1504.835938 1567439564.6318
CHLD 2 1218.957031 1567439564.6319
CHLD 3 1098.421875 1567439564.6319
CHLD 4 10.730469 1567439564.6320
CHLD 5 10.621094 1567439564.6321
CHLD 6 10.757812 1567439564.6321
CHLD 7 10.882812 1567439564.6322
MEM 1137.011719 1567439564.7347
CHLD 0 1146.750000 1567439564.7752
CHLD 1 1505.378906 1567439564.7753
CHLD 2 1319.503906 1567439564.7753
CHLD 3 1098.421875 1567439564.7754
CHLD 4 10.730469 1567439564.7754
CHLD 5 10.621094 1567439564.7755
CHLD 6 10.757812 1567439564.7755
CHLD 7 10.882812 1567439564.7756
MEM 1137.011719 1567439564.8760
CHLD 0 1146.750000 1567439564.8900
CHLD 1 1505.890625 1567439564.8901
CHLD 2 1413.863281 1567439564.8902
CHLD 3 1098.421875 1567439564.8902
CHLD 4 10.730469 1567439564.8903
CHLD 5 10.621094 1567439564.8904
CHLD 6 10.757812 1567439564.8905
CHLD 7 10.882812 1567439564.8905
MEM 875.480469 1567439564.9910
CHLD 0 1146.750000 1567439565.0115
CHLD 1 1506.406250 1567439565.0116
CHLD 2 1530.136719 1567439565.0117
CHLD 3 1100.375000 1567439565.0117
CHLD 4 10.730469 1567439565.0118
CHLD 5 10.621094 1567439565.0118
CHLD 6 10.757812 1567439565.0119
CHLD 7 10.882812 1567439565.0119
MEM 846.589844 1567439565.1124
CHLD 0 1146.750000 1567439565.1313
CHLD 1 1506.917969 1567439565.1314
CHLD 2 1609.800781 1567439565.1315
CHLD 3 1100.375000 1567439565.1315
CHLD 4 10.730469 1567439565.1316
CHLD 5 10.621094 1567439565.1317
CHLD 6 10.757812 1567439565.1317
CHLD 7 10.882812 1567439565.1318
MEM 981.683594 1567439565.2322
CHLD 0 1146.750000 1567439565.2458
CHLD 1 1507.203125 1567439565.2459
CHLD 2 1673.738281 1567439565.2460
CHLD 3 1100.375000 1567439565.2460
CHLD 4 10.730469 1567439565.2461
CHLD 5 10.621094 1567439565.2462
CHLD 6 10.757812 1567439565.2462
CHLD 7 10.882812 1567439565.2510
MEM 1111.621094 1567439565.3515
CHLD 0 1146.750000 1567439565.3765
CHLD 1 1507.289062 1567439565.3766
CHLD 2 1777.378906 1567439565.3766
CHLD 3 1100.375000 1567439565.3767
CHLD 4 10.730469 1567439565.3767
CHLD 5 10.621094 1567439565.3768
CHLD 6 10.757812 1567439565.3768
CHLD 7 10.882812 1567439565.3769
MEM 1254.964844 1567439565.4773
CHLD 0 1146.750000 1567439565.5232
CHLD 1 1508.156250 1567439565.5233
CHLD 2 1665.058594 1567439565.5233
CHLD 3 1100.375000 1567439565.5234
CHLD 4 10.730469 1567439565.5234
CHLD 5 10.621094 1567439565.5235
CHLD 6 10.757812 1567439565.5235
CHLD 7 10.882812 1567439565.5236
MEM 1447.066406 1567439565.6241
CHLD 0 1146.750000 1567439565.6489
CHLD 1 1509.187500 1567439565.6489
CHLD 2 1647.035156 1567439565.6490
CHLD 3 1100.375000 1567439565.6491
CHLD 4 10.730469 1567439565.6491
CHLD 5 10.621094 1567439565.6492
CHLD 6 10.757812 1567439565.6493
CHLD 7 10.882812 1567439565.6493
MEM 1137.019531 1567439565.7500
CHLD 0 1204.917969 1567439565.7937
CHLD 1 1510.960938 1567439565.7938
CHLD 2 1818.480469 1567439565.7939
CHLD 3 1100.375000 1567439565.7939
CHLD 4 10.730469 1567439565.7940
CHLD 5 10.621094 1567439565.7941
CHLD 6 10.757812 1567439565.7941
CHLD 7 10.882812 1567439565.7942
MEM 1137.019531 1567439565.8954
CHLD 0 1253.902344 1567439565.9175
CHLD 1 1510.960938 1567439565.9176
CHLD 2 1888.796875 1567439565.9177
CHLD 3 1100.375000 1567439565.9177
CHLD 4 10.730469 1567439565.9178
CHLD 5 10.621094 1567439565.9178
CHLD 6 10.757812 1567439565.9179
CHLD 7 10.882812 1567439565.9179
MEM 1137.019531 1567439566.0306
CHLD 0 1351.613281 1567439566.0878
CHLD 1 1511.847656 1567439566.0878
CHLD 2 1506.519531 1567439566.0879
CHLD 3 1100.375000 1567439566.0880
CHLD 4 10.730469 1567439566.0880
CHLD 5 10.621094 1567439566.0881
CHLD 6 10.757812 1567439566.0882
CHLD 7 10.882812 1567439566.0882
MEM 1137.019531 1567439566.1906
CHLD 0 1394.152344 1567439566.2055
CHLD 1 1511.847656 1567439566.2056
CHLD 2 1506.773438 1567439566.2057
CHLD 3 1100.375000 1567439566.2057
CHLD 4 10.730469 1567439566.2058
CHLD 5 10.621094 1567439566.2059
CHLD 6 10.757812 1567439566.2059
CHLD 7 10.882812 1567439566.2060
MEM 1137.019531 1567439566.3066
CHLD 0 1538.269531 1567439566.3381
CHLD 1 1511.847656 1567439566.3382
CHLD 2 1507.031250 1567439566.3383
CHLD 3 1100.375000 1567439566.3383
CHLD 4 10.730469 1567439566.3384
CHLD 5 10.621094 1567439566.3385
CHLD 6 10.757812 1567439566.3444
CHLD 7 10.882812 1567439566.3462
MEM 780.855469 1567439566.4469
CHLD 0 1639.589844 1567439566.4674
CHLD 1 1511.847656 1567439566.4674
CHLD 2 1507.281250 1567439566.4675
CHLD 3 1100.375000 1567439566.4676
CHLD 4 10.730469 1567439566.4676
CHLD 5 10.621094 1567439566.4677
CHLD 6 10.757812 1567439566.4678
CHLD 7 10.882812 1567439566.4678
MEM 906.152344 1567439566.5683
CHLD 0 1758.699219 1567439566.5917
CHLD 1 1511.847656 1567439566.5921
CHLD 2 1507.792969 1567439566.5923
CHLD 3 1100.375000 1567439566.5929
CHLD 4 10.730469 1567439566.5929
CHLD 5 10.621094 1567439566.5930
CHLD 6 10.757812 1567439566.5931
CHLD 7 10.882812 1567439566.5931
MEM 1041.246094 1567439566.6935
CHLD 0 1844.550781 1567439566.7135
CHLD 1 1512.105469 1567439566.7136
CHLD 2 1508.019531 1567439566.7136
CHLD 3 1100.375000 1567439566.7137
CHLD 4 10.730469 1567439566.7137
CHLD 5 10.621094 1567439566.7137
CHLD 6 10.757812 1567439566.7138
CHLD 7 10.882812 1567439566.7138
MEM 1165.253906 1567439566.8142
CHLD 0 1953.863281 1567439566.8504
CHLD 1 1512.105469 1567439566.8505
CHLD 2 1508.273438 1567439566.8506
CHLD 3 1100.375000 1567439566.8506
CHLD 4 10.730469 1567439566.8507
CHLD 5 10.621094 1567439566.8507
CHLD 6 10.757812 1567439566.8508
CHLD 7 10.882812 1567439566.8509
MEM 1282.042969 1567439566.9517
CHLD 0 1651.210938 1567439567.0172
CHLD 1 1513.910156 1567439567.0173
CHLD 2 1508.769531 1567439567.0173
CHLD 3 1100.375000 1567439567.0174
CHLD 4 10.730469 1567439567.0175
CHLD 5 10.621094 1567439567.0176
CHLD 6 10.757812 1567439567.0176
CHLD 7 10.882812 1567439567.0177
MEM 1370.472656 1567439567.1181
CHLD 0 1787.851562 1567439567.1479
CHLD 1 1513.910156 1567439567.1480
CHLD 2 1509.027344 1567439567.1481
CHLD 3 1100.375000 1567439567.1481
CHLD 4 10.730469 1567439567.1482
CHLD 5 10.621094 1567439567.1521
CHLD 6 10.757812 1567439567.1522
CHLD 7 10.882812 1567439567.1523
MEM 1473.113281 1567439567.2528
CHLD 0 1928.875000 1567439567.2749
CHLD 1 1513.910156 1567439567.2750
CHLD 2 1509.707031 1567439567.2750
CHLD 3 1100.375000 1567439567.2751
CHLD 4 10.730469 1567439567.2751
CHLD 5 10.621094 1567439567.2752
CHLD 6 10.757812 1567439567.2752
CHLD 7 10.882812 1567439567.2767
MEM 1305.019531 1567439567.3780
CHLD 0 1566.312500 1567439567.4035
CHLD 1 1513.910156 1567439567.4035
CHLD 2 1510.996094 1567439567.4036
CHLD 3 1100.375000 1567439567.4036
CHLD 4 10.730469 1567439567.4037
CHLD 5 10.621094 1567439567.4038
CHLD 6 10.757812 1567439567.4038
CHLD 7 10.882812 1567439567.4039
MEM 1137.019531 1567439567.5043
CHLD 0 1566.738281 1567439567.5197
CHLD 1 1513.910156 1567439567.5197
CHLD 2 1512.027344 1567439567.5198
CHLD 3 1187.511719 1567439567.5199
CHLD 4 10.730469 1567439567.5199
CHLD 5 10.621094 1567439567.5200
CHLD 6 10.757812 1567439567.5200
CHLD 7 10.882812 1567439567.5201
MEM 1137.019531 1567439567.6205
CHLD 0 1567.234375 1567439567.6489
CHLD 1 1513.910156 1567439567.6490
CHLD 2 1513.316406 1567439567.6490
CHLD 3 1275.941406 1567439567.6491
CHLD 4 10.730469 1567439567.6491
CHLD 5 10.621094 1567439567.6492
CHLD 6 10.757812 1567439567.6493
CHLD 7 10.882812 1567439567.6493
MEM 1137.019531 1567439567.7503
CHLD 0 1567.488281 1567439567.7657
CHLD 1 1513.910156 1567439567.7658
CHLD 2 1516.007812 1567439567.7658
CHLD 3 1353.800781 1567439567.7659
CHLD 4 10.730469 1567439567.7659
CHLD 5 10.621094 1567439567.7660
CHLD 6 10.757812 1567439567.7661
CHLD 7 10.882812 1567439567.7661
MEM 1137.019531 1567439567.8671
CHLD 0 1568.000000 1567439567.8933
CHLD 1 1514.632812 1567439567.8934
CHLD 2 1518.902344 1567439567.8935
CHLD 3 1411.550781 1567439567.8935
CHLD 4 10.730469 1567439567.8936
CHLD 5 10.621094 1567439567.8936
CHLD 6 10.757812 1567439567.8937
CHLD 7 10.882812 1567439567.8937
MEM 1137.019531 1567439567.9941
CHLD 0 1568.484375 1567439568.0362
CHLD 1 1515.921875 1567439568.0363
CHLD 2 1518.902344 1567439568.0364
CHLD 3 1491.988281 1567439568.0364
CHLD 4 10.730469 1567439568.0365
CHLD 5 10.621094 1567439568.0366
CHLD 6 10.757812 1567439568.0366
CHLD 7 10.882812 1567439568.0367
MEM 833.488281 1567439568.1372
CHLD 0 1568.738281 1567439568.1594
CHLD 1 1515.921875 1567439568.1595
CHLD 2 1519.675781 1567439568.1595
CHLD 3 1533.238281 1567439568.1596
CHLD 4 10.730469 1567439568.1597
CHLD 5 10.621094 1567439568.1597
CHLD 6 10.757812 1567439568.1598
CHLD 7 10.882812 1567439568.1599
MEM 715.632812 1567439568.2603
CHLD 0 1570.769531 1567439568.3194
CHLD 1 1515.921875 1567439568.3195
CHLD 2 1519.675781 1567439568.3195
CHLD 3 1654.925781 1567439568.3196
CHLD 4 10.730469 1567439568.3197
CHLD 5 10.621094 1567439568.3197
CHLD 6 10.757812 1567439568.3198
CHLD 7 10.882812 1567439568.3198
MEM 715.632812 1567439568.4202
CHLD 0 1571.542969 1567439568.4419
CHLD 1 1515.921875 1567439568.4420
CHLD 2 1519.933594 1567439568.4421
CHLD 3 1782.542969 1567439568.4421
CHLD 4 10.730469 1567439568.4422
CHLD 5 10.621094 1567439568.4422
CHLD 6 10.757812 1567439568.4423
CHLD 7 10.882812 1567439568.4424
MEM 715.632812 1567439568.5428
CHLD 0 1573.347656 1567439568.6269
CHLD 1 1515.921875 1567439568.6270
CHLD 2 1520.449219 1567439568.6271
CHLD 3 1930.527344 1567439568.6271
CHLD 4 10.730469 1567439568.6272
CHLD 5 10.621094 1567439568.6272
CHLD 6 10.757812 1567439568.6273
CHLD 7 10.882812 1567439568.6274
MEM 715.632812 1567439568.7305
CHLD 0 1573.605469 1567439568.7563
CHLD 1 1515.921875 1567439568.7563
CHLD 2 1520.449219 1567439568.7564
CHLD 3 1527.089844 1567439568.7564
CHLD 4 10.730469 1567439568.7565
CHLD 5 10.621094 1567439568.7565
CHLD 6 10.757812 1567439568.7566
CHLD 7 10.882812 1567439568.7567
MEM 715.632812 1567439568.8571
CHLD 0 1574.636719 1567439568.9057
CHLD 1 1515.921875 1567439568.9129
CHLD 2 1520.707031 1567439568.9131
CHLD 3 1733.339844 1567439568.9131
CHLD 4 10.730469 1567439568.9133
CHLD 5 10.621094 1567439568.9134
CHLD 6 10.757812 1567439568.9135
CHLD 7 10.882812 1567439568.9136
MEM 715.632812 1567439569.0140
CHLD 0 1575.152344 1567439569.0416
CHLD 1 1515.921875 1567439569.0417
CHLD 2 1520.707031 1567439569.0417
CHLD 3 1831.824219 1567439569.0418
CHLD 4 10.730469 1567439569.0418
CHLD 5 10.621094 1567439569.0419
CHLD 6 10.757812 1567439569.0420
CHLD 7 10.882812 1567439569.0420
MEM 715.632812 1567439569.1425
CHLD 0 1575.152344 1567439569.1797
CHLD 1 1515.921875 1567439569.1798
CHLD 2 1520.964844 1567439569.1799
CHLD 3 1712.777344 1567439569.1799
CHLD 4 10.730469 1567439569.1800
CHLD 5 10.621094 1567439569.1800
CHLD 6 10.757812 1567439569.1801
CHLD 7 10.882812 1567439569.1801
MEM 715.632812 1567439569.2811
CHLD 0 1575.152344 1567439569.3026
CHLD 1 1515.921875 1567439569.3258
CHLD 2 1520.964844 1567439569.3259
CHLD 3 1520.664062 1567439569.3260
CHLD 4 10.730469 1567439569.3260
CHLD 5 10.621094 1567439569.3261
CHLD 6 10.757812 1567439569.3262
CHLD 7 10.882812 1567439569.3262
MEM 715.632812 1567439569.4271
CHLD 0 1575.152344 1567439569.4736
CHLD 1 1515.921875 1567439569.4737
CHLD 2 1521.222656 1567439569.4737
CHLD 3 1521.031250 1567439569.4738
CHLD 4 10.730469 1567439569.4739
CHLD 5 10.621094 1567439569.4739
CHLD 6 10.757812 1567439569.4740
CHLD 7 10.882812 1567439569.4740
MEM 715.632812 1567439569.5747
CHLD 0 1575.152344 1567439569.6201
CHLD 1 1515.921875 1567439569.6202
CHLD 2 1521.222656 1567439569.6203
CHLD 3 1521.531250 1567439569.6204
CHLD 4 10.730469 1567439569.6204
CHLD 5 10.621094 1567439569.6205
CHLD 6 10.757812 1567439569.6205
CHLD 7 10.882812 1567439569.6206
MEM 715.632812 1567439569.7210
CHLD 0 1575.152344 1567439569.7450
CHLD 1 1515.921875 1567439569.7450
CHLD 2 1521.222656 1567439569.7451
CHLD 3 1521.785156 1567439569.7451
CHLD 4 10.730469 1567439569.7452
CHLD 5 10.621094 1567439569.7452
CHLD 6 10.757812 1567439569.7453
CHLD 7 10.882812 1567439569.7454
MEM 715.632812 1567439569.8467
CHLD 0 1575.152344 1567439569.8682
CHLD 1 1515.921875 1567439569.8683
CHLD 2 1521.222656 1567439569.8683
CHLD 3 1522.042969 1567439569.8684
CHLD 4 10.730469 1567439569.8684
CHLD 5 10.621094 1567439569.8685
CHLD 6 10.757812 1567439569.8685
CHLD 7 10.882812 1567439569.8686
MEM 715.632812 1567439569.9732
CHLD 0 1575.152344 1567439570.0270
CHLD 1 1515.921875 1567439570.0271
CHLD 2 1521.222656 1567439570.0271
CHLD 3 1522.535156 1567439570.0272
CHLD 4 10.730469 1567439570.0272
CHLD 5 10.621094 1567439570.0273
CHLD 6 10.757812 1567439570.0274
CHLD 7 10.882812 1567439570.0274
MEM 715.632812 1567439570.1337
CHLD 0 1575.152344 1567439570.1659
CHLD 1 1515.921875 1567439570.1660
CHLD 2 1521.222656 1567439570.1660
CHLD 3 1522.789062 1567439570.1661
CHLD 4 10.730469 1567439570.1661
CHLD 5 10.621094 1567439570.1662
CHLD 6 10.757812 1567439570.1663
CHLD 7 10.882812 1567439570.1664
MEM 715.632812 1567439570.2668
CHLD 0 1575.152344 1567439570.2867
CHLD 1 1516.437500 1567439570.2868
CHLD 2 1522.769531 1567439570.2868
CHLD 3 1523.031250 1567439570.2869
CHLD 4 10.730469 1567439570.2869
CHLD 5 10.621094 1567439570.2870
CHLD 6 10.757812 1567439570.2870
CHLD 7 10.882812 1567439570.2871
MEM 715.632812 1567439570.3876
CHLD 0 1575.152344 1567439570.4516
CHLD 1 1516.437500 1567439570.4517
CHLD 2 1522.769531 1567439570.4517
CHLD 3 1523.531250 1567439570.4518
CHLD 4 10.730469 1567439570.4519
CHLD 5 10.621094 1567439570.4519
CHLD 6 10.757812 1567439570.4520
CHLD 7 10.882812 1567439570.4521
MEM 715.632812 1567439570.5525
CHLD 0 1575.152344 1567439570.5801
CHLD 1 1516.695312 1567439570.5802
CHLD 2 1522.769531 1567439570.5803
CHLD 3 1524.300781 1567439570.5803
CHLD 4 10.730469 1567439570.5804
CHLD 5 10.621094 1567439570.5805
CHLD 6 10.757812 1567439570.5805
CHLD 7 10.882812 1567439570.5806
MEM 715.632812 1567439570.6810
CHLD 0 1575.152344 1567439570.7349
CHLD 1 1516.695312 1567439570.7350
CHLD 2 1523.027344 1567439570.7350
CHLD 3 1526.878906 1567439570.7351
CHLD 4 10.730469 1567439570.7352
CHLD 5 10.621094 1567439570.7352
CHLD 6 10.757812 1567439570.7353
CHLD 7 10.882812 1567439570.7353
MEM 715.632812 1567439570.8358
CHLD 0 1575.152344 1567439570.8609
CHLD 1 1516.695312 1567439570.8610
CHLD 2 1523.027344 1567439570.8611
CHLD 3 1527.394531 1567439570.8611
CHLD 4 10.730469 1567439570.8612
CHLD 5 10.621094 1567439570.8613
CHLD 6 10.757812 1567439570.8613
CHLD 7 10.882812 1567439570.8614
MEM 715.632812 1567439570.9629
CHLD 0 1575.152344 1567439571.0849
CHLD 1 1516.695312 1567439571.0849
CHLD 2 1523.027344 1567439571.0850
CHLD 3 1528.683594 1567439571.0851
CHLD 4 10.730469 1567439571.0851
CHLD 5 10.621094 1567439571.0852
CHLD 6 10.757812 1567439571.0852
CHLD 7 10.882812 1567439571.0853
MEM 715.632812 1567439571.1857
CHLD 0 1575.152344 1567439571.2046
CHLD 1 1516.695312 1567439571.2047
CHLD 2 1523.027344 1567439571.2057
CHLD 3 1529.199219 1567439571.2058
CHLD 4 10.730469 1567439571.2059
CHLD 5 10.621094 1567439571.2059
CHLD 6 10.757812 1567439571.2060
CHLD 7 10.882812 1567439571.2060
MEM 715.632812 1567439571.3066
CHLD 0 1575.152344 1567439571.3254
CHLD 1 1516.695312 1567439571.3255
CHLD 2 1523.027344 1567439571.3256
CHLD 3 1529.457031 1567439571.3256
CHLD 4 10.730469 1567439571.3257
CHLD 5 10.621094 1567439571.3257
CHLD 6 10.757812 1567439571.3258
CHLD 7 10.882812 1567439571.3258
MEM 715.632812 1567439571.4263
CHLD 0 1575.152344 1567439571.4463
CHLD 1 1516.695312 1567439571.4463
CHLD 2 1523.027344 1567439571.4464
CHLD 3 1530.746094 1567439571.4465
CHLD 4 10.730469 1567439571.4465
CHLD 5 10.621094 1567439571.4466
CHLD 6 10.757812 1567439571.4524
CHLD 7 10.882812 1567439571.4525
MEM 715.632812 1567439571.5530
CHLD 0 1575.152344 1567439571.5763
CHLD 1 1516.695312 1567439571.5764
CHLD 2 1523.027344 1567439571.5764
CHLD 3 1530.746094 1567439571.5764
CHLD 4 10.730469 1567439571.5765
CHLD 5 10.621094 1567439571.5765
CHLD 6 10.757812 1567439571.5766
CHLD 7 10.882812 1567439571.5767
MEM 715.632812 1567439571.6771
CHLD 0 1575.152344 1567439571.6927
CHLD 1 1516.695312 1567439571.6928
CHLD 2 1523.027344 1567439571.6928
CHLD 3 1530.746094 1567439571.6929
CHLD 4 10.730469 1567439571.6929
CHLD 5 10.621094 1567439571.6930
CHLD 6 10.757812 1567439571.6930
CHLD 7 10.882812 1567439571.6931
MEM 715.632812 1567439571.7935
CHLD 0 1575.152344 1567439571.8446
CHLD 1 1516.695312 1567439571.8447
CHLD 2 1523.027344 1567439571.8447
CHLD 3 1530.746094 1567439571.8448
CHLD 4 10.730469 1567439571.8448
CHLD 5 10.621094 1567439571.8449
CHLD 6 10.757812 1567439571.8449
CHLD 7 10.882812 1567439571.8450
MEM 715.632812 1567439571.9473
CHLD 0 1575.152344 1567439571.9796
CHLD 1 1516.695312 1567439571.9797
CHLD 2 1523.027344 1567439571.9798
CHLD 3 1530.746094 1567439571.9798
CHLD 4 10.730469 1567439571.9799
CHLD 5 10.621094 1567439571.9800
CHLD 6 10.757812 1567439571.9800
CHLD 7 10.882812 1567439571.9801
MEM 715.632812 1567439572.0805
CHLD 0 1575.152344 1567439572.0944
CHLD 1 1516.695312 1567439572.0945
CHLD 2 1523.027344 1567439572.0946
CHLD 3 1530.746094 1567439572.0946
CHLD 4 10.730469 1567439572.0947
CHLD 5 10.621094 1567439572.0947
CHLD 6 10.757812 1567439572.0948
CHLD 7 10.882812 1567439572.0948
MEM 715.632812 1567439572.1953
CHLD 0 1575.152344 1567439572.2107
CHLD 1 1516.945312 1567439572.2108
CHLD 2 1523.027344 1567439572.2108
CHLD 3 1530.746094 1567439572.2109
CHLD 4 10.730469 1567439572.2109
CHLD 5 10.621094 1567439572.2110
CHLD 6 10.757812 1567439572.2110
CHLD 7 10.882812 1567439572.2111
MEM 715.632812 1567439572.3115
CHLD 0 1575.152344 1567439572.3379
CHLD 1 1516.945312 1567439572.3380
CHLD 2 1523.285156 1567439572.3381
CHLD 3 1530.746094 1567439572.3381
CHLD 4 10.730469 1567439572.3382
CHLD 5 10.621094 1567439572.3382
CHLD 6 10.757812 1567439572.3383
CHLD 7 10.882812 1567439572.3384
MEM 715.632812 1567439572.4388
CHLD 0 1575.152344 1567439572.4671
CHLD 1 1516.945312 1567439572.4672
CHLD 2 1523.285156 1567439572.4686
CHLD 3 1530.746094 1567439572.4687
CHLD 4 10.730469 1567439572.4687
CHLD 5 10.621094 1567439572.4688
CHLD 6 10.757812 1567439572.4688
CHLD 7 10.882812 1567439572.4689
MEM 715.632812 1567439572.5693
CHLD 0 1575.152344 1567439572.5902
CHLD 1 1516.945312 1567439572.5903
CHLD 2 1523.285156 1567439572.5903
CHLD 3 1530.746094 1567439572.5904
CHLD 4 10.730469 1567439572.5905
CHLD 5 10.621094 1567439572.5905
CHLD 6 10.757812 1567439572.5906
CHLD 7 10.882812 1567439572.5906
MEM 715.632812 1567439572.6927
CHLD 0 1575.152344 1567439572.8050
CHLD 1 1516.945312 1567439572.8050
CHLD 2 1523.285156 1567439572.8051
CHLD 3 1530.746094 1567439572.8051
CHLD 4 10.730469 1567439572.8052
CHLD 5 10.621094 1567439572.8053
CHLD 6 10.757812 1567439572.8053
CHLD 7 10.882812 1567439572.8054
MEM 715.632812 1567439572.9059
CHLD 0 1575.152344 1567439572.9213
CHLD 1 1516.945312 1567439572.9213
CHLD 2 1523.285156 1567439572.9214
CHLD 3 1530.746094 1567439572.9215
CHLD 4 10.730469 1567439572.9215
CHLD 5 10.621094 1567439572.9216
CHLD 6 10.757812 1567439572.9216
CHLD 7 10.882812 1567439572.9217
MEM 715.632812 1567439573.0221
CHLD 0 1575.152344 1567439573.0580
CHLD 1 1516.945312 1567439573.0581
CHLD 2 1523.285156 1567439573.0581
CHLD 3 1530.746094 1567439573.0582
CHLD 4 10.730469 1567439573.0583
CHLD 5 10.621094 1567439573.0583
CHLD 6 10.757812 1567439573.0584
CHLD 7 10.882812 1567439573.0584
MEM 715.632812 1567439573.1666
CHLD 0 1575.152344 1567439573.2923
CHLD 1 1517.203125 1567439573.2923
CHLD 2 1523.285156 1567439573.2924
CHLD 3 1530.746094 1567439573.2925
CHLD 4 10.730469 1567439573.2925
CHLD 5 10.621094 1567439573.2926
CHLD 6 10.757812 1567439573.2927
CHLD 7 10.882812 1567439573.2927
MEM 715.632812 1567439573.3957
CHLD 0 1575.152344 1567439573.4386
CHLD 1 1517.203125 1567439573.4386
CHLD 2 1523.285156 1567439573.4462
CHLD 3 1530.746094 1567439573.4464
CHLD 4 10.730469 1567439573.4465
CHLD 5 10.621094 1567439573.4480
CHLD 6 10.757812 1567439573.4481
CHLD 7 10.882812 1567439573.4482
MEM 715.632812 1567439573.5492
CHLD 0 1575.152344 1567439573.5765
CHLD 1 1517.203125 1567439573.5766
CHLD 2 1523.796875 1567439573.5766
CHLD 3 1530.746094 1567439573.5767
CHLD 4 10.730469 1567439573.5767
CHLD 5 10.621094 1567439573.5768
CHLD 6 10.757812 1567439573.5769
CHLD 7 10.882812 1567439573.5769
MEM 715.632812 1567439573.6779
CHLD 0 1575.152344 1567439573.7053
CHLD 1 1517.203125 1567439573.7054
CHLD 2 1523.796875 1567439573.7054
CHLD 3 1530.746094 1567439573.7055
CHLD 4 10.730469 1567439573.7055
CHLD 5 10.621094 1567439573.7056
CHLD 6 10.757812 1567439573.7056
CHLD 7 10.882812 1567439573.7057
MEM 715.632812 1567439573.8062
CHLD 0 1575.152344 1567439573.8543
CHLD 1 1517.203125 1567439573.8591
CHLD 2 1523.796875 1567439573.8593
CHLD 3 1530.746094 1567439573.8594
CHLD 4 10.730469 1567439573.8600
CHLD 5 10.621094 1567439573.8601
CHLD 6 10.757812 1567439573.8601
CHLD 7 10.882812 1567439573.8602
MEM 715.632812 1567439573.9650
CHLD 0 1575.152344 1567439574.0335
CHLD 1 1517.203125 1567439574.0335
CHLD 2 1523.796875 1567439574.0336
CHLD 3 1530.746094 1567439574.0337
CHLD 4 10.730469 1567439574.0337
CHLD 5 10.621094 1567439574.0338
CHLD 6 10.757812 1567439574.0338
CHLD 7 10.882812 1567439574.0339
MEM 715.632812 1567439574.1343
CHLD 0 1575.152344 1567439574.1675
CHLD 1 1517.203125 1567439574.1676
CHLD 2 1523.796875 1567439574.1677
CHLD 3 1530.746094 1567439574.1677
CHLD 4 10.730469 1567439574.1678
CHLD 5 10.621094 1567439574.1678
CHLD 6 10.757812 1567439574.1679
CHLD 7 10.882812 1567439574.1679
MEM 715.632812 1567439574.2683
CHLD 0 1575.152344 1567439574.3024
CHLD 1 1517.203125 1567439574.3024
CHLD 2 1523.796875 1567439574.3025
CHLD 3 1530.746094 1567439574.3025
CHLD 4 10.730469 1567439574.3026
CHLD 5 10.621094 1567439574.3038
CHLD 6 10.757812 1567439574.3038
CHLD 7 10.882812 1567439574.3039
MEM 715.632812 1567439574.4044
CHLD 0 1575.152344 1567439574.4355
CHLD 1 1517.203125 1567439574.4356
CHLD 2 1523.796875 1567439574.4357
CHLD 3 1530.746094 1567439574.4357
CHLD 4 10.730469 1567439574.4358
CHLD 5 10.621094 1567439574.4358
CHLD 6 10.757812 1567439574.4359
CHLD 7 10.882812 1567439574.4359
MEM 715.632812 1567439574.5364
CHLD 0 1575.152344 1567439574.5518
CHLD 1 1517.203125 1567439574.5519
CHLD 2 1523.796875 1567439574.5519
CHLD 3 1530.746094 1567439574.5520
CHLD 4 10.730469 1567439574.5520
CHLD 5 10.621094 1567439574.5521
CHLD 6 10.757812 1567439574.5521
CHLD 7 10.882812 1567439574.5522
MEM 715.632812 1567439574.6527
CHLD 0 1575.152344 1567439574.6975
CHLD 1 1517.203125 1567439574.6975
CHLD 2 1523.796875 1567439574.6976
CHLD 3 1530.746094 1567439574.6977
CHLD 4 10.730469 1567439574.6977
CHLD 5 10.621094 1567439574.6978
CHLD 6 10.757812 1567439574.6978
CHLD 7 10.882812 1567439574.6979
MEM 715.632812 1567439574.7985
CHLD 0 1575.152344 1567439574.8297
CHLD 1 1517.203125 1567439574.8298
CHLD 2 1523.796875 1567439574.8298
CHLD 3 1530.746094 1567439574.8299
CHLD 4 10.730469 1567439574.8300
CHLD 5 10.621094 1567439574.8300
CHLD 6 10.757812 1567439574.8301
CHLD 7 10.882812 1567439574.8301
MEM 715.632812 1567439574.9307
CHLD 0 1575.152344 1567439574.9577
CHLD 1 1517.203125 1567439574.9577
CHLD 2 1523.796875 1567439574.9578
CHLD 3 1530.746094 1567439574.9579
CHLD 4 10.730469 1567439574.9579
CHLD 5 10.621094 1567439574.9580
CHLD 6 10.757812 1567439574.9581
CHLD 7 10.882812 1567439574.9581
MEM 715.632812 1567439575.0587
CHLD 0 1575.152344 1567439575.1106
CHLD 1 1517.203125 1567439575.1107
CHLD 2 1523.796875 1567439575.1108
CHLD 3 1530.746094 1567439575.1108
CHLD 4 10.730469 1567439575.1109
CHLD 5 10.621094 1567439575.1110
CHLD 6 10.757812 1567439575.1110
CHLD 7 10.882812 1567439575.1111
MEM 715.632812 1567439575.2118
CHLD 0 1575.152344 1567439575.2543
CHLD 1 1517.382812 1567439575.2544
CHLD 2 1523.796875 1567439575.2544
CHLD 3 1530.746094 1567439575.2545
CHLD 4 10.730469 1567439575.2545
CHLD 5 10.621094 1567439575.2546
CHLD 6 10.757812 1567439575.2547
CHLD 7 10.882812 1567439575.2547
MEM 715.632812 1567439575.3552
CHLD 0 1575.152344 1567439575.3906
CHLD 1 1517.632812 1567439575.3907
CHLD 2 1523.796875 1567439575.3907
CHLD 3 1530.746094 1567439575.3908
CHLD 4 10.730469 1567439575.3909
CHLD 5 10.621094 1567439575.3909
CHLD 6 10.757812 1567439575.3910
CHLD 7 10.882812 1567439575.3910
MEM 715.632812 1567439575.4914
CHLD 0 1575.152344 1567439575.5773
CHLD 1 1518.148438 1567439575.5774
CHLD 2 1523.796875 1567439575.5980
CHLD 3 1530.746094 1567439575.5981
CHLD 4 10.730469 1567439575.5982
CHLD 5 10.621094 1567439575.5982
CHLD 6 10.757812 1567439575.5983
CHLD 7 10.882812 1567439575.5984
MEM 715.632812 1567439575.7060
CHLD 0 1575.152344 1567439575.7941
CHLD 1 1518.148438 1567439575.7942
CHLD 2 1523.796875 1567439575.7942
CHLD 3 1530.746094 1567439575.7943
CHLD 4 10.730469 1567439575.7944
CHLD 5 10.621094 1567439575.7944
CHLD 6 10.757812 1567439575.7945
CHLD 7 10.882812 1567439575.7946
MEM 715.632812 1567439575.8950
CHLD 0 1575.152344 1567439575.9320
CHLD 1 1518.148438 1567439575.9321
CHLD 2 1523.796875 1567439575.9322
CHLD 3 1530.746094 1567439575.9322
CHLD 4 10.730469 1567439575.9323
CHLD 5 10.621094 1567439575.9324
CHLD 6 10.757812 1567439575.9324
CHLD 7 10.882812 1567439575.9325
MEM 715.632812 1567439576.0329
CHLD 0 1575.152344 1567439576.0582
CHLD 1 1518.148438 1567439576.0585
CHLD 2 1523.796875 1567439576.0586
CHLD 3 1530.746094 1567439576.0586
CHLD 4 10.730469 1567439576.0587
CHLD 5 10.621094 1567439576.0588
CHLD 6 10.757812 1567439576.0588
CHLD 7 10.882812 1567439576.0589
MEM 715.632812 1567439576.1593
CHLD 0 1575.152344 1567439576.1875
CHLD 1 1518.148438 1567439576.1876
CHLD 2 1523.796875 1567439576.1877
CHLD 3 1530.746094 1567439576.1877
CHLD 4 10.730469 1567439576.1878
CHLD 5 10.621094 1567439576.1879
CHLD 6 10.757812 1567439576.1879
CHLD 7 10.882812 1567439576.1880
MEM 715.632812 1567439576.2883
CHLD 0 1575.152344 1567439576.3145
CHLD 1 1518.148438 1567439576.3146
CHLD 2 1523.796875 1567439576.3147
CHLD 3 1530.746094 1567439576.3147
CHLD 4 10.730469 1567439576.3148
CHLD 5 10.621094 1567439576.3148
CHLD 6 10.757812 1567439576.3149
CHLD 7 10.882812 1567439576.3149
MEM 715.632812 1567439576.4155
CHLD 0 1575.152344 1567439576.4419
CHLD 1 1518.148438 1567439576.4420
CHLD 2 1523.796875 1567439576.4420
CHLD 3 1530.746094 1567439576.4421
CHLD 4 10.730469 1567439576.4422
CHLD 5 10.621094 1567439576.4422
CHLD 6 10.757812 1567439576.4423
CHLD 7 10.882812 1567439576.4423
MEM 715.632812 1567439576.5428
CHLD 0 1575.152344 1567439576.5679
CHLD 1 1518.148438 1567439576.5680
CHLD 2 1523.796875 1567439576.5680
CHLD 3 1530.746094 1567439576.5681
CHLD 4 10.730469 1567439576.5682
CHLD 5 10.621094 1567439576.5682
CHLD 6 10.757812 1567439576.5683
CHLD 7 10.882812 1567439576.5683
MEM 715.632812 1567439576.6688
CHLD 0 1575.152344 1567439576.6889
CHLD 1 1518.148438 1567439576.6890
CHLD 2 1523.796875 1567439576.6890
CHLD 3 1530.746094 1567439576.6891
CHLD 4 10.730469 1567439576.6891
CHLD 5 10.621094 1567439576.6892
CHLD 6 10.757812 1567439576.6892
CHLD 7 10.882812 1567439576.6893
MEM 715.632812 1567439576.7899
CHLD 0 1575.152344 1567439576.8040
CHLD 1 1518.148438 1567439576.8041
CHLD 2 1523.796875 1567439576.8041
CHLD 3 1530.746094 1567439576.8042
CHLD 4 10.730469 1567439576.8043
CHLD 5 10.621094 1567439576.8046
CHLD 6 10.757812 1567439576.8046
CHLD 7 10.882812 1567439576.8047
MEM 715.632812 1567439576.9051
CHLD 0 1575.152344 1567439576.9219
CHLD 1 1518.148438 1567439576.9220
CHLD 2 1523.796875 1567439576.9221
CHLD 3 1530.746094 1567439576.9222
CHLD 4 10.730469 1567439576.9222
CHLD 5 10.621094 1567439576.9223
CHLD 6 10.757812 1567439576.9224
CHLD 7 10.882812 1567439576.9224
MEM 715.632812 1567439577.0229
CHLD 0 1575.152344 1567439577.0380
CHLD 1 1518.148438 1567439577.0381
CHLD 2 1523.796875 1567439577.0381
CHLD 3 1530.746094 1567439577.0382
CHLD 4 10.730469 1567439577.0382
CHLD 5 10.621094 1567439577.0384
CHLD 6 10.757812 1567439577.0385
CHLD 7 10.882812 1567439577.0385
MEM 715.632812 1567439577.1390
CHLD 0 1575.152344 1567439577.1584
CHLD 1 1518.148438 1567439577.1585
CHLD 2 1523.796875 1567439577.1586
CHLD 3 1530.746094 1567439577.1586
CHLD 4 10.730469 1567439577.1587
CHLD 5 10.621094 1567439577.1587
CHLD 6 10.757812 1567439577.1588
CHLD 7 10.882812 1567439577.1589
MEM 715.632812 1567439577.2593
CHLD 0 1575.152344 1567439577.2757
CHLD 1 1518.148438 1567439577.2758
CHLD 2 1523.796875 1567439577.2758
CHLD 3 1530.746094 1567439577.2759
CHLD 4 10.730469 1567439577.2760
CHLD 5 10.621094 1567439577.2760
CHLD 6 10.757812 1567439577.2761
CHLD 7 10.882812 1567439577.2761
MEM 715.632812 1567439577.3766
CHLD 0 1575.152344 1567439577.3953
CHLD 1 1518.148438 1567439577.3953
CHLD 2 1523.796875 1567439577.3953
CHLD 3 1530.746094 1567439577.3954
CHLD 4 10.730469 1567439577.3954
CHLD 5 10.621094 1567439577.3954
CHLD 6 10.757812 1567439577.3955
CHLD 7 10.882812 1567439577.3955
MEM 715.632812 1567439577.4958
CHLD 0 1575.152344 1567439577.5155
CHLD 1 1518.148438 1567439577.5156
CHLD 2 1523.796875 1567439577.5156
CHLD 3 1530.746094 1567439577.5157
CHLD 4 10.730469 1567439577.5157
CHLD 5 10.621094 1567439577.5158
CHLD 6 10.757812 1567439577.5158
CHLD 7 10.882812 1567439577.5166
MEM 715.632812 1567439577.6171
CHLD 0 1575.152344 1567439577.6307
CHLD 1 1518.148438 1567439577.6307
CHLD 2 1523.796875 1567439577.6308
CHLD 3 1530.746094 1567439577.6308
CHLD 4 10.730469 1567439577.6308
CHLD 5 10.621094 1567439577.6309
CHLD 6 10.757812 1567439577.6309
CHLD 7 10.882812 1567439577.6309
MEM 715.632812 1567439577.7313
CHLD 0 1575.152344 1567439577.7568
CHLD 1 1518.148438 1567439577.7568
CHLD 2 1523.796875 1567439577.7569
CHLD 3 1530.746094 1567439577.7570
CHLD 4 10.730469 1567439577.7570
CHLD 5 10.621094 1567439577.7571
CHLD 6 10.757812 1567439577.7571
CHLD 7 10.882812 1567439577.7577
MEM 715.632812 1567439577.8581
CHLD 0 1575.152344 1567439577.8855
CHLD 1 1518.148438 1567439577.8856
CHLD 2 1523.796875 1567439577.8857
CHLD 3 1530.746094 1567439577.8857
CHLD 4 10.730469 1567439577.8858
CHLD 5 10.621094 1567439577.8859
CHLD 6 10.757812 1567439577.8859
CHLD 7 10.882812 1567439577.8888
MEM 715.632812 1567439577.9891
CHLD 0 1575.152344 1567439578.0042
CHLD 1 1518.148438 1567439578.0043
CHLD 2 1523.796875 1567439578.0043
CHLD 3 1530.746094 1567439578.0049
CHLD 4 10.730469 1567439578.0049
CHLD 5 10.621094 1567439578.0050
CHLD 6 10.757812 1567439578.0051
CHLD 7 10.882812 1567439578.0051
MEM 715.632812 1567439578.1056
CHLD 0 1575.152344 1567439578.1602
CHLD 1 1518.148438 1567439578.1602
CHLD 2 1523.796875 1567439578.1603
CHLD 3 1530.746094 1567439578.1604
CHLD 4 10.730469 1567439578.1605
CHLD 5 10.621094 1567439578.1605
CHLD 6 10.757812 1567439578.1606
CHLD 7 10.882812 1567439578.1607
MEM 715.632812 1567439578.2619
CHLD 0 1575.152344 1567439578.2917
CHLD 1 1518.148438 1567439578.2918
CHLD 2 1523.796875 1567439578.2918
CHLD 3 1530.746094 1567439578.2919
CHLD 4 10.730469 1567439578.2920
CHLD 5 10.621094 1567439578.2920
CHLD 6 10.757812 1567439578.2921
CHLD 7 10.882812 1567439578.2921
MEM 715.632812 1567439578.3925
CHLD 0 1575.152344 1567439578.4057
CHLD 1 1518.148438 1567439578.4057
CHLD 2 1523.796875 1567439578.4058
CHLD 3 1530.746094 1567439578.4059
CHLD 4 10.730469 1567439578.4059
CHLD 5 10.621094 1567439578.4060
CHLD 6 10.757812 1567439578.4060
CHLD 7 10.882812 1567439578.4061
MEM 715.632812 1567439578.5066
CHLD 0 1575.152344 1567439578.5171
CHLD 1 1518.148438 1567439578.5172
CHLD 2 1523.796875 1567439578.5173
CHLD 3 1530.746094 1567439578.5173
CHLD 4 10.730469 1567439578.5174
CHLD 5 10.621094 1567439578.5174
CHLD 6 10.757812 1567439578.5174
CHLD 7 10.882812 1567439578.5175
MEM 715.632812 1567439578.6179
CHLD 0 1575.152344 1567439578.6337
CHLD 1 1518.148438 1567439578.6338
CHLD 2 1523.796875 1567439578.6338
CHLD 3 1530.746094 1567439578.6339
CHLD 4 10.730469 1567439578.6339
CHLD 5 10.621094 1567439578.6339
CHLD 6 10.757812 1567439578.6340
CHLD 7 10.882812 1567439578.6340
MEM 715.632812 1567439578.7344
CHLD 0 1575.152344 1567439578.7512
CHLD 1 1518.148438 1567439578.7513
CHLD 2 1523.796875 1567439578.7513
CHLD 3 1530.746094 1567439578.7514
CHLD 4 10.730469 1567439578.7514
CHLD 5 10.621094 1567439578.7515
CHLD 6 10.757812 1567439578.7515
CHLD 7 10.882812 1567439578.7516
MEM 715.632812 1567439578.8526
CHLD 0 1575.152344 1567439578.8661
CHLD 1 1518.148438 1567439578.8661
CHLD 2 1523.796875 1567439578.8661
CHLD 3 1530.746094 1567439578.8662
CHLD 4 10.730469 1567439578.8662
CHLD 5 10.621094 1567439578.8662
CHLD 6 10.757812 1567439578.8663
CHLD 7 10.882812 1567439578.8664
MEM 715.632812 1567439578.9668
CHLD 0 1575.152344 1567439578.9804
CHLD 1 1518.148438 1567439578.9804
CHLD 2 1523.796875 1567439578.9805
CHLD 3 1530.746094 1567439578.9806
CHLD 4 10.730469 1567439578.9806
CHLD 5 10.621094 1567439578.9807
CHLD 6 10.757812 1567439578.9807
CHLD 7 10.882812 1567439578.9808
MEM 715.632812 1567439579.0813
CHLD 0 1575.152344 1567439579.1002
CHLD 1 1518.148438 1567439579.1002
CHLD 2 1523.796875 1567439579.1003
CHLD 3 1530.746094 1567439579.1004
CHLD 4 10.730469 1567439579.1004
CHLD 5 10.621094 1567439579.1005
CHLD 6 10.757812 1567439579.1005
CHLD 7 10.882812 1567439579.1006
MEM 715.632812 1567439579.2010
CHLD 0 1575.152344 1567439579.2134
CHLD 1 1518.148438 1567439579.2135
CHLD 2 1523.796875 1567439579.2135
CHLD 3 1530.746094 1567439579.2137
CHLD 4 10.730469 1567439579.2139
CHLD 5 10.621094 1567439579.2141
CHLD 6 10.757812 1567439579.2142
CHLD 7 10.882812 1567439579.2142
MEM 715.632812 1567439579.3146
CHLD 0 1575.152344 1567439579.3271
CHLD 1 1518.148438 1567439579.3271
CHLD 2 1523.796875 1567439579.3272
CHLD 3 1530.746094 1567439579.3273
CHLD 4 10.730469 1567439579.3274
CHLD 5 10.621094 1567439579.3274
CHLD 6 10.757812 1567439579.3275
CHLD 7 10.882812 1567439579.3275
MEM 715.632812 1567439579.4280
CHLD 0 1575.152344 1567439579.4431
CHLD 1 1518.148438 1567439579.4431
CHLD 2 1523.796875 1567439579.4432
CHLD 3 1530.746094 1567439579.4432
CHLD 4 10.730469 1567439579.4433
CHLD 5 10.621094 1567439579.4433
CHLD 6 10.757812 1567439579.4434
CHLD 7 10.882812 1567439579.4434
MEM 715.632812 1567439579.5439
CHLD 0 1575.152344 1567439579.5580
CHLD 1 1518.148438 1567439579.5580
CHLD 2 1523.796875 1567439579.5581
CHLD 3 1530.746094 1567439579.5582
CHLD 4 10.730469 1567439579.5582
CHLD 5 10.621094 1567439579.5583
CHLD 6 10.757812 1567439579.5584
CHLD 7 10.882812 1567439579.5585
MEM 715.632812 1567439579.6589
CHLD 0 1575.152344 1567439579.6737
CHLD 1 1518.148438 1567439579.6738
CHLD 2 1523.796875 1567439579.6739
CHLD 3 1530.746094 1567439579.6739
CHLD 4 10.730469 1567439579.6739
CHLD 5 10.621094 1567439579.6740
CHLD 6 10.757812 1567439579.6740
CHLD 7 10.882812 1567439579.6740
MEM 715.632812 1567439579.7745
CHLD 0 1575.152344 1567439579.7903
CHLD 1 1518.148438 1567439579.7903
CHLD 2 1523.796875 1567439579.7904
CHLD 3 1530.746094 1567439579.7904
CHLD 4 10.730469 1567439579.7905
CHLD 5 10.621094 1567439579.7905
CHLD 6 10.757812 1567439579.7906
CHLD 7 10.882812 1567439579.7906
MEM 715.632812 1567439579.8910
CHLD 0 1575.152344 1567439579.9072
CHLD 1 1518.148438 1567439579.9073
CHLD 2 1523.796875 1567439579.9074
CHLD 3 1530.746094 1567439579.9074
CHLD 4 10.730469 1567439579.9075
CHLD 5 10.621094 1567439579.9076
CHLD 6 10.757812 1567439579.9076
CHLD 7 10.882812 1567439579.9077
MEM 715.632812 1567439580.0082
CHLD 0 1575.152344 1567439580.0214
CHLD 1 1518.148438 1567439580.0215
CHLD 2 1523.796875 1567439580.0215
CHLD 3 1530.746094 1567439580.0216
CHLD 4 10.730469 1567439580.0216
CHLD 5 10.621094 1567439580.0217
CHLD 6 10.757812 1567439580.0217
CHLD 7 10.882812 1567439580.0218
MEM 715.632812 1567439580.1221
CHLD 0 1575.152344 1567439580.1355
CHLD 1 1518.148438 1567439580.1356
CHLD 2 1523.796875 1567439580.1356
CHLD 3 1530.746094 1567439580.1357
CHLD 4 10.730469 1567439580.1357
CHLD 5 10.621094 1567439580.1357
CHLD 6 10.757812 1567439580.1358
CHLD 7 10.882812 1567439580.1358
MEM 715.632812 1567439580.2363
CHLD 0 1575.152344 1567439580.2478
CHLD 1 1518.148438 1567439580.2478
CHLD 2 1523.796875 1567439580.2479
CHLD 3 1530.746094 1567439580.2479
CHLD 4 10.730469 1567439580.2480
CHLD 5 10.621094 1567439580.2480
CHLD 6 10.757812 1567439580.2481
CHLD 7 10.882812 1567439580.2481
MEM 715.632812 1567439580.3485
CHLD 0 1575.152344 1567439580.3614
CHLD 1 1518.148438 1567439580.3614
CHLD 2 1523.796875 1567439580.3615
CHLD 3 1530.746094 1567439580.3615
CHLD 4 10.730469 1567439580.3616
CHLD 5 10.621094 1567439580.3616
CHLD 6 10.757812 1567439580.3616
CHLD 7 10.882812 1567439580.3617
MEM 715.632812 1567439580.4621
CHLD 0 1575.152344 1567439580.4739
CHLD 1 1518.148438 1567439580.4739
CHLD 2 1523.796875 1567439580.4740
CHLD 3 1530.746094 1567439580.4740
CHLD 4 10.730469 1567439580.4740
CHLD 5 10.621094 1567439580.4741
CHLD 6 10.757812 1567439580.4741
CHLD 7 10.882812 1567439580.4741
MEM 715.632812 1567439580.5746
CHLD 0 1575.152344 1567439580.5877
CHLD 1 1518.148438 1567439580.5878
CHLD 2 1523.796875 1567439580.5878
CHLD 3 1530.746094 1567439580.5879
CHLD 4 10.730469 1567439580.5880
CHLD 5 10.621094 1567439580.5880
CHLD 6 10.757812 1567439580.5881
CHLD 7 10.882812 1567439580.5881
MEM 715.632812 1567439580.6885
CHLD 0 1575.152344 1567439580.7004
CHLD 1 1518.148438 1567439580.7004
CHLD 2 1523.796875 1567439580.7005
CHLD 3 1530.746094 1567439580.7005
CHLD 4 10.730469 1567439580.7005
CHLD 5 10.621094 1567439580.7006
CHLD 6 10.757812 1567439580.7006
CHLD 7 10.882812 1567439580.7006
MEM 715.632812 1567439580.8011
CHLD 0 1575.152344 1567439580.8161
CHLD 1 1518.148438 1567439580.8161
CHLD 2 1523.796875 1567439580.8161
CHLD 3 1530.746094 1567439580.8162
CHLD 4 10.730469 1567439580.8162
CHLD 5 10.621094 1567439580.8162
CHLD 6 10.757812 1567439580.8163
CHLD 7 10.882812 1567439580.8163
MEM 715.871094 1567439580.9167
CHLD 0 0.000000 1567439580.9409
CHLD 1 0.000000 1567439580.9409
CHLD 2 0.000000 1567439580.9410
CHLD 3 0.000000 1567439580.9410
CHLD 4 10.730469 1567439580.9411
CHLD 5 10.621094 1567439580.9411
CHLD 6 10.757812 1567439580.9412
CHLD 7 10.882812 1567439580.9412
MEM 720.210938 1567439581.0416
MEM 732.156250 1567439581.1556
MEM 732.937500 1567439581.2637
MEM 733.160156 1567439581.3723
MEM 733.160156 1567439581.4841
MEM 732.910156 1567439581.5958
