CMDLINE /home/dn16382/anaconda3/bin/python mnist_example.py
MEM 1.890625 1567443107.2219
MEM 18.015625 1567443107.3306
MEM 34.406250 1567443107.4581
MEM 42.886719 1567443107.5683
MEM 64.757812 1567443107.6764
MEM 73.910156 1567443107.7845
MEM 82.070312 1567443107.8925
MEM 126.695312 1567443108.0006
MEM 164.332031 1567443108.1102
MEM 165.343750 1567443108.2181
MEM 172.714844 1567443108.3260
MEM 181.617188 1567443108.4351
MEM 187.132812 1567443108.5434
MEM 195.613281 1567443108.6514
MEM 206.460938 1567443108.7594
MEM 215.796875 1567443108.8673
MEM 219.156250 1567443108.9756
MEM 231.882812 1567443109.0836
MEM 239.468750 1567443109.1917
MEM 254.187500 1567443109.3055
MEM 256.093750 1567443109.4167
MEM 265.398438 1567443109.5262
MEM 269.890625 1567443109.6341
MEM 286.390625 1567443109.7422
MEM 303.148438 1567443109.8502
MEM 365.406250 1567443109.9584
MEM 353.187500 1567443110.0678
MEM 421.507812 1567443110.1763
MEM 584.960938 1567443110.2846
MEM 681.187500 1567443110.3929
MEM 636.328125 1567443110.5019
MEM 712.000000 1567443110.6101
MEM 821.429688 1567443110.7186
CHLD 0 600.992188 1567443110.7333
CHLD 1 601.000000 1567443110.7334
CHLD 2 601.000000 1567443110.7334
CHLD 3 601.000000 1567443110.7335
MEM 1029.742188 1567443110.8340
CHLD 0 600.992188 1567443110.8485
CHLD 1 601.000000 1567443110.8486
CHLD 2 601.000000 1567443110.8487
CHLD 3 601.000000 1567443110.8487
MEM 1233.117188 1567443110.9492
CHLD 0 600.992188 1567443110.9637
CHLD 1 601.000000 1567443110.9638
CHLD 2 601.000000 1567443110.9638
CHLD 3 601.000000 1567443110.9639
MEM 1431.890625 1567443111.0644
CHLD 0 600.992188 1567443111.0785
CHLD 1 601.000000 1567443111.0785
CHLD 2 601.000000 1567443111.0786
CHLD 3 601.000000 1567443111.0787
MEM 1136.582031 1567443111.1791
CHLD 0 648.445312 1567443111.1919
CHLD 1 601.000000 1567443111.1919
CHLD 2 601.000000 1567443111.1920
CHLD 3 601.000000 1567443111.1920
MEM 1136.582031 1567443111.2924
CHLD 0 802.101562 1567443111.3015
CHLD 1 601.000000 1567443111.3015
CHLD 2 601.000000 1567443111.3016
CHLD 3 601.000000 1567443111.3016
MEM 1136.582031 1567443111.4021
CHLD 0 959.882812 1567443111.4153
CHLD 1 601.000000 1567443111.4154
CHLD 2 601.000000 1567443111.4154
CHLD 3 601.000000 1567443111.4155
MEM 769.582031 1567443111.5159
CHLD 0 1111.992188 1567443111.5304
CHLD 1 601.000000 1567443111.5304
CHLD 2 601.000000 1567443111.5305
CHLD 3 601.000000 1567443111.5306
MEM 924.785156 1567443111.6311
CHLD 0 1289.882812 1567443111.6469
CHLD 1 601.000000 1567443111.6470
CHLD 2 601.000000 1567443111.6470
CHLD 3 601.000000 1567443111.6471
MEM 1092.363281 1567443111.7475
CHLD 0 1026.683594 1567443111.7609
CHLD 1 601.000000 1567443111.7610
CHLD 2 601.000000 1567443111.7611
CHLD 3 601.000000 1567443111.7611
MEM 1281.082031 1567443111.8617
CHLD 0 1217.464844 1567443111.8765
CHLD 1 601.000000 1567443111.8766
CHLD 2 601.000000 1567443111.8766
CHLD 3 601.000000 1567443111.8767
MEM 1480.410156 1567443111.9772
CHLD 0 1408.562500 1567443111.9939
CHLD 1 601.000000 1567443111.9940
CHLD 2 601.000000 1567443111.9941
CHLD 3 601.000000 1567443111.9941
MEM 1136.593750 1567443112.0946
CHLD 0 1025.925781 1567443112.1085
CHLD 1 663.687500 1567443112.1086
CHLD 2 601.000000 1567443112.1086
CHLD 3 601.000000 1567443112.1087
CHLD 4 7.507812 1567443112.1088
MEM 1136.593750 1567443112.2092
CHLD 0 1036.945312 1567443112.2175
CHLD 1 796.203125 1567443112.2176
CHLD 2 601.000000 1567443112.2176
CHLD 3 601.000000 1567443112.2177
CHLD 4 10.757812 1567443112.2177
MEM 1136.593750 1567443112.3181
CHLD 0 1038.296875 1567443112.3322
CHLD 1 928.460938 1567443112.3322
CHLD 2 601.000000 1567443112.3323
CHLD 3 601.000000 1567443112.3324
CHLD 4 10.757812 1567443112.3324
MEM 720.617188 1567443112.4328
CHLD 0 1048.656250 1567443112.4510
CHLD 1 1097.585938 1567443112.4511
CHLD 2 601.000000 1567443112.4512
CHLD 3 601.000000 1567443112.4512
CHLD 4 10.757812 1567443112.4513
MEM 870.148438 1567443112.5517
CHLD 0 1054.281250 1567443112.5656
CHLD 1 1242.218750 1567443112.5657
CHLD 2 601.000000 1567443112.5658
CHLD 3 601.000000 1567443112.5658
CHLD 4 10.757812 1567443112.5659
MEM 1020.195312 1567443112.6664
CHLD 0 1056.644531 1567443112.6825
CHLD 1 1413.921875 1567443112.6826
CHLD 2 601.000000 1567443112.6827
CHLD 3 601.000000 1567443112.6827
CHLD 4 10.757812 1567443112.6828
MEM 1180.296875 1567443112.7833
CHLD 0 1058.519531 1567443112.7989
CHLD 1 1153.531250 1567443112.7989
CHLD 2 601.000000 1567443112.7990
CHLD 3 601.000000 1567443112.7991
CHLD 4 10.757812 1567443112.7991
MEM 1342.460938 1567443112.8998
CHLD 0 1060.324219 1567443112.9290
CHLD 1 1362.875000 1567443112.9291
CHLD 2 601.000000 1567443112.9291
CHLD 3 601.000000 1567443112.9292
CHLD 4 10.757812 1567443112.9292
MEM 1524.765625 1567443113.0297
CHLD 0 1060.679688 1567443113.0429
CHLD 1 1024.570312 1567443113.0429
CHLD 2 601.000000 1567443113.0430
CHLD 3 601.000000 1567443113.0431
CHLD 4 0.007812 1567443113.0431
CHLD 5 10.757812 1567443113.0432
MEM 1136.601562 1567443113.1436
CHLD 0 1061.242188 1567443113.1576
CHLD 1 1033.187500 1567443113.1576
CHLD 2 696.945312 1567443113.1577
CHLD 3 601.000000 1567443113.1577
CHLD 4 10.683594 1567443113.1578
CHLD 5 10.757812 1567443113.1579
MEM 1136.601562 1567443113.2583
CHLD 0 1069.539062 1567443113.2719
CHLD 1 1037.476562 1567443113.2720
CHLD 2 835.132812 1567443113.2720
CHLD 3 601.000000 1567443113.2721
CHLD 4 10.683594 1567443113.2721
CHLD 5 10.757812 1567443113.2722
MEM 1136.601562 1567443113.3726
CHLD 0 1075.460938 1567443113.3866
CHLD 1 1042.617188 1567443113.3867
CHLD 2 976.414062 1567443113.3867
CHLD 3 601.000000 1567443113.3868
CHLD 4 10.683594 1567443113.3868
CHLD 5 10.757812 1567443113.3869
MEM 739.960938 1567443113.4874
CHLD 0 1083.140625 1567443113.5116
CHLD 1 1053.863281 1567443113.5117
CHLD 2 1085.984375 1567443113.5118
CHLD 3 601.000000 1567443113.5118
CHLD 4 10.683594 1567443113.5119
CHLD 5 10.757812 1567443113.5119
MEM 927.906250 1567443113.6124
CHLD 0 1083.140625 1567443113.6346
CHLD 1 1054.191406 1567443113.6347
CHLD 2 1221.851562 1567443113.6347
CHLD 3 601.000000 1567443113.6348
CHLD 4 10.683594 1567443113.6349
CHLD 5 10.757812 1567443113.6349
MEM 1107.859375 1567443113.7356
CHLD 0 1109.445312 1567443113.7629
CHLD 1 1056.664062 1567443113.7629
CHLD 2 1364.164062 1567443113.7630
CHLD 3 601.000000 1567443113.7631
CHLD 4 10.683594 1567443113.7631
CHLD 5 10.757812 1567443113.7632
MEM 1170.765625 1567443113.8666
CHLD 0 1119.566406 1567443113.9109
CHLD 1 1058.476562 1567443113.9109
CHLD 2 1052.550781 1567443113.9110
CHLD 3 601.000000 1567443113.9110
CHLD 4 10.683594 1567443113.9111
CHLD 5 10.757812 1567443113.9111
MEM 1352.523438 1567443114.0145
CHLD 0 1120.597656 1567443114.1029
CHLD 1 1059.789062 1567443114.1030
CHLD 2 1076.960938 1567443114.1031
CHLD 3 601.000000 1567443114.1031
CHLD 4 10.683594 1567443114.1032
CHLD 5 10.757812 1567443114.1032
MEM 1514.718750 1567443114.2036
CHLD 0 1122.660156 1567443114.2178
CHLD 1 1060.238281 1567443114.2179
CHLD 2 1192.460938 1567443114.2179
CHLD 3 601.000000 1567443114.2180
CHLD 4 10.683594 1567443114.2180
CHLD 5 10.757812 1567443114.2181
MEM 1136.613281 1567443114.3187
CHLD 0 1122.660156 1567443114.3570
CHLD 1 1060.621094 1567443114.3571
CHLD 2 1349.468750 1567443114.3571
CHLD 3 639.710938 1567443114.3589
CHLD 4 10.683594 1567443114.3590
CHLD 5 10.757812 1567443114.3591
MEM 1136.613281 1567443114.4595
CHLD 0 1126.785156 1567443114.4825
CHLD 1 1061.156250 1567443114.4825
CHLD 2 1424.546875 1567443114.4826
CHLD 3 754.437500 1567443114.4827
CHLD 4 10.683594 1567443114.4827
CHLD 5 10.757812 1567443114.4828
MEM 1136.613281 1567443114.5833
CHLD 0 1127.558594 1567443114.5987
CHLD 1 1061.632812 1567443114.5990
CHLD 2 1024.546875 1567443114.5990
CHLD 3 843.898438 1567443114.5991
CHLD 4 10.683594 1567443114.5992
CHLD 5 10.757812 1567443114.5992
MEM 1136.613281 1567443114.6997
CHLD 0 1129.878906 1567443114.7102
CHLD 1 1061.804688 1567443114.7175
CHLD 2 1033.140625 1567443114.7218
CHLD 3 891.593750 1567443114.7219
CHLD 4 8.207031 1567443114.7219
CHLD 5 10.683594 1567443114.7220
CHLD 6 10.757812 1567443114.7220
MEM 1136.613281 1567443114.8225
CHLD 0 1129.878906 1567443114.8322
CHLD 1 1070.132812 1567443114.8323
CHLD 2 1037.207031 1567443114.8324
CHLD 3 942.125000 1567443114.8325
CHLD 4 10.835938 1567443114.8325
CHLD 5 10.683594 1567443114.8326
CHLD 6 10.757812 1567443114.8326
MEM 1136.613281 1567443114.9346
CHLD 0 1133.488281 1567443114.9670
CHLD 1 1075.394531 1567443114.9671
CHLD 2 1039.464844 1567443114.9671
CHLD 3 999.359375 1567443114.9672
CHLD 4 10.835938 1567443114.9673
CHLD 5 10.683594 1567443114.9673
CHLD 6 10.757812 1567443114.9674
MEM 871.082031 1567443115.0678
CHLD 0 1133.746094 1567443115.0805
CHLD 1 1075.667969 1567443115.0852
CHLD 2 1042.738281 1567443115.0853
CHLD 3 1054.531250 1567443115.0854
CHLD 4 10.835938 1567443115.0855
CHLD 5 10.683594 1567443115.0856
CHLD 6 10.757812 1567443115.0857
MEM 767.558594 1567443115.1861
CHLD 0 1133.746094 1567443115.2050
CHLD 1 1075.929688 1567443115.2051
CHLD 2 1049.339844 1567443115.2052
CHLD 3 1189.367188 1567443115.2052
CHLD 4 10.835938 1567443115.2053
CHLD 5 10.683594 1567443115.2053
CHLD 6 10.757812 1567443115.2054
MEM 894.660156 1567443115.3059
CHLD 0 1133.746094 1567443115.3652
CHLD 1 1076.902344 1567443115.3653
CHLD 2 1053.152344 1567443115.3654
CHLD 3 1311.828125 1567443115.3654
CHLD 4 10.835938 1567443115.3655
CHLD 5 10.683594 1567443115.3655
CHLD 6 10.757812 1567443115.3656
MEM 1096.269531 1567443115.4750
CHLD 0 1133.746094 1567443115.5059
CHLD 1 1081.792969 1567443115.5060
CHLD 2 1053.875000 1567443115.5061
CHLD 3 1403.867188 1567443115.5061
CHLD 4 10.835938 1567443115.5062
CHLD 5 10.683594 1567443115.5062
CHLD 6 10.757812 1567443115.5063
MEM 1182.378906 1567443115.6068
CHLD 0 1134.777344 1567443115.6378
CHLD 1 1082.050781 1567443115.6379
CHLD 2 1054.281250 1567443115.6379
CHLD 3 1052.550781 1567443115.6380
CHLD 4 10.835938 1567443115.6380
CHLD 5 10.683594 1567443115.6381
CHLD 6 10.757812 1567443115.6381
MEM 1272.355469 1567443115.7385
CHLD 0 1134.777344 1567443115.7558
CHLD 1 1082.566406 1567443115.7559
CHLD 2 1054.531250 1567443115.7560
CHLD 3 1082.375000 1567443115.7560
CHLD 4 10.835938 1567443115.7561
CHLD 5 10.683594 1567443115.7561
CHLD 6 10.757812 1567443115.7562
MEM 1370.066406 1567443115.8566
CHLD 0 1134.777344 1567443115.9005
CHLD 1 1082.566406 1567443115.9005
CHLD 2 1054.785156 1567443115.9006
CHLD 3 1181.375000 1567443115.9007
CHLD 4 10.835938 1567443115.9007
CHLD 5 10.683594 1567443115.9008
CHLD 6 10.757812 1567443115.9008
MEM 1441.253906 1567443116.0013
CHLD 0 1134.777344 1567443116.0334
CHLD 1 1082.824219 1567443116.0335
CHLD 2 1054.949219 1567443116.0336
CHLD 3 1251.242188 1567443116.0336
CHLD 4 10.835938 1567443116.0337
CHLD 5 10.683594 1567443116.0338
CHLD 6 10.757812 1567443116.0338
MEM 1500.550781 1567443116.1343
CHLD 0 1135.808594 1567443116.1565
CHLD 1 1082.824219 1567443116.1566
CHLD 2 1056.042969 1567443116.1567
CHLD 3 1306.671875 1567443116.1567
CHLD 4 10.835938 1567443116.1568
CHLD 5 10.683594 1567443116.1569
CHLD 6 10.757812 1567443116.1569
MEM 1555.207031 1567443116.2573
CHLD 0 1135.808594 1567443116.2726
CHLD 1 1082.824219 1567443116.2726
CHLD 2 1056.042969 1567443116.2727
CHLD 3 1354.109375 1567443116.2728
CHLD 4 10.835938 1567443116.2728
CHLD 5 10.683594 1567443116.2729
CHLD 6 10.757812 1567443116.2730
MEM 1190.613281 1567443116.3758
CHLD 0 1135.808594 1567443116.4356
CHLD 1 1082.824219 1567443116.4357
CHLD 2 1060.347656 1567443116.4358
CHLD 3 1402.117188 1567443116.4358
CHLD 4 10.835938 1567443116.4359
CHLD 5 10.683594 1567443116.4360
CHLD 6 10.757812 1567443116.4360
MEM 1136.613281 1567443116.5370
CHLD 0 1135.808594 1567443116.5606
CHLD 1 1082.824219 1567443116.5607
CHLD 2 1060.750000 1567443116.5608
CHLD 3 1021.210938 1567443116.5608
CHLD 4 10.835938 1567443116.5609
CHLD 5 10.683594 1567443116.5610
CHLD 6 10.757812 1567443116.5610
MEM 1136.613281 1567443116.6626
CHLD 0 1136.066406 1567443116.6770
CHLD 1 1082.824219 1567443116.6771
CHLD 2 1061.085938 1567443116.6771
CHLD 3 1025.972656 1567443116.6772
CHLD 4 1.921875 1567443116.6773
CHLD 5 10.835938 1567443116.6773
CHLD 6 10.683594 1567443116.6774
CHLD 7 10.757812 1567443116.6774
MEM 1136.613281 1567443116.7779
CHLD 0 1136.066406 1567443116.8198
CHLD 1 1082.824219 1567443116.8199
CHLD 2 1061.609375 1567443116.8199
CHLD 3 1032.859375 1567443116.8200
CHLD 4 10.847656 1567443116.8201
CHLD 5 10.835938 1567443116.8201
CHLD 6 10.683594 1567443116.8202
CHLD 7 10.757812 1567443116.8202
MEM 1136.613281 1567443116.9207
CHLD 0 1136.066406 1567443116.9460
CHLD 1 1082.824219 1567443116.9460
CHLD 2 1061.957031 1567443116.9461
CHLD 3 1036.949219 1567443116.9461
CHLD 4 10.847656 1567443116.9462
CHLD 5 10.835938 1567443116.9463
CHLD 6 10.683594 1567443116.9463
CHLD 7 10.757812 1567443116.9465
MEM 1136.613281 1567443117.0469
CHLD 0 1136.066406 1567443117.0723
CHLD 1 1082.824219 1567443117.0724
CHLD 2 1062.617188 1567443117.0725
CHLD 3 1037.359375 1567443117.0725
CHLD 4 10.847656 1567443117.0726
CHLD 5 10.835938 1567443117.0726
CHLD 6 10.683594 1567443117.0727
CHLD 7 10.757812 1567443117.0727
MEM 1136.613281 1567443117.1740
CHLD 0 1136.066406 1567443117.1994
CHLD 1 1082.824219 1567443117.1995
CHLD 2 1070.910156 1567443117.1996
CHLD 3 1040.785156 1567443117.1996
CHLD 4 10.847656 1567443117.1997
CHLD 5 10.835938 1567443117.1998
CHLD 6 10.683594 1567443117.1998
CHLD 7 10.757812 1567443117.1999
MEM 1136.613281 1567443117.3003
CHLD 0 1136.066406 1567443117.3194
CHLD 1 1082.824219 1567443117.3195
CHLD 2 1073.488281 1567443117.3196
CHLD 3 1049.339844 1567443117.3196
CHLD 4 10.847656 1567443117.3197
CHLD 5 10.835938 1567443117.3197
CHLD 6 10.683594 1567443117.3198
CHLD 7 10.757812 1567443117.3199
MEM 1136.613281 1567443117.4204
CHLD 0 1136.066406 1567443117.4366
CHLD 1 1082.824219 1567443117.4366
CHLD 2 1074.808594 1567443117.4367
CHLD 3 1053.945312 1567443117.4368
CHLD 4 10.847656 1567443117.4368
CHLD 5 10.835938 1567443117.4369
CHLD 6 10.683594 1567443117.4369
CHLD 7 10.757812 1567443117.4370
MEM 1136.613281 1567443117.5374
CHLD 0 1136.066406 1567443117.5657
CHLD 1 1082.824219 1567443117.5657
CHLD 2 1079.382812 1567443117.5658
CHLD 3 1054.222656 1567443117.5659
CHLD 4 10.847656 1567443117.5659
CHLD 5 10.835938 1567443117.5660
CHLD 6 10.683594 1567443117.5661
CHLD 7 10.757812 1567443117.5661
MEM 1136.613281 1567443117.6665
CHLD 0 1136.066406 1567443117.7044
CHLD 1 1082.824219 1567443117.7045
CHLD 2 1085.878906 1567443117.7045
CHLD 3 1054.761719 1567443117.7046
CHLD 4 10.847656 1567443117.7047
CHLD 5 10.835938 1567443117.7047
CHLD 6 10.683594 1567443117.7048
CHLD 7 10.757812 1567443117.7048
MEM 1136.613281 1567443117.8053
CHLD 0 1136.066406 1567443117.8417
CHLD 1 1082.824219 1567443117.8418
CHLD 2 1088.964844 1567443117.8419
CHLD 3 1055.273438 1567443117.8419
CHLD 4 10.847656 1567443117.8420
CHLD 5 10.835938 1567443117.8420
CHLD 6 10.683594 1567443117.8421
CHLD 7 10.757812 1567443117.8421
MEM 1136.613281 1567443117.9426
CHLD 0 1136.066406 1567443117.9815
CHLD 1 1082.824219 1567443117.9816
CHLD 2 1088.964844 1567443117.9817
CHLD 3 1059.824219 1567443117.9817
CHLD 4 10.847656 1567443117.9818
CHLD 5 10.835938 1567443117.9818
CHLD 6 10.683594 1567443117.9819
CHLD 7 10.757812 1567443117.9820
MEM 1136.613281 1567443118.0824
CHLD 0 1136.066406 1567443118.1051
CHLD 1 1082.824219 1567443118.1051
CHLD 2 1088.964844 1567443118.1052
CHLD 3 1060.492188 1567443118.1052
CHLD 4 10.847656 1567443118.1053
CHLD 5 10.835938 1567443118.1054
CHLD 6 10.683594 1567443118.1054
CHLD 7 10.757812 1567443118.1055
MEM 1136.613281 1567443118.2067
CHLD 0 1136.066406 1567443118.2342
CHLD 1 1082.824219 1567443118.2344
CHLD 2 1088.964844 1567443118.2344
CHLD 3 1061.148438 1567443118.2345
CHLD 4 10.847656 1567443118.2346
CHLD 5 10.835938 1567443118.2346
CHLD 6 10.683594 1567443118.2347
CHLD 7 10.757812 1567443118.2347
MEM 1136.613281 1567443118.3354
CHLD 0 1136.066406 1567443118.3529
CHLD 1 1082.824219 1567443118.3530
CHLD 2 1112.933594 1567443118.3530
CHLD 3 1061.324219 1567443118.3531
CHLD 4 10.847656 1567443118.3531
CHLD 5 10.835938 1567443118.3532
CHLD 6 10.683594 1567443118.3532
CHLD 7 10.757812 1567443118.3533
MEM 1136.613281 1567443118.4538
CHLD 0 1136.066406 1567443118.4774
CHLD 1 1082.824219 1567443118.4775
CHLD 2 1119.769531 1567443118.4776
CHLD 3 1061.675781 1567443118.4776
CHLD 4 10.847656 1567443118.4777
CHLD 5 10.835938 1567443118.4777
CHLD 6 10.683594 1567443118.4778
CHLD 7 10.757812 1567443118.4779
MEM 1136.613281 1567443118.5783
CHLD 0 1136.066406 1567443118.6025
CHLD 1 1082.824219 1567443118.6026
CHLD 2 1122.347656 1567443118.6027
CHLD 3 1061.824219 1567443118.6027
CHLD 4 10.847656 1567443118.6028
CHLD 5 10.835938 1567443118.6029
CHLD 6 10.683594 1567443118.6030
CHLD 7 10.757812 1567443118.6030
MEM 1136.613281 1567443118.7035
CHLD 0 1136.066406 1567443118.7225
CHLD 1 1082.824219 1567443118.7226
CHLD 2 1125.441406 1567443118.7227
CHLD 3 1061.996094 1567443118.7227
CHLD 4 10.847656 1567443118.7228
CHLD 5 10.835938 1567443118.7229
CHLD 6 10.683594 1567443118.7229
CHLD 7 10.757812 1567443118.7230
MEM 1136.613281 1567443118.8235
CHLD 0 1136.066406 1567443118.8719
CHLD 1 1082.824219 1567443118.8720
CHLD 2 1125.699219 1567443118.8721
CHLD 3 1062.324219 1567443118.8721
CHLD 4 10.847656 1567443118.8722
CHLD 5 10.835938 1567443118.8723
CHLD 6 10.683594 1567443118.8723
CHLD 7 10.757812 1567443118.8833
MEM 1136.613281 1567443118.9838
CHLD 0 1136.066406 1567443119.0095
CHLD 1 1082.824219 1567443119.0095
CHLD 2 1127.761719 1567443119.0096
CHLD 3 1070.109375 1567443119.0097
CHLD 4 10.847656 1567443119.0097
CHLD 5 10.835938 1567443119.0098
CHLD 6 10.683594 1567443119.0099
CHLD 7 10.757812 1567443119.0099
MEM 1136.613281 1567443119.1105
CHLD 0 1136.066406 1567443119.1587
CHLD 1 1082.824219 1567443119.1588
CHLD 2 1127.761719 1567443119.1609
CHLD 3 1072.742188 1567443119.1621
CHLD 4 10.847656 1567443119.1621
CHLD 5 10.835938 1567443119.1622
CHLD 6 10.683594 1567443119.1623
CHLD 7 10.757812 1567443119.1623
MEM 1136.613281 1567443119.2630
CHLD 0 1136.066406 1567443119.3010
CHLD 1 1082.824219 1567443119.3010
CHLD 2 1127.761719 1567443119.3011
CHLD 3 1074.308594 1567443119.3012
CHLD 4 10.847656 1567443119.3012
CHLD 5 10.835938 1567443119.3013
CHLD 6 10.683594 1567443119.3014
CHLD 7 10.757812 1567443119.3014
MEM 1136.613281 1567443119.4050
CHLD 0 1136.066406 1567443119.4390
CHLD 1 1082.824219 1567443119.4390
CHLD 2 1128.019531 1567443119.4391
CHLD 3 1075.640625 1567443119.4391
CHLD 4 10.847656 1567443119.4392
CHLD 5 10.835938 1567443119.4393
CHLD 6 10.683594 1567443119.4393
CHLD 7 10.757812 1567443119.4394
MEM 1136.613281 1567443119.5400
CHLD 0 1136.066406 1567443119.5618
CHLD 1 1082.824219 1567443119.5618
CHLD 2 1128.019531 1567443119.5619
CHLD 3 1075.640625 1567443119.5620
CHLD 4 10.847656 1567443119.5620
CHLD 5 10.835938 1567443119.5621
CHLD 6 10.683594 1567443119.5621
CHLD 7 10.757812 1567443119.5622
MEM 1136.613281 1567443119.6626
CHLD 0 1136.066406 1567443119.7054
CHLD 1 1082.824219 1567443119.7054
CHLD 2 1128.019531 1567443119.7055
CHLD 3 1076.210938 1567443119.7055
CHLD 4 10.847656 1567443119.7056
CHLD 5 10.835938 1567443119.7057
CHLD 6 10.683594 1567443119.7057
CHLD 7 10.757812 1567443119.7058
MEM 1136.613281 1567443119.8064
CHLD 0 1136.066406 1567443119.8434
CHLD 1 1082.824219 1567443119.8436
CHLD 2 1128.019531 1567443119.8437
CHLD 3 1076.210938 1567443119.8438
CHLD 4 10.847656 1567443119.8439
CHLD 5 10.835938 1567443119.8440
CHLD 6 10.683594 1567443119.8441
CHLD 7 10.757812 1567443119.8442
MEM 1136.613281 1567443119.9447
CHLD 0 1136.066406 1567443119.9606
CHLD 1 1082.824219 1567443119.9607
CHLD 2 1128.019531 1567443119.9608
CHLD 3 1076.210938 1567443119.9608
CHLD 4 10.847656 1567443119.9609
CHLD 5 10.835938 1567443119.9609
CHLD 6 10.683594 1567443119.9610
CHLD 7 10.757812 1567443119.9611
MEM 1136.613281 1567443120.0625
CHLD 0 1136.066406 1567443120.0847
CHLD 1 1082.824219 1567443120.0848
CHLD 2 1128.019531 1567443120.0848
CHLD 3 1076.742188 1567443120.0849
CHLD 4 10.847656 1567443120.0849
CHLD 5 10.835938 1567443120.0850
CHLD 6 10.683594 1567443120.0850
CHLD 7 10.757812 1567443120.0851
MEM 1136.613281 1567443120.1855
CHLD 0 1136.066406 1567443120.2185
CHLD 1 1082.824219 1567443120.2186
CHLD 2 1130.855469 1567443120.2187
CHLD 3 1076.742188 1567443120.2187
CHLD 4 10.847656 1567443120.2192
CHLD 5 10.835938 1567443120.2192
CHLD 6 10.683594 1567443120.2193
CHLD 7 10.757812 1567443120.2194
MEM 1136.613281 1567443120.3199
CHLD 0 1136.066406 1567443120.3566
CHLD 1 1082.824219 1567443120.3567
CHLD 2 1133.175781 1567443120.3567
CHLD 3 1079.722656 1567443120.3568
CHLD 4 10.847656 1567443120.3568
CHLD 5 10.835938 1567443120.3569
CHLD 6 10.683594 1567443120.3570
CHLD 7 10.757812 1567443120.3570
MEM 1136.613281 1567443120.4575
CHLD 0 1136.066406 1567443120.5194
CHLD 1 1082.824219 1567443120.5196
CHLD 2 1133.175781 1567443120.5196
CHLD 3 1093.574219 1567443120.5197
CHLD 4 10.847656 1567443120.5197
CHLD 5 10.835938 1567443120.5198
CHLD 6 10.683594 1567443120.5198
CHLD 7 10.757812 1567443120.5199
MEM 1136.613281 1567443120.6203
CHLD 0 1138.128906 1567443120.6533
CHLD 1 1082.824219 1567443120.6533
CHLD 2 1133.175781 1567443120.6534
CHLD 3 1095.378906 1567443120.6534
CHLD 4 10.847656 1567443120.6535
CHLD 5 10.835938 1567443120.6535
CHLD 6 10.683594 1567443120.6536
CHLD 7 10.757812 1567443120.6536
MEM 1136.613281 1567443120.7543
CHLD 0 1138.128906 1567443120.7835
CHLD 1 1082.824219 1567443120.7836
CHLD 2 1133.175781 1567443120.7836
CHLD 3 1097.238281 1567443120.7837
CHLD 4 10.847656 1567443120.7837
CHLD 5 10.835938 1567443120.7838
CHLD 6 10.683594 1567443120.7838
CHLD 7 10.757812 1567443120.7839
MEM 1136.613281 1567443120.8844
CHLD 0 1138.128906 1567443120.9100
CHLD 1 1082.824219 1567443120.9101
CHLD 2 1133.175781 1567443120.9102
CHLD 3 1097.238281 1567443120.9102
CHLD 4 10.847656 1567443120.9103
CHLD 5 10.835938 1567443120.9104
CHLD 6 10.683594 1567443120.9104
CHLD 7 10.757812 1567443120.9105
MEM 1136.613281 1567443121.0109
CHLD 0 1138.128906 1567443121.0738
CHLD 1 1082.824219 1567443121.0738
CHLD 2 1133.433594 1567443121.0739
CHLD 3 1097.753906 1567443121.0740
CHLD 4 10.847656 1567443121.0740
CHLD 5 10.835938 1567443121.0741
CHLD 6 10.683594 1567443121.0741
CHLD 7 10.757812 1567443121.0742
MEM 1136.613281 1567443121.1785
CHLD 0 1138.128906 1567443121.2597
CHLD 1 1082.824219 1567443121.2597
CHLD 2 1133.433594 1567443121.2598
CHLD 3 1097.753906 1567443121.2599
CHLD 4 10.847656 1567443121.2599
CHLD 5 10.835938 1567443121.2600
CHLD 6 10.683594 1567443121.2600
CHLD 7 10.757812 1567443121.2601
MEM 1136.613281 1567443121.3605
CHLD 0 1138.128906 1567443121.3971
CHLD 1 1082.824219 1567443121.3972
CHLD 2 1133.949219 1567443121.3972
CHLD 3 1098.785156 1567443121.3973
CHLD 4 10.847656 1567443121.3974
CHLD 5 10.835938 1567443121.3974
CHLD 6 10.683594 1567443121.3975
CHLD 7 10.757812 1567443121.3975
MEM 1136.613281 1567443121.4980
CHLD 0 1138.128906 1567443121.5382
CHLD 1 1082.824219 1567443121.5382
CHLD 2 1133.949219 1567443121.5386
CHLD 3 1098.785156 1567443121.5387
CHLD 4 10.847656 1567443121.5388
CHLD 5 10.835938 1567443121.5388
CHLD 6 10.683594 1567443121.5389
CHLD 7 10.757812 1567443121.5389
MEM 1136.613281 1567443121.6400
CHLD 0 1138.128906 1567443121.6612
CHLD 1 1082.824219 1567443121.6612
CHLD 2 1133.949219 1567443121.6613
CHLD 3 1099.042969 1567443121.6614
CHLD 4 10.847656 1567443121.6614
CHLD 5 10.835938 1567443121.6615
CHLD 6 10.683594 1567443121.6615
CHLD 7 10.757812 1567443121.6616
MEM 1136.613281 1567443121.7620
CHLD 0 1138.128906 1567443121.8021
CHLD 1 1082.824219 1567443121.8021
CHLD 2 1133.949219 1567443121.8022
CHLD 3 1099.042969 1567443121.8022
CHLD 4 10.847656 1567443121.8023
CHLD 5 10.835938 1567443121.8024
CHLD 6 10.683594 1567443121.8024
CHLD 7 10.757812 1567443121.8025
MEM 1136.613281 1567443121.9038
CHLD 0 1138.128906 1567443121.9249
CHLD 1 1082.824219 1567443121.9250
CHLD 2 1134.980469 1567443121.9250
CHLD 3 1099.042969 1567443121.9251
CHLD 4 10.847656 1567443121.9252
CHLD 5 10.835938 1567443121.9252
CHLD 6 10.683594 1567443121.9253
CHLD 7 10.757812 1567443121.9253
MEM 1136.613281 1567443122.0258
CHLD 0 1138.128906 1567443122.0597
CHLD 1 1082.824219 1567443122.0597
CHLD 2 1134.980469 1567443122.0598
CHLD 3 1099.042969 1567443122.0598
CHLD 4 10.847656 1567443122.0599
CHLD 5 10.835938 1567443122.0600
CHLD 6 10.683594 1567443122.0600
CHLD 7 10.757812 1567443122.0601
MEM 1136.613281 1567443122.1605
CHLD 0 1138.128906 1567443122.1974
CHLD 1 1082.824219 1567443122.1974
CHLD 2 1134.980469 1567443122.1975
CHLD 3 1099.300781 1567443122.1976
CHLD 4 10.847656 1567443122.1976
CHLD 5 10.835938 1567443122.1977
CHLD 6 10.683594 1567443122.1977
CHLD 7 10.757812 1567443122.1978
MEM 1136.613281 1567443122.2982
CHLD 0 1138.128906 1567443122.3322
CHLD 1 1082.824219 1567443122.3323
CHLD 2 1134.980469 1567443122.3324
CHLD 3 1099.816406 1567443122.3325
CHLD 4 10.847656 1567443122.3325
CHLD 5 10.835938 1567443122.3326
CHLD 6 10.683594 1567443122.3327
CHLD 7 10.757812 1567443122.3327
MEM 1136.613281 1567443122.4332
CHLD 0 1138.128906 1567443122.4520
CHLD 1 1082.824219 1567443122.4521
CHLD 2 1134.980469 1567443122.4521
CHLD 3 1099.816406 1567443122.4521
CHLD 4 10.847656 1567443122.4522
CHLD 5 10.835938 1567443122.4522
CHLD 6 10.683594 1567443122.4522
CHLD 7 10.757812 1567443122.4523
MEM 1136.613281 1567443122.5530
CHLD 0 1138.128906 1567443122.5790
CHLD 1 1082.824219 1567443122.5790
CHLD 2 1134.980469 1567443122.5791
CHLD 3 1099.816406 1567443122.5792
CHLD 4 10.847656 1567443122.5792
CHLD 5 10.835938 1567443122.5793
CHLD 6 10.683594 1567443122.5793
CHLD 7 10.757812 1567443122.5794
MEM 1136.613281 1567443122.6798
CHLD 0 1138.128906 1567443122.6940
CHLD 1 1082.824219 1567443122.6940
CHLD 2 1135.496094 1567443122.6941
CHLD 3 1099.816406 1567443122.6941
CHLD 4 10.847656 1567443122.6942
CHLD 5 10.835938 1567443122.7021
CHLD 6 10.683594 1567443122.7023
CHLD 7 10.757812 1567443122.7024
MEM 1136.613281 1567443122.8030
CHLD 0 1138.128906 1567443122.8266
CHLD 1 1082.824219 1567443122.8267
CHLD 2 1135.496094 1567443122.8267
CHLD 3 1099.816406 1567443122.8268
CHLD 4 10.847656 1567443122.8268
CHLD 5 10.835938 1567443122.8269
CHLD 6 10.683594 1567443122.8270
CHLD 7 10.757812 1567443122.8270
MEM 1136.613281 1567443122.9275
CHLD 0 1138.128906 1567443122.9454
CHLD 1 1082.824219 1567443122.9454
CHLD 2 1135.496094 1567443122.9455
CHLD 3 1099.816406 1567443122.9455
CHLD 4 10.847656 1567443122.9456
CHLD 5 10.835938 1567443122.9456
CHLD 6 10.683594 1567443122.9457
CHLD 7 10.757812 1567443122.9458
MEM 1136.613281 1567443123.0461
CHLD 0 1138.128906 1567443123.0831
CHLD 1 1082.824219 1567443123.0831
CHLD 2 1135.496094 1567443123.0832
CHLD 3 1099.816406 1567443123.0832
CHLD 4 10.847656 1567443123.0833
CHLD 5 10.835938 1567443123.0855
CHLD 6 10.683594 1567443123.0855
CHLD 7 10.757812 1567443123.0856
MEM 1136.613281 1567443123.1863
CHLD 0 1138.128906 1567443123.2222
CHLD 1 1082.824219 1567443123.2224
CHLD 2 1135.496094 1567443123.2225
CHLD 3 1099.816406 1567443123.2225
CHLD 4 10.847656 1567443123.2226
CHLD 5 10.835938 1567443123.2226
CHLD 6 10.683594 1567443123.2227
CHLD 7 10.757812 1567443123.2228
MEM 1136.613281 1567443123.3271
CHLD 0 1138.128906 1567443123.4286
CHLD 1 1082.824219 1567443123.4286
CHLD 2 1135.496094 1567443123.4287
CHLD 3 1099.816406 1567443123.4287
CHLD 4 10.847656 1567443123.4288
CHLD 5 10.835938 1567443123.4289
CHLD 6 10.683594 1567443123.4289
CHLD 7 10.757812 1567443123.4290
MEM 1136.613281 1567443123.5294
CHLD 0 1138.128906 1567443123.5857
CHLD 1 1082.824219 1567443123.5859
CHLD 2 1135.496094 1567443123.5859
CHLD 3 1099.816406 1567443123.5945
CHLD 4 10.847656 1567443123.5947
CHLD 5 10.835938 1567443123.5948
CHLD 6 10.683594 1567443123.5948
CHLD 7 10.757812 1567443123.5949
MEM 1136.613281 1567443123.6956
CHLD 0 1138.128906 1567443123.7135
CHLD 1 1082.824219 1567443123.7137
CHLD 2 1135.496094 1567443123.7138
CHLD 3 1099.816406 1567443123.7138
CHLD 4 10.847656 1567443123.7139
CHLD 5 10.835938 1567443123.7206
CHLD 6 10.683594 1567443123.7207
CHLD 7 10.757812 1567443123.7207
MEM 1136.613281 1567443123.8212
CHLD 0 1138.128906 1567443123.8453
CHLD 1 1082.824219 1567443123.8454
CHLD 2 1135.496094 1567443123.8455
CHLD 3 1099.816406 1567443123.8455
CHLD 4 10.847656 1567443123.8456
CHLD 5 10.835938 1567443123.8456
CHLD 6 10.683594 1567443123.8457
CHLD 7 10.757812 1567443123.8457
MEM 1136.613281 1567443123.9462
CHLD 0 1138.128906 1567443123.9805
CHLD 1 1082.824219 1567443123.9806
CHLD 2 1135.496094 1567443123.9807
CHLD 3 1099.816406 1567443123.9807
CHLD 4 10.847656 1567443123.9808
CHLD 5 10.835938 1567443123.9808
CHLD 6 10.683594 1567443123.9809
CHLD 7 10.757812 1567443123.9809
MEM 1136.613281 1567443124.0815
CHLD 0 1138.128906 1567443124.1098
CHLD 1 1082.824219 1567443124.1099
CHLD 2 1135.496094 1567443124.1099
CHLD 3 1099.816406 1567443124.1100
CHLD 4 10.847656 1567443124.1101
CHLD 5 10.835938 1567443124.1101
CHLD 6 10.683594 1567443124.1102
CHLD 7 10.757812 1567443124.1102
MEM 1136.613281 1567443124.2106
CHLD 0 1138.128906 1567443124.2334
CHLD 1 1082.824219 1567443124.2335
CHLD 2 1135.496094 1567443124.2335
CHLD 3 1099.816406 1567443124.2336
CHLD 4 10.847656 1567443124.2336
CHLD 5 10.835938 1567443124.2337
CHLD 6 10.683594 1567443124.2338
CHLD 7 10.757812 1567443124.2338
MEM 1136.613281 1567443124.3343
CHLD 0 1138.128906 1567443124.3830
CHLD 1 1082.824219 1567443124.3831
CHLD 2 1135.496094 1567443124.3832
CHLD 3 1099.816406 1567443124.3832
CHLD 4 10.847656 1567443124.3833
CHLD 5 10.835938 1567443124.3833
CHLD 6 10.683594 1567443124.3834
CHLD 7 10.757812 1567443124.3834
MEM 1136.613281 1567443124.4853
CHLD 0 1138.128906 1567443124.5191
CHLD 1 1082.824219 1567443124.5192
CHLD 2 1135.496094 1567443124.5204
CHLD 3 1099.816406 1567443124.5207
CHLD 4 10.847656 1567443124.5211
CHLD 5 10.835938 1567443124.5227
CHLD 6 10.683594 1567443124.5229
CHLD 7 10.757812 1567443124.5229
MEM 1136.613281 1567443124.6234
CHLD 0 1138.128906 1567443124.6572
CHLD 1 1082.824219 1567443124.6572
CHLD 2 1135.496094 1567443124.6573
CHLD 3 1099.816406 1567443124.6573
CHLD 4 10.847656 1567443124.6574
CHLD 5 10.835938 1567443124.6575
CHLD 6 10.683594 1567443124.6575
CHLD 7 10.757812 1567443124.6576
MEM 1136.613281 1567443124.7580
CHLD 0 1138.128906 1567443124.8048
CHLD 1 1084.250000 1567443124.8048
CHLD 2 1135.496094 1567443124.8049
CHLD 3 1099.816406 1567443124.8050
CHLD 4 10.847656 1567443124.8050
CHLD 5 10.835938 1567443124.8051
CHLD 6 10.683594 1567443124.8051
CHLD 7 10.757812 1567443124.8052
MEM 1136.613281 1567443124.9057
CHLD 0 1138.128906 1567443124.9334
CHLD 1 1084.250000 1567443124.9335
CHLD 2 1135.496094 1567443124.9335
CHLD 3 1099.816406 1567443124.9336
CHLD 4 10.847656 1567443124.9336
CHLD 5 10.835938 1567443124.9337
CHLD 6 10.683594 1567443124.9338
CHLD 7 10.757812 1567443124.9338
MEM 1136.613281 1567443125.0343
CHLD 0 1138.128906 1567443125.0619
CHLD 1 1084.250000 1567443125.0620
CHLD 2 1135.496094 1567443125.0621
CHLD 3 1099.816406 1567443125.0621
CHLD 4 10.847656 1567443125.0622
CHLD 5 10.835938 1567443125.0622
CHLD 6 10.683594 1567443125.0623
CHLD 7 10.757812 1567443125.0624
MEM 1136.613281 1567443125.1628
CHLD 0 1138.128906 1567443125.1888
CHLD 1 1084.250000 1567443125.1889
CHLD 2 1135.496094 1567443125.1889
CHLD 3 1099.816406 1567443125.1890
CHLD 4 10.847656 1567443125.1890
CHLD 5 10.835938 1567443125.1891
CHLD 6 10.683594 1567443125.1891
CHLD 7 10.757812 1567443125.1892
MEM 1136.613281 1567443125.2896
CHLD 0 1138.128906 1567443125.3239
CHLD 1 1084.250000 1567443125.3240
CHLD 2 1135.496094 1567443125.3244
CHLD 3 1099.816406 1567443125.3244
CHLD 4 10.847656 1567443125.3245
CHLD 5 10.835938 1567443125.3245
CHLD 6 10.683594 1567443125.3246
CHLD 7 10.757812 1567443125.3246
MEM 1136.613281 1567443125.4253
CHLD 0 1138.128906 1567443125.4525
CHLD 1 1084.250000 1567443125.4525
CHLD 2 1135.496094 1567443125.4526
CHLD 3 1099.816406 1567443125.4527
CHLD 4 10.847656 1567443125.4527
CHLD 5 10.835938 1567443125.4528
CHLD 6 10.683594 1567443125.4528
CHLD 7 10.757812 1567443125.4529
MEM 1136.613281 1567443125.5534
CHLD 0 1138.128906 1567443125.5870
CHLD 1 1084.250000 1567443125.5872
CHLD 2 1135.496094 1567443125.5873
CHLD 3 1099.816406 1567443125.5873
CHLD 4 10.847656 1567443125.5874
CHLD 5 10.835938 1567443125.5875
CHLD 6 10.683594 1567443125.5875
CHLD 7 10.757812 1567443125.5876
MEM 1136.613281 1567443125.7030
CHLD 0 1138.128906 1567443125.7660
CHLD 1 1084.250000 1567443125.7660
CHLD 2 1135.496094 1567443125.7661
CHLD 3 1100.074219 1567443125.7897
CHLD 4 10.847656 1567443125.7898
CHLD 5 10.835938 1567443125.7899
CHLD 6 10.683594 1567443125.7899
CHLD 7 10.757812 1567443125.7900
MEM 1136.613281 1567443125.8905
CHLD 0 1138.128906 1567443125.9528
CHLD 1 1095.007812 1567443125.9529
CHLD 2 1135.496094 1567443125.9529
CHLD 3 1100.074219 1567443125.9530
CHLD 4 10.847656 1567443125.9531
CHLD 5 10.835938 1567443125.9531
CHLD 6 10.683594 1567443125.9532
CHLD 7 10.757812 1567443125.9533
MEM 1136.613281 1567443126.0538
CHLD 0 1138.128906 1567443126.0696
CHLD 1 1111.765625 1567443126.0697
CHLD 2 1135.496094 1567443126.0698
CHLD 3 1100.074219 1567443126.0698
CHLD 4 10.847656 1567443126.0699
CHLD 5 10.835938 1567443126.0700
CHLD 6 10.683594 1567443126.0700
CHLD 7 10.757812 1567443126.0701
MEM 1136.613281 1567443126.1706
CHLD 0 1138.128906 1567443126.2208
CHLD 1 1136.515625 1567443126.2209
CHLD 2 1135.496094 1567443126.2209
CHLD 3 1100.074219 1567443126.2210
CHLD 4 10.847656 1567443126.2210
CHLD 5 10.835938 1567443126.2211
CHLD 6 10.683594 1567443126.2212
CHLD 7 10.757812 1567443126.2212
MEM 1136.613281 1567443126.3217
CHLD 0 1138.128906 1567443126.3477
CHLD 1 1170.546875 1567443126.3478
CHLD 2 1135.496094 1567443126.3479
CHLD 3 1100.074219 1567443126.3480
CHLD 4 10.847656 1567443126.3480
CHLD 5 10.835938 1567443126.3481
CHLD 6 10.683594 1567443126.3481
CHLD 7 10.757812 1567443126.3482
MEM 1136.613281 1567443126.4486
CHLD 0 1138.128906 1567443126.4773
CHLD 1 1200.195312 1567443126.4774
CHLD 2 1135.496094 1567443126.4774
CHLD 3 1100.074219 1567443126.4775
CHLD 4 10.847656 1567443126.4775
CHLD 5 10.835938 1567443126.4776
CHLD 6 10.683594 1567443126.4776
CHLD 7 10.757812 1567443126.4777
MEM 1136.613281 1567443126.5803
CHLD 0 1138.128906 1567443126.5950
CHLD 1 1223.656250 1567443126.5951
CHLD 2 1135.496094 1567443126.5951
CHLD 3 1100.074219 1567443126.5952
CHLD 4 10.847656 1567443126.5952
CHLD 5 10.835938 1567443126.5953
CHLD 6 10.683594 1567443126.5953
CHLD 7 10.757812 1567443126.5954
MEM 1136.613281 1567443126.6960
CHLD 0 1138.128906 1567443126.7202
CHLD 1 1249.695312 1567443126.7206
CHLD 2 1135.496094 1567443126.7210
CHLD 3 1100.074219 1567443126.7214
CHLD 4 10.847656 1567443126.7218
CHLD 5 10.835938 1567443126.7221
CHLD 6 10.683594 1567443126.7224
CHLD 7 10.757812 1567443126.7226
MEM 1136.613281 1567443126.8231
CHLD 0 1138.128906 1567443126.8535
CHLD 1 1277.023438 1567443126.8536
CHLD 2 1135.496094 1567443126.8537
CHLD 3 1100.074219 1567443126.8538
CHLD 4 10.847656 1567443126.8538
CHLD 5 10.835938 1567443126.8539
CHLD 6 10.683594 1567443126.8539
CHLD 7 10.757812 1567443126.8540
MEM 1136.613281 1567443126.9546
CHLD 0 1138.128906 1567443126.9815
CHLD 1 1309.250000 1567443126.9815
CHLD 2 1135.496094 1567443126.9816
CHLD 3 1100.074219 1567443126.9816
CHLD 4 10.847656 1567443126.9816
CHLD 5 10.835938 1567443126.9817
CHLD 6 10.683594 1567443126.9817
CHLD 7 10.757812 1567443126.9817
MEM 1136.613281 1567443127.0822
CHLD 0 1138.128906 1567443127.1097
CHLD 1 1337.867188 1567443127.1098
CHLD 2 1135.496094 1567443127.1098
CHLD 3 1100.074219 1567443127.1099
CHLD 4 10.847656 1567443127.1100
CHLD 5 10.835938 1567443127.1100
CHLD 6 10.683594 1567443127.1101
CHLD 7 10.757812 1567443127.1101
MEM 1136.613281 1567443127.2105
CHLD 0 1138.128906 1567443127.2267
CHLD 1 1374.734375 1567443127.2267
CHLD 2 1135.496094 1567443127.2268
CHLD 3 1100.074219 1567443127.2268
CHLD 4 10.847656 1567443127.2269
CHLD 5 10.835938 1567443127.2270
CHLD 6 10.683594 1567443127.2270
CHLD 7 10.757812 1567443127.2271
MEM 1136.613281 1567443127.3276
CHLD 0 1138.128906 1567443127.3500
CHLD 1 1415.726562 1567443127.3501
CHLD 2 1135.496094 1567443127.3501
CHLD 3 1100.074219 1567443127.3502
CHLD 4 10.847656 1567443127.3502
CHLD 5 10.835938 1567443127.3503
CHLD 6 10.683594 1567443127.3504
CHLD 7 10.757812 1567443127.3504
MEM 1136.613281 1567443127.4509
CHLD 0 1138.128906 1567443127.4651
CHLD 1 1455.171875 1567443127.4652
CHLD 2 1135.496094 1567443127.4653
CHLD 3 1100.074219 1567443127.4653
CHLD 4 10.847656 1567443127.4654
CHLD 5 10.835938 1567443127.4655
CHLD 6 10.683594 1567443127.4655
CHLD 7 10.757812 1567443127.4656
MEM 1136.613281 1567443127.5662
CHLD 0 1138.128906 1567443127.5814
CHLD 1 1482.757812 1567443127.5815
CHLD 2 1135.496094 1567443127.5815
CHLD 3 1100.074219 1567443127.5816
CHLD 4 10.847656 1567443127.5817
CHLD 5 10.835938 1567443127.5817
CHLD 6 10.683594 1567443127.5818
CHLD 7 10.757812 1567443127.5818
MEM 717.082031 1567443127.6823
CHLD 0 1138.128906 1567443127.7080
CHLD 1 1572.476562 1567443127.7081
CHLD 2 1135.496094 1567443127.7081
CHLD 3 1100.074219 1567443127.7082
CHLD 4 10.847656 1567443127.7083
CHLD 5 10.835938 1567443127.7083
CHLD 6 10.683594 1567443127.7084
CHLD 7 10.757812 1567443127.7084
MEM 806.746094 1567443127.8089
CHLD 0 1138.128906 1567443127.8430
CHLD 1 1703.960938 1567443127.8431
CHLD 2 1135.496094 1567443127.8431
CHLD 3 1100.074219 1567443127.8432
CHLD 4 10.847656 1567443127.8433
CHLD 5 10.835938 1567443127.8434
CHLD 6 10.683594 1567443127.8434
CHLD 7 10.757812 1567443127.8435
MEM 888.472656 1567443127.9440
CHLD 0 1138.128906 1567443127.9882
CHLD 1 1891.648438 1567443127.9883
CHLD 2 1135.496094 1567443127.9884
CHLD 3 1100.074219 1567443127.9906
CHLD 4 10.847656 1567443127.9908
CHLD 5 10.835938 1567443127.9908
CHLD 6 10.683594 1567443127.9915
CHLD 7 10.757812 1567443127.9916
MEM 989.019531 1567443128.0986
CHLD 0 1138.128906 1567443128.1961
CHLD 1 1651.671875 1567443128.1962
CHLD 2 1135.496094 1567443128.1963
CHLD 3 1100.332031 1567443128.1964
CHLD 4 10.847656 1567443128.1964
CHLD 5 10.835938 1567443128.1965
CHLD 6 10.683594 1567443128.1966
CHLD 7 10.757812 1567443128.2051
MEM 1060.691406 1567443128.3056
CHLD 0 1138.128906 1567443128.3762
CHLD 1 1723.085938 1567443128.3763
CHLD 2 1135.496094 1567443128.3763
CHLD 3 1100.332031 1567443128.3764
CHLD 4 10.847656 1567443128.3764
CHLD 5 10.835938 1567443128.3765
CHLD 6 10.683594 1567443128.3765
CHLD 7 10.757812 1567443128.3766
MEM 1170.519531 1567443128.4770
CHLD 0 1138.128906 1567443128.5126
CHLD 1 1857.148438 1567443128.5127
CHLD 2 1135.496094 1567443128.5127
CHLD 3 1100.332031 1567443128.5128
CHLD 4 10.847656 1567443128.5128
CHLD 5 10.835938 1567443128.5129
CHLD 6 10.683594 1567443128.5130
CHLD 7 10.757812 1567443128.5130
MEM 1240.902344 1567443128.6136
CHLD 0 1138.128906 1567443128.6793
CHLD 1 1503.593750 1567443128.6794
CHLD 2 1135.496094 1567443128.6795
CHLD 3 1100.332031 1567443128.6795
CHLD 4 10.847656 1567443128.6796
CHLD 5 10.835938 1567443128.6796
CHLD 6 10.683594 1567443128.6797
CHLD 7 10.757812 1567443128.6798
MEM 1438.675781 1567443128.7802
CHLD 0 1138.128906 1567443128.8275
CHLD 1 1503.593750 1567443128.8276
CHLD 2 1135.496094 1567443128.8276
CHLD 3 1100.589844 1567443128.8277
CHLD 4 10.847656 1567443128.8278
CHLD 5 10.835938 1567443128.8278
CHLD 6 10.683594 1567443128.8279
CHLD 7 10.757812 1567443128.8280
MEM 1136.625000 1567443128.9284
CHLD 0 1168.886719 1567443128.9537
CHLD 1 1503.593750 1567443128.9538
CHLD 2 1135.496094 1567443128.9539
CHLD 3 1100.589844 1567443128.9540
CHLD 4 10.847656 1567443128.9540
CHLD 5 10.835938 1567443128.9541
CHLD 6 10.683594 1567443128.9541
CHLD 7 10.757812 1567443128.9542
MEM 1136.625000 1567443129.0549
CHLD 0 1253.964844 1567443129.0934
CHLD 1 1504.097656 1567443129.0934
CHLD 2 1135.496094 1567443129.0935
CHLD 3 1101.363281 1567443129.0936
CHLD 4 10.847656 1567443129.0936
CHLD 5 10.835938 1567443129.0937
CHLD 6 10.683594 1567443129.0937
CHLD 7 10.757812 1567443129.0938
MEM 1136.625000 1567443129.1942
CHLD 0 1318.160156 1567443129.2472
CHLD 1 1504.609375 1567443129.2507
CHLD 2 1135.496094 1567443129.2508
CHLD 3 1101.363281 1567443129.2509
CHLD 4 10.847656 1567443129.2509
CHLD 5 10.835938 1567443129.2510
CHLD 6 10.683594 1567443129.2510
CHLD 7 10.757812 1567443129.2511
MEM 1136.625000 1567443129.3516
CHLD 0 1396.019531 1567443129.3662
CHLD 1 1504.867188 1567443129.3663
CHLD 2 1135.496094 1567443129.3664
CHLD 3 1101.363281 1567443129.3664
CHLD 4 10.847656 1567443129.3665
CHLD 5 10.835938 1567443129.3665
CHLD 6 10.683594 1567443129.3666
CHLD 7 10.757812 1567443129.3667
MEM 1136.625000 1567443129.4671
CHLD 0 1447.324219 1567443129.4818
CHLD 1 1505.093750 1567443129.4818
CHLD 2 1135.496094 1567443129.4819
CHLD 3 1101.363281 1567443129.4819
CHLD 4 10.847656 1567443129.4820
CHLD 5 10.835938 1567443129.4821
CHLD 6 10.683594 1567443129.4821
CHLD 7 10.757812 1567443129.4822
MEM 1136.625000 1567443129.5825
CHLD 0 1512.292969 1567443129.6075
CHLD 1 1505.597656 1567443129.6076
CHLD 2 1135.496094 1567443129.6076
CHLD 3 1101.363281 1567443129.6160
CHLD 4 10.847656 1567443129.6161
CHLD 5 10.835938 1567443129.6162
CHLD 6 10.683594 1567443129.6162
CHLD 7 10.757812 1567443129.6163
MEM 789.093750 1567443129.7170
CHLD 0 1593.503906 1567443129.7401
CHLD 1 1505.843750 1567443129.7402
CHLD 2 1135.496094 1567443129.7402
CHLD 3 1101.363281 1567443129.7403
CHLD 4 10.847656 1567443129.7404
CHLD 5 10.835938 1567443129.7404
CHLD 6 10.683594 1567443129.7405
CHLD 7 10.757812 1567443129.7405
MEM 827.125000 1567443129.8410
CHLD 0 1674.972656 1567443129.8701
CHLD 1 1506.343750 1567443129.8702
CHLD 2 1137.531250 1567443129.8702
CHLD 3 1101.363281 1567443129.8703
CHLD 4 10.847656 1567443129.8703
CHLD 5 10.835938 1567443129.8704
CHLD 6 10.683594 1567443129.8705
CHLD 7 10.757812 1567443129.8705
MEM 1014.554688 1567443129.9710
CHLD 0 1838.683594 1567443129.9867
CHLD 1 1506.843750 1567443129.9868
CHLD 2 1137.531250 1567443129.9869
CHLD 3 1101.363281 1567443129.9869
CHLD 4 10.847656 1567443129.9870
CHLD 5 10.835938 1567443129.9871
CHLD 6 10.683594 1567443129.9871
CHLD 7 10.757812 1567443129.9872
MEM 1142.429688 1567443130.0946
CHLD 0 1928.144531 1567443130.1162
CHLD 1 1509.851562 1567443130.1162
CHLD 2 1137.531250 1567443130.1163
CHLD 3 1101.363281 1567443130.1164
CHLD 4 10.847656 1567443130.1164
CHLD 5 10.835938 1567443130.1165
CHLD 6 10.683594 1567443130.1165
CHLD 7 10.757812 1567443130.1166
MEM 1203.015625 1567443130.2173
CHLD 0 1566.015625 1567443130.2441
CHLD 1 1517.070312 1567443130.2441
CHLD 2 1137.531250 1567443130.2442
CHLD 3 1101.363281 1567443130.2443
CHLD 4 10.847656 1567443130.2443
CHLD 5 10.835938 1567443130.2444
CHLD 6 10.683594 1567443130.2445
CHLD 7 10.757812 1567443130.2445
MEM 1372.140625 1567443130.3506
CHLD 0 1726.117188 1567443130.3652
CHLD 1 1518.089844 1567443130.3653
CHLD 2 1137.531250 1567443130.3654
CHLD 3 1101.363281 1567443130.3655
CHLD 4 10.847656 1567443130.3655
CHLD 5 10.835938 1567443130.3656
CHLD 6 10.683594 1567443130.3657
CHLD 7 10.757812 1567443130.3657
MEM 1494.835938 1567443130.4662
CHLD 0 1835.839844 1567443130.4871
CHLD 1 1516.953125 1567443130.4872
CHLD 2 1136.394531 1567443130.4872
CHLD 3 1100.226562 1567443130.4873
CHLD 4 10.402344 1567443130.4873
CHLD 5 10.394531 1567443130.4874
CHLD 6 10.242188 1567443130.4875
CHLD 7 10.304688 1567443130.4923
MEM 1130.226562 1567443130.5927
CHLD 0 1797.113281 1567443130.6060
CHLD 1 1527.597656 1567443130.6060
CHLD 2 1134.355469 1567443130.6061
CHLD 3 1098.187500 1567443130.6061
CHLD 4 9.921875 1567443130.6061
CHLD 5 9.914062 1567443130.6062
CHLD 6 9.761719 1567443130.6062
CHLD 7 9.824219 1567443130.6062
MEM 1130.226562 1567443130.7068
CHLD 0 1554.496094 1567443130.7230
CHLD 1 1531.207031 1567443130.7230
CHLD 2 1134.355469 1567443130.7231
CHLD 3 1098.187500 1567443130.7231
CHLD 4 9.921875 1567443130.7232
CHLD 5 9.914062 1567443130.7233
CHLD 6 9.761719 1567443130.7233
CHLD 7 9.824219 1567443130.7234
MEM 1130.226562 1567443130.8241
CHLD 0 1554.496094 1567443130.8379
CHLD 1 1532.753906 1567443130.8380
CHLD 2 1172.039062 1567443130.8381
CHLD 3 1098.187500 1567443130.8382
CHLD 4 9.921875 1567443130.8382
CHLD 5 9.914062 1567443130.8383
CHLD 6 9.761719 1567443130.8384
CHLD 7 9.824219 1567443130.8385
MEM 1130.226562 1567443130.9389
CHLD 0 1554.496094 1567443130.9516
CHLD 1 1532.753906 1567443130.9516
CHLD 2 1278.257812 1567443130.9517
CHLD 3 1098.187500 1567443130.9518
CHLD 4 9.921875 1567443130.9518
CHLD 5 9.914062 1567443130.9519
CHLD 6 9.761719 1567443130.9519
CHLD 7 9.824219 1567443130.9520
MEM 1130.226562 1567443131.0525
CHLD 0 1554.496094 1567443131.0697
CHLD 1 1532.753906 1567443131.0698
CHLD 2 1390.148438 1567443131.0699
CHLD 3 1098.187500 1567443131.0700
CHLD 4 9.921875 1567443131.0700
CHLD 5 9.914062 1567443131.0701
CHLD 6 9.761719 1567443131.0702
CHLD 7 9.824219 1567443131.0702
MEM 1130.226562 1567443131.1706
CHLD 0 1555.050781 1567443131.1909
CHLD 1 1532.753906 1567443131.1910
CHLD 2 1484.765625 1567443131.1910
CHLD 3 1098.187500 1567443131.1911
CHLD 4 9.921875 1567443131.1912
CHLD 5 9.914062 1567443131.1912
CHLD 6 9.761719 1567443131.1913
CHLD 7 9.824219 1567443131.1914
MEM 1090.695312 1567443131.2918
CHLD 0 1555.558594 1567443131.3062
CHLD 1 1532.753906 1567443131.3063
CHLD 2 1558.500000 1567443131.3064
CHLD 3 1098.187500 1567443131.3064
CHLD 4 9.921875 1567443131.3065
CHLD 5 9.914062 1567443131.3065
CHLD 6 9.761719 1567443131.3066
CHLD 7 9.824219 1567443131.3066
MEM 708.839844 1567443131.4071
CHLD 0 1555.953125 1567443131.4259
CHLD 1 1532.753906 1567443131.4260
CHLD 2 1710.609375 1567443131.4261
CHLD 3 1098.187500 1567443131.4261
CHLD 4 9.921875 1567443131.4262
CHLD 5 9.914062 1567443131.4262
CHLD 6 9.761719 1567443131.4263
CHLD 7 9.824219 1567443131.4264
MEM 708.839844 1567443131.5273
CHLD 0 1556.457031 1567443131.5473
CHLD 1 1532.753906 1567443131.5473
CHLD 2 1871.226562 1567443131.5474
CHLD 3 1098.187500 1567443131.5475
CHLD 4 9.921875 1567443131.5475
CHLD 5 9.914062 1567443131.5476
CHLD 6 9.761719 1567443131.5476
CHLD 7 9.824219 1567443131.5477
MEM 750.339844 1567443131.6481
CHLD 0 1556.957031 1567443131.6680
CHLD 1 1532.753906 1567443131.6681
CHLD 2 1954.500000 1567443131.6682
CHLD 3 1098.187500 1567443131.6682
CHLD 4 9.921875 1567443131.6683
CHLD 5 9.914062 1567443131.6683
CHLD 6 9.761719 1567443131.6684
CHLD 7 9.824219 1567443131.6684
MEM 861.199219 1567443131.7689
CHLD 0 1557.460938 1567443131.8033
CHLD 1 1532.753906 1567443131.8034
CHLD 2 1595.101562 1567443131.8034
CHLD 3 1098.187500 1567443131.8035
CHLD 4 9.921875 1567443131.8035
CHLD 5 9.914062 1567443131.8036
CHLD 6 9.761719 1567443131.8037
CHLD 7 9.824219 1567443131.8037
MEM 963.550781 1567443131.9042
CHLD 0 1557.996094 1567443131.9278
CHLD 1 1535.332031 1567443131.9278
CHLD 2 1710.085938 1567443131.9279
CHLD 3 1098.187500 1567443131.9280
CHLD 4 9.921875 1567443131.9280
CHLD 5 9.914062 1567443131.9281
CHLD 6 9.761719 1567443131.9282
CHLD 7 9.824219 1567443131.9282
MEM 1079.824219 1567443132.0293
CHLD 0 1559.292969 1567443132.0536
CHLD 1 1535.332031 1567443132.0537
CHLD 2 1811.406250 1567443132.0537
CHLD 3 1098.187500 1567443132.0538
CHLD 4 9.921875 1567443132.0539
CHLD 5 9.914062 1567443132.0539
CHLD 6 9.761719 1567443132.0540
CHLD 7 9.824219 1567443132.0540
MEM 1158.714844 1567443132.1546
CHLD 0 1572.441406 1567443132.1702
CHLD 1 1535.332031 1567443132.1702
CHLD 2 1904.218750 1567443132.1703
CHLD 3 1098.187500 1567443132.1703
CHLD 4 9.921875 1567443132.1704
CHLD 5 9.914062 1567443132.1704
CHLD 6 9.761719 1567443132.1705
CHLD 7 9.824219 1567443132.1705
MEM 1177.398438 1567443132.2711
CHLD 0 1567.777344 1567443132.3148
CHLD 1 1530.699219 1567443132.3149
CHLD 2 1967.906250 1567443132.3150
CHLD 3 1093.554688 1567443132.3150
CHLD 4 9.921875 1567443132.3151
CHLD 5 9.914062 1567443132.3152
CHLD 6 9.761719 1567443132.3152
CHLD 7 9.824219 1567443132.3153
MEM 1210.042969 1567443132.4158
CHLD 0 1567.777344 1567443132.4864
CHLD 1 1530.699219 1567443132.4865
CHLD 2 1549.171875 1567443132.4866
CHLD 3 1093.554688 1567443132.4867
CHLD 4 9.921875 1567443132.4867
CHLD 5 9.914062 1567443132.4868
CHLD 6 9.761719 1567443132.4868
CHLD 7 9.824219 1567443132.4869
MEM 1333.535156 1567443132.5873
CHLD 0 1568.550781 1567443132.6056
CHLD 1 1530.699219 1567443132.6056
CHLD 2 1549.429688 1567443132.6057
CHLD 3 1093.554688 1567443132.6058
CHLD 4 9.921875 1567443132.6058
CHLD 5 9.914062 1567443132.6059
CHLD 6 9.761719 1567443132.6059
CHLD 7 9.824219 1567443132.6060
MEM 1426.644531 1567443132.7069
CHLD 0 1568.550781 1567443132.7449
CHLD 1 1530.699219 1567443132.7450
CHLD 2 1549.867188 1567443132.7450
CHLD 3 1093.554688 1567443132.7451
CHLD 4 9.921875 1567443132.7451
CHLD 5 9.914062 1567443132.7451
CHLD 6 9.761719 1567443132.7452
CHLD 7 9.824219 1567443132.7452
MEM 1484.910156 1567443132.8456
CHLD 0 1568.550781 1567443132.8594
CHLD 1 1530.699219 1567443132.8595
CHLD 2 1550.402344 1567443132.8595
CHLD 3 1093.554688 1567443132.8596
CHLD 4 9.921875 1567443132.8596
CHLD 5 9.914062 1567443132.8597
CHLD 6 9.761719 1567443132.8598
CHLD 7 9.824219 1567443132.8598
MEM 1069.929688 1567443132.9603
CHLD 0 1569.582031 1567443132.9929
CHLD 1 1530.699219 1567443132.9929
CHLD 2 1550.660156 1567443132.9930
CHLD 3 1139.421875 1567443132.9930
CHLD 4 9.921875 1567443132.9931
CHLD 5 9.914062 1567443132.9931
CHLD 6 9.761719 1567443132.9932
CHLD 7 9.824219 1567443132.9932
MEM 1069.929688 1567443133.0940
CHLD 0 1572.933594 1567443133.1227
CHLD 1 1530.699219 1567443133.1227
CHLD 2 1550.890625 1567443133.1228
CHLD 3 1191.757812 1567443133.1228
CHLD 4 9.921875 1567443133.1229
CHLD 5 9.914062 1567443133.1230
CHLD 6 9.761719 1567443133.1230
CHLD 7 9.824219 1567443133.1231
MEM 1069.929688 1567443133.3479
CHLD 0 1572.933594 1567443133.3676
CHLD 1 1530.699219 1567443133.3758
CHLD 2 1551.402344 1567443133.3766
CHLD 3 1312.156250 1567443133.3773
CHLD 4 9.921875 1567443133.3773
CHLD 5 9.914062 1567443133.3774
CHLD 6 9.761719 1567443133.3775
CHLD 7 9.824219 1567443133.3775
MEM 1069.929688 1567443133.4780
CHLD 0 1572.933594 1567443133.5017
CHLD 1 1530.699219 1567443133.5018
CHLD 2 1551.894531 1567443133.5019
CHLD 3 1355.210938 1567443133.5019
CHLD 4 9.921875 1567443133.5020
CHLD 5 9.914062 1567443133.5020
CHLD 6 9.761719 1567443133.5021
CHLD 7 9.824219 1567443133.5021
MEM 1069.929688 1567443133.6026
CHLD 0 1572.933594 1567443133.6368
CHLD 1 1530.699219 1567443133.6368
CHLD 2 1552.390625 1567443133.6369
CHLD 3 1426.109375 1567443133.6370
CHLD 4 9.921875 1567443133.6370
CHLD 5 9.914062 1567443133.6371
CHLD 6 9.761719 1567443133.6371
CHLD 7 9.824219 1567443133.6372
MEM 1069.929688 1567443133.7376
CHLD 0 1572.933594 1567443133.7531
CHLD 1 1530.699219 1567443133.7532
CHLD 2 1553.183594 1567443133.7532
CHLD 3 1487.726562 1567443133.7533
CHLD 4 9.921875 1567443133.7534
CHLD 5 9.914062 1567443133.7534
CHLD 6 9.761719 1567443133.7535
CHLD 7 9.824219 1567443133.7535
MEM 880.398438 1567443133.8540
CHLD 0 1572.933594 1567443133.8696
CHLD 1 1530.699219 1567443133.8696
CHLD 2 1553.183594 1567443133.8697
CHLD 3 1524.851562 1567443133.8697
CHLD 4 9.921875 1567443133.8698
CHLD 5 9.914062 1567443133.8698
CHLD 6 9.761719 1567443133.8699
CHLD 7 9.824219 1567443133.8699
MEM 648.542969 1567443133.9704
CHLD 0 1572.933594 1567443134.0142
CHLD 1 1530.699219 1567443134.0143
CHLD 2 1553.195312 1567443134.0144
CHLD 3 1595.234375 1567443134.0144
CHLD 4 9.921875 1567443134.0145
CHLD 5 9.914062 1567443134.0146
CHLD 6 9.761719 1567443134.0146
CHLD 7 9.824219 1567443134.0147
MEM 648.542969 1567443134.1155
CHLD 0 1572.933594 1567443134.1411
CHLD 1 1530.699219 1567443134.1411
CHLD 2 1553.449219 1567443134.1411
CHLD 3 1670.515625 1567443134.1412
CHLD 4 9.921875 1567443134.1412
CHLD 5 9.914062 1567443134.1412
CHLD 6 9.761719 1567443134.1413
CHLD 7 9.824219 1567443134.1413
