CMDLINE /home/dn16382/anaconda3/bin/python mnist_example.py
MEM 2.000000 1567439783.5667
MEM 19.304688 1567439783.6906
MEM 35.550781 1567439783.8067
MEM 44.023438 1567439783.9207
MEM 65.375000 1567439784.0335
MEM 74.917969 1567439784.1463
MEM 82.644531 1567439784.2594
MEM 127.066406 1567439784.3726
MEM 164.199219 1567439784.4865
MEM 165.250000 1567439784.5944
MEM 172.453125 1567439784.7022
MEM 180.847656 1567439784.8101
MEM 186.652344 1567439784.9214
MEM 194.671875 1567439785.0293
MEM 206.269531 1567439785.1374
MEM 215.003906 1567439785.2453
MEM 218.492188 1567439785.3533
MEM 230.437500 1567439785.4611
MEM 236.601562 1567439785.5690
MEM 254.808594 1567439785.6769
MEM 259.363281 1567439785.7849
MEM 265.972656 1567439785.8928
MEM 272.417969 1567439786.0062
MEM 287.113281 1567439786.1201
MEM 303.613281 1567439786.2326
MEM 369.703125 1567439786.3452
MEM 360.574219 1567439786.4585
MEM 428.636719 1567439786.5706
MEM 590.542969 1567439786.6840
MEM 681.359375 1567439786.7973
MEM 636.496094 1567439786.9106
MEM 712.519531 1567439787.0230
MEM 832.617188 1567439787.1349
CHLD 0 601.089844 1567439787.1434
CHLD 1 601.097656 1567439787.1434
CHLD 2 601.097656 1567439787.1434
CHLD 3 601.097656 1567439787.1435
MEM 1036.804688 1567439787.2439
CHLD 0 601.089844 1567439787.2520
CHLD 1 601.097656 1567439787.2520
CHLD 2 601.097656 1567439787.2521
CHLD 3 601.097656 1567439787.2521
MEM 1233.726562 1567439787.3525
CHLD 0 601.089844 1567439787.3606
CHLD 1 601.097656 1567439787.3607
CHLD 2 601.097656 1567439787.3607
CHLD 3 601.097656 1567439787.3607
MEM 1429.664062 1567439787.4611
CHLD 0 601.089844 1567439787.4692
CHLD 1 601.097656 1567439787.4693
CHLD 2 601.097656 1567439787.4693
CHLD 3 601.097656 1567439787.4694
MEM 1136.769531 1567439787.5698
CHLD 0 639.410156 1567439787.5837
CHLD 1 601.097656 1567439787.5838
CHLD 2 601.097656 1567439787.5839
CHLD 3 601.097656 1567439787.5839
MEM 1136.769531 1567439787.6843
CHLD 0 779.917969 1567439787.6929
CHLD 1 601.097656 1567439787.6930
CHLD 2 601.097656 1567439787.6930
CHLD 3 601.097656 1567439787.6930
MEM 1136.769531 1567439787.7934
CHLD 0 938.988281 1567439787.8020
CHLD 1 601.097656 1567439787.8020
CHLD 2 601.097656 1567439787.8021
CHLD 3 601.097656 1567439787.8021
MEM 748.105469 1567439787.9026
CHLD 0 1114.300781 1567439787.9172
CHLD 1 601.097656 1567439787.9173
CHLD 2 601.097656 1567439787.9173
CHLD 3 601.097656 1567439787.9174
MEM 956.675781 1567439788.0181
CHLD 0 1318.230469 1567439788.0331
CHLD 1 601.097656 1567439788.0332
CHLD 2 601.097656 1567439788.0332
CHLD 3 601.097656 1567439788.0333
MEM 1159.574219 1567439788.1338
CHLD 0 1064.347656 1567439788.1480
CHLD 1 601.097656 1567439788.1481
CHLD 2 601.097656 1567439788.1482
CHLD 3 601.097656 1567439788.1482
MEM 1356.800781 1567439788.2487
CHLD 0 1265.441406 1567439788.2672
CHLD 1 601.097656 1567439788.2673
CHLD 2 601.097656 1567439788.2673
CHLD 3 601.097656 1567439788.2674
MEM 1457.789062 1567439788.3679
CHLD 0 1290.910156 1567439788.3800
CHLD 1 601.097656 1567439788.3801
CHLD 2 601.097656 1567439788.3801
CHLD 3 601.097656 1567439788.3802
MEM 1136.781250 1567439788.4806
CHLD 0 1027.738281 1567439788.4943
CHLD 1 726.839844 1567439788.4944
CHLD 2 601.097656 1567439788.4945
CHLD 3 601.097656 1567439788.4945
CHLD 4 8.402344 1567439788.4946
MEM 1136.781250 1567439788.5950
CHLD 0 1036.820312 1567439788.6082
CHLD 1 868.378906 1567439788.6082
CHLD 2 601.097656 1567439788.6083
CHLD 3 601.097656 1567439788.6084
CHLD 4 10.750000 1567439788.6084
MEM 1136.781250 1567439788.7092
CHLD 0 1037.445312 1567439788.7225
CHLD 1 1022.292969 1567439788.7226
CHLD 2 601.097656 1567439788.7227
CHLD 3 601.097656 1567439788.7227
CHLD 4 10.750000 1567439788.7228
MEM 819.546875 1567439788.8232
CHLD 0 1040.898438 1567439788.8408
CHLD 1 1170.019531 1567439788.8409
CHLD 2 601.097656 1567439788.8409
CHLD 3 601.097656 1567439788.8410
CHLD 4 10.750000 1567439788.8410
MEM 960.828125 1567439788.9415
CHLD 0 1048.828125 1567439788.9578
CHLD 1 1317.488281 1567439788.9579
CHLD 2 601.097656 1567439788.9579
CHLD 3 601.097656 1567439788.9580
CHLD 4 10.750000 1567439788.9581
MEM 1125.828125 1567439789.0589
CHLD 0 1054.058594 1567439789.0727
CHLD 1 1026.972656 1567439789.0728
CHLD 2 601.097656 1567439789.0728
CHLD 3 601.097656 1567439789.0729
CHLD 4 10.750000 1567439789.0729
MEM 1312.742188 1567439789.1734
CHLD 0 1054.511719 1567439789.1904
CHLD 1 1186.558594 1567439789.1904
CHLD 2 601.097656 1567439789.1905
CHLD 3 601.097656 1567439789.1906
CHLD 4 10.750000 1567439789.1906
MEM 1451.476562 1567439789.2913
CHLD 0 1055.136719 1567439789.3043
CHLD 1 1324.488281 1567439789.3043
CHLD 2 601.097656 1567439789.3044
CHLD 3 601.097656 1567439789.3045
CHLD 4 10.750000 1567439789.3045
MEM 1154.734375 1567439789.4050
CHLD 0 1060.246094 1567439789.4188
CHLD 1 1139.386719 1567439789.4189
CHLD 2 615.984375 1567439789.4190
CHLD 3 601.097656 1567439789.4190
CHLD 4 10.750000 1567439789.4191
MEM 1136.789062 1567439789.5195
CHLD 0 1060.988281 1567439789.5602
CHLD 1 1030.984375 1567439789.5603
CHLD 2 709.828125 1567439789.5604
CHLD 3 601.097656 1567439789.5604
CHLD 4 9.675781 1567439789.5605
CHLD 5 10.750000 1567439789.5605
MEM 1136.789062 1567439789.6609
CHLD 0 1061.457031 1567439789.6740
CHLD 1 1037.273438 1567439789.6741
CHLD 2 833.062500 1567439789.6742
CHLD 3 601.097656 1567439789.6742
CHLD 4 10.843750 1567439789.6743
CHLD 5 10.750000 1567439789.6744
MEM 1136.789062 1567439789.7748
CHLD 0 1061.976562 1567439789.7885
CHLD 1 1040.527344 1567439789.7886
CHLD 2 956.296875 1567439789.7887
CHLD 3 601.097656 1567439789.7887
CHLD 4 10.843750 1567439789.7888
CHLD 5 10.750000 1567439789.7889
MEM 716.429688 1567439789.8893
CHLD 0 1062.812500 1567439789.9489
CHLD 1 1052.796875 1567439789.9490
CHLD 2 1076.953125 1567439789.9490
CHLD 3 601.097656 1567439789.9491
CHLD 4 10.843750 1567439789.9491
CHLD 5 10.750000 1567439789.9492
MEM 917.523438 1567439790.0496
CHLD 0 1070.941406 1567439790.0639
CHLD 1 1054.253906 1567439790.0640
CHLD 2 1190.906250 1567439790.0640
CHLD 3 601.097656 1567439790.0641
CHLD 4 10.843750 1567439790.0641
CHLD 5 10.750000 1567439790.0642
MEM 1033.281250 1567439790.1647
CHLD 0 1075.890625 1567439790.1909
CHLD 1 1054.882812 1567439790.1909
CHLD 2 1349.718750 1567439790.1910
CHLD 3 601.097656 1567439790.1911
CHLD 4 10.843750 1567439790.1911
CHLD 5 10.750000 1567439790.1912
MEM 1189.773438 1567439790.2916
CHLD 0 1076.378906 1567439790.3042
CHLD 1 1057.781250 1567439790.3043
CHLD 2 1028.777344 1567439790.3043
CHLD 3 601.097656 1567439790.3044
CHLD 4 10.843750 1567439790.3044
CHLD 5 10.750000 1567439790.3045
MEM 1302.179688 1567439790.4049
CHLD 0 1076.378906 1567439790.4242
CHLD 1 1060.292969 1567439790.4242
CHLD 2 1180.371094 1567439790.4243
CHLD 3 601.097656 1567439790.4244
CHLD 4 10.843750 1567439790.4244
CHLD 5 10.750000 1567439790.4245
MEM 1434.984375 1567439790.5249
CHLD 0 1076.644531 1567439790.5554
CHLD 1 1060.867188 1567439790.5554
CHLD 2 1342.277344 1567439790.5555
CHLD 3 601.097656 1567439790.5556
CHLD 4 10.843750 1567439790.5556
CHLD 5 10.750000 1567439790.5557
MEM 1136.800781 1567439790.6563
CHLD 0 1084.292969 1567439790.6790
CHLD 1 1061.550781 1567439790.6790
CHLD 2 1024.199219 1567439790.6818
CHLD 3 615.726562 1567439790.6819
CHLD 4 10.843750 1567439790.6820
CHLD 5 10.750000 1567439790.6821
MEM 1136.800781 1567439790.7825
CHLD 0 1087.511719 1567439790.8186
CHLD 1 1061.898438 1567439790.8187
CHLD 2 1031.601562 1567439790.8188
CHLD 3 682.757812 1567439790.8188
CHLD 4 9.804688 1567439790.8189
CHLD 5 10.843750 1567439790.8189
CHLD 6 10.750000 1567439790.8190
MEM 1136.800781 1567439790.9194
CHLD 0 1088.027344 1567439790.9391
CHLD 1 1062.457031 1567439790.9420
CHLD 2 1037.210938 1567439790.9421
CHLD 3 766.031250 1567439790.9421
CHLD 4 10.851562 1567439790.9422
CHLD 5 10.843750 1567439790.9422
CHLD 6 10.750000 1567439790.9423
MEM 1136.800781 1567439791.0428
CHLD 0 1088.027344 1567439791.0784
CHLD 1 1063.140625 1567439791.0785
CHLD 2 1037.570312 1567439791.0786
CHLD 3 819.656250 1567439791.0786
CHLD 4 10.851562 1567439791.0787
CHLD 5 10.843750 1567439791.0788
CHLD 6 10.750000 1567439791.0788
MEM 1136.800781 1567439791.1826
CHLD 0 1088.281250 1567439791.2235
CHLD 1 1074.250000 1567439791.2236
CHLD 2 1040.152344 1567439791.2236
CHLD 3 890.039062 1567439791.2237
CHLD 4 10.851562 1567439791.2237
CHLD 5 10.843750 1567439791.2238
CHLD 6 10.750000 1567439791.2238
MEM 1136.800781 1567439791.3245
CHLD 0 1088.539062 1567439791.3468
CHLD 1 1079.964844 1567439791.3469
CHLD 2 1041.898438 1567439791.3469
CHLD 3 985.945312 1567439791.3470
CHLD 4 10.851562 1567439791.3471
CHLD 5 10.843750 1567439791.3471
CHLD 6 10.750000 1567439791.3472
MEM 741.707031 1567439791.4476
CHLD 0 1088.539062 1567439791.4728
CHLD 1 1083.296875 1567439791.4729
CHLD 2 1051.984375 1567439791.4730
CHLD 3 1064.320312 1567439791.4730
CHLD 4 10.851562 1567439791.4731
CHLD 5 10.843750 1567439791.4731
CHLD 6 10.750000 1567439791.4732
MEM 853.597656 1567439791.5923
CHLD 0 1088.539062 1567439791.6105
CHLD 1 1083.296875 1567439791.6105
CHLD 2 1054.039062 1567439791.6106
CHLD 3 1154.296875 1567439791.6106
CHLD 4 10.851562 1567439791.6107
CHLD 5 10.843750 1567439791.6107
CHLD 6 10.750000 1567439791.6108
MEM 986.113281 1567439791.7112
CHLD 0 1088.539062 1567439791.7270
CHLD 1 1084.250000 1567439791.7271
CHLD 2 1054.292969 1567439791.7271
CHLD 3 1243.242188 1567439791.7272
CHLD 4 10.851562 1567439791.7273
CHLD 5 10.843750 1567439791.7273
CHLD 6 10.750000 1567439791.7274
MEM 1078.410156 1567439791.8288
CHLD 0 1088.539062 1567439791.8449
CHLD 1 1084.250000 1567439791.8450
CHLD 2 1054.789062 1567439791.8450
CHLD 3 1416.492188 1567439791.8451
CHLD 4 10.851562 1567439791.8452
CHLD 5 10.843750 1567439791.8452
CHLD 6 10.750000 1567439791.8453
MEM 1153.949219 1567439791.9465
CHLD 0 1088.539062 1567439791.9693
CHLD 1 1089.636719 1567439791.9694
CHLD 2 1058.281250 1567439791.9694
CHLD 3 1130.355469 1567439791.9695
CHLD 4 10.851562 1567439791.9695
CHLD 5 10.843750 1567439791.9696
CHLD 6 10.750000 1567439791.9697
MEM 1285.949219 1567439792.0702
CHLD 0 1088.539062 1567439792.1116
CHLD 1 1119.222656 1567439792.1117
CHLD 2 1059.925781 1567439792.1117
CHLD 3 1219.558594 1567439792.1118
CHLD 4 10.851562 1567439792.1119
CHLD 5 10.843750 1567439792.1119
CHLD 6 10.750000 1567439792.1120
MEM 1396.808594 1567439792.2132
CHLD 0 1088.539062 1567439792.2959
CHLD 1 1137.527344 1567439792.2960
CHLD 2 1060.503906 1567439792.2960
CHLD 3 1311.597656 1567439792.2961
CHLD 4 10.851562 1567439792.2961
CHLD 5 10.843750 1567439792.2962
CHLD 6 10.750000 1567439792.2963
MEM 1521.363281 1567439792.3969
CHLD 0 1088.539062 1567439792.4165
CHLD 1 1140.363281 1567439792.4166
CHLD 2 1060.503906 1567439792.4166
CHLD 3 1388.679688 1567439792.4167
CHLD 4 10.851562 1567439792.4167
CHLD 5 10.843750 1567439792.4168
CHLD 6 10.750000 1567439792.4168
MEM 1226.800781 1567439792.5173
CHLD 0 1088.539062 1567439792.5422
CHLD 1 1141.394531 1567439792.5475
CHLD 2 1060.847656 1567439792.5477
CHLD 3 1209.687500 1567439792.5478
CHLD 4 10.851562 1567439792.5479
CHLD 5 10.843750 1567439792.5480
CHLD 6 10.750000 1567439792.5480
MEM 1136.800781 1567439792.6485
CHLD 0 1088.796875 1567439792.6666
CHLD 1 1141.910156 1567439792.6667
CHLD 2 1061.007812 1567439792.6667
CHLD 3 1024.609375 1567439792.6668
CHLD 4 10.851562 1567439792.6668
CHLD 5 10.843750 1567439792.6669
CHLD 6 10.750000 1567439792.6670
MEM 1136.800781 1567439792.7675
CHLD 0 1088.796875 1567439792.7861
CHLD 1 1141.910156 1567439792.7862
CHLD 2 1061.804688 1567439792.7862
CHLD 3 1027.906250 1567439792.7863
CHLD 4 6.910156 1567439792.7864
CHLD 5 10.851562 1567439792.7864
CHLD 6 10.843750 1567439792.7865
CHLD 7 10.750000 1567439792.7865
MEM 1136.800781 1567439792.8870
CHLD 0 1088.796875 1567439792.9096
CHLD 1 1143.457031 1567439792.9096
CHLD 2 1069.601562 1567439792.9097
CHLD 3 1034.671875 1567439792.9098
CHLD 4 9.097656 1567439792.9098
CHLD 5 10.851562 1567439792.9099
CHLD 6 10.843750 1567439792.9100
CHLD 7 10.750000 1567439792.9100
MEM 1136.800781 1567439793.0107
CHLD 0 1088.796875 1567439793.0439
CHLD 1 1149.128906 1567439793.0439
CHLD 2 1072.097656 1567439793.0440
CHLD 3 1037.214844 1567439793.0440
CHLD 4 10.867188 1567439793.0441
CHLD 5 10.851562 1567439793.0442
CHLD 6 10.843750 1567439793.0442
CHLD 7 10.750000 1567439793.0443
MEM 1136.800781 1567439793.1447
CHLD 0 1088.796875 1567439793.1647
CHLD 1 1151.191406 1567439793.1647
CHLD 2 1077.257812 1567439793.1648
CHLD 3 1037.441406 1567439793.1648
CHLD 4 10.867188 1567439793.1649
CHLD 5 10.851562 1567439793.1649
CHLD 6 10.843750 1567439793.1650
CHLD 7 10.750000 1567439793.1651
MEM 1136.800781 1567439793.2654
CHLD 0 1088.796875 1567439793.2757
CHLD 1 1151.191406 1567439793.2757
CHLD 2 1077.257812 1567439793.2757
CHLD 3 1040.062500 1567439793.2758
CHLD 4 10.867188 1567439793.2759
CHLD 5 10.851562 1567439793.2759
CHLD 6 10.843750 1567439793.2760
CHLD 7 10.750000 1567439793.2760
MEM 1136.800781 1567439793.3764
CHLD 0 1088.796875 1567439793.3997
CHLD 1 1154.285156 1567439793.3997
CHLD 2 1077.523438 1567439793.3998
CHLD 3 1041.792969 1567439793.3999
CHLD 4 10.867188 1567439793.3999
CHLD 5 10.851562 1567439793.4000
CHLD 6 10.843750 1567439793.4001
CHLD 7 10.750000 1567439793.4001
MEM 1136.800781 1567439793.5017
CHLD 0 1089.054688 1567439793.5436
CHLD 1 1154.285156 1567439793.5437
CHLD 2 1080.781250 1567439793.5437
CHLD 3 1043.546875 1567439793.5438
CHLD 4 10.867188 1567439793.5438
CHLD 5 10.851562 1567439793.5439
CHLD 6 10.843750 1567439793.5439
CHLD 7 10.750000 1567439793.5440
MEM 1136.800781 1567439793.6444
CHLD 0 1089.054688 1567439793.6728
CHLD 1 1154.800781 1567439793.6729
CHLD 2 1094.703125 1567439793.6729
CHLD 3 1049.511719 1567439793.6730
CHLD 4 10.867188 1567439793.6731
CHLD 5 10.851562 1567439793.6731
CHLD 6 10.843750 1567439793.6732
CHLD 7 10.750000 1567439793.6733
MEM 1136.800781 1567439793.7740
CHLD 0 1089.054688 1567439793.7856
CHLD 1 1156.863281 1567439793.7856
CHLD 2 1098.312500 1567439793.7857
CHLD 3 1052.910156 1567439793.7858
CHLD 4 10.867188 1567439793.7859
CHLD 5 10.851562 1567439793.7859
CHLD 6 10.843750 1567439793.7860
CHLD 7 10.750000 1567439793.7860
MEM 1136.800781 1567439793.8865
CHLD 0 1089.054688 1567439793.9054
CHLD 1 1156.863281 1567439793.9055
CHLD 2 1103.730469 1567439793.9056
CHLD 3 1053.031250 1567439793.9056
CHLD 4 10.867188 1567439793.9057
CHLD 5 10.851562 1567439793.9058
CHLD 6 10.843750 1567439793.9058
CHLD 7 10.750000 1567439793.9059
MEM 1136.800781 1567439794.0065
CHLD 0 1089.312500 1567439794.0398
CHLD 1 1156.863281 1567439794.0399
CHLD 2 1107.597656 1567439794.0399
CHLD 3 1054.062500 1567439794.0400
CHLD 4 10.867188 1567439794.0400
CHLD 5 10.851562 1567439794.0401
CHLD 6 10.843750 1567439794.0401
CHLD 7 10.750000 1567439794.0402
MEM 1136.800781 1567439794.1407
CHLD 0 1089.312500 1567439794.1598
CHLD 1 1156.863281 1567439794.1599
CHLD 2 1107.597656 1567439794.1600
CHLD 3 1054.207031 1567439794.1600
CHLD 4 10.867188 1567439794.1601
CHLD 5 10.851562 1567439794.1602
CHLD 6 10.843750 1567439794.1602
CHLD 7 10.750000 1567439794.1603
MEM 1136.800781 1567439794.2608
CHLD 0 1089.312500 1567439794.3067
CHLD 1 1156.863281 1567439794.3067
CHLD 2 1107.597656 1567439794.3068
CHLD 3 1055.773438 1567439794.3069
CHLD 4 10.867188 1567439794.3069
CHLD 5 10.851562 1567439794.3070
CHLD 6 10.843750 1567439794.3070
CHLD 7 10.750000 1567439794.3071
MEM 1136.800781 1567439794.4076
CHLD 0 1089.312500 1567439794.4327
CHLD 1 1156.863281 1567439794.4328
CHLD 2 1107.855469 1567439794.4328
CHLD 3 1056.660156 1567439794.4329
CHLD 4 10.867188 1567439794.4329
CHLD 5 10.851562 1567439794.4330
CHLD 6 10.843750 1567439794.4330
CHLD 7 10.750000 1567439794.4331
MEM 1136.800781 1567439794.5379
CHLD 0 1089.312500 1567439794.5656
CHLD 1 1156.863281 1567439794.5656
CHLD 2 1107.855469 1567439794.5657
CHLD 3 1056.816406 1567439794.5657
CHLD 4 10.867188 1567439794.5658
CHLD 5 10.851562 1567439794.5659
CHLD 6 10.843750 1567439794.5659
CHLD 7 10.750000 1567439794.5660
MEM 1136.800781 1567439794.6671
CHLD 0 1089.312500 1567439794.6999
CHLD 1 1156.863281 1567439794.7000
CHLD 2 1107.855469 1567439794.7001
CHLD 3 1057.703125 1567439794.7001
CHLD 4 10.867188 1567439794.7002
CHLD 5 10.851562 1567439794.7003
CHLD 6 10.843750 1567439794.7003
CHLD 7 10.750000 1567439794.7004
MEM 1136.800781 1567439794.8010
CHLD 0 1089.312500 1567439794.8239
CHLD 1 1156.863281 1567439794.8240
CHLD 2 1108.113281 1567439794.8240
CHLD 3 1059.957031 1567439794.8241
CHLD 4 10.867188 1567439794.8241
CHLD 5 10.851562 1567439794.8242
CHLD 6 10.843750 1567439794.8242
CHLD 7 10.750000 1567439794.8243
MEM 1136.800781 1567439794.9248
CHLD 0 1089.312500 1567439794.9461
CHLD 1 1156.863281 1567439794.9461
CHLD 2 1108.113281 1567439794.9462
CHLD 3 1060.156250 1567439794.9462
CHLD 4 10.867188 1567439794.9462
CHLD 5 10.851562 1567439794.9463
CHLD 6 10.843750 1567439794.9464
CHLD 7 10.750000 1567439794.9464
MEM 1136.800781 1567439795.0470
CHLD 0 1089.312500 1567439795.0660
CHLD 1 1156.863281 1567439795.0661
CHLD 2 1108.371094 1567439795.0661
CHLD 3 1060.363281 1567439795.0662
CHLD 4 10.867188 1567439795.0672
CHLD 5 10.851562 1567439795.0828
CHLD 6 10.843750 1567439795.0828
CHLD 7 10.750000 1567439795.0829
MEM 1136.800781 1567439795.1833
CHLD 0 1089.312500 1567439795.2102
CHLD 1 1156.863281 1567439795.2102
CHLD 2 1108.371094 1567439795.2103
CHLD 3 1060.707031 1567439795.2104
CHLD 4 10.867188 1567439795.2104
CHLD 5 10.851562 1567439795.2105
CHLD 6 10.843750 1567439795.2105
CHLD 7 10.750000 1567439795.2106
MEM 1136.800781 1567439795.3118
CHLD 0 1089.312500 1567439795.3284
CHLD 1 1156.863281 1567439795.3285
CHLD 2 1108.371094 1567439795.3285
CHLD 3 1060.890625 1567439795.3286
CHLD 4 10.867188 1567439795.3286
CHLD 5 10.851562 1567439795.3287
CHLD 6 10.843750 1567439795.3288
CHLD 7 10.750000 1567439795.3288
MEM 1136.800781 1567439795.4295
CHLD 0 1089.312500 1567439795.4459
CHLD 1 1156.863281 1567439795.4460
CHLD 2 1108.371094 1567439795.4461
CHLD 3 1061.332031 1567439795.4462
CHLD 4 10.867188 1567439795.4463
CHLD 5 10.851562 1567439795.4464
CHLD 6 10.843750 1567439795.4464
CHLD 7 10.750000 1567439795.4465
MEM 1136.800781 1567439795.5478
CHLD 0 1089.312500 1567439795.5812
CHLD 1 1156.863281 1567439795.5813
CHLD 2 1108.371094 1567439795.5814
CHLD 3 1069.593750 1567439795.5814
CHLD 4 10.867188 1567439795.5815
CHLD 5 10.851562 1567439795.5815
CHLD 6 10.843750 1567439795.5816
CHLD 7 10.750000 1567439795.5816
MEM 1136.800781 1567439795.6821
CHLD 0 1089.312500 1567439795.7044
CHLD 1 1156.863281 1567439795.7044
CHLD 2 1108.371094 1567439795.7044
CHLD 3 1071.480469 1567439795.7045
CHLD 4 10.867188 1567439795.7045
CHLD 5 10.851562 1567439795.7045
CHLD 6 10.843750 1567439795.7046
CHLD 7 10.750000 1567439795.7046
MEM 1136.800781 1567439795.8054
CHLD 0 1089.312500 1567439795.8829
CHLD 1 1156.863281 1567439795.8830
CHLD 2 1108.886719 1567439795.8830
CHLD 3 1074.320312 1567439795.8831
CHLD 4 10.867188 1567439795.8832
CHLD 5 10.851562 1567439795.8833
CHLD 6 10.843750 1567439795.8833
CHLD 7 10.750000 1567439795.8834
MEM 1136.800781 1567439795.9839
CHLD 0 1089.312500 1567439796.0239
CHLD 1 1156.863281 1567439796.0240
CHLD 2 1108.886719 1567439796.0240
CHLD 3 1074.382812 1567439796.0241
CHLD 4 10.867188 1567439796.0249
CHLD 5 10.851562 1567439796.0250
CHLD 6 10.843750 1567439796.0250
CHLD 7 10.750000 1567439796.0251
MEM 1136.800781 1567439796.1257
CHLD 0 1089.312500 1567439796.1558
CHLD 1 1156.863281 1567439796.1559
CHLD 2 1109.660156 1567439796.1559
CHLD 3 1074.792969 1567439796.1559
CHLD 4 10.867188 1567439796.1560
CHLD 5 10.851562 1567439796.1560
CHLD 6 10.843750 1567439796.1560
CHLD 7 10.750000 1567439796.1561
MEM 1136.800781 1567439796.2568
CHLD 0 1089.312500 1567439796.3074
CHLD 1 1156.863281 1567439796.3075
CHLD 2 1109.660156 1567439796.3076
CHLD 3 1075.425781 1567439796.3076
CHLD 4 10.867188 1567439796.3077
CHLD 5 10.851562 1567439796.3078
CHLD 6 10.843750 1567439796.3078
CHLD 7 10.750000 1567439796.3079
MEM 1136.800781 1567439796.4083
CHLD 0 1089.312500 1567439796.4295
CHLD 1 1156.863281 1567439796.4296
CHLD 2 1109.660156 1567439796.4296
CHLD 3 1076.097656 1567439796.4297
CHLD 4 10.867188 1567439796.4297
CHLD 5 10.851562 1567439796.4298
CHLD 6 10.843750 1567439796.4298
CHLD 7 10.750000 1567439796.4299
MEM 1136.800781 1567439796.5304
CHLD 0 1089.312500 1567439796.5599
CHLD 1 1156.863281 1567439796.5600
CHLD 2 1109.660156 1567439796.5600
CHLD 3 1087.320312 1567439796.5601
CHLD 4 10.867188 1567439796.5601
CHLD 5 10.851562 1567439796.5602
CHLD 6 10.843750 1567439796.5602
CHLD 7 10.750000 1567439796.5603
MEM 1136.800781 1567439796.6611
CHLD 0 1089.312500 1567439796.6888
CHLD 1 1156.863281 1567439796.6889
CHLD 2 1109.917969 1567439796.6889
CHLD 3 1088.093750 1567439796.6890
CHLD 4 10.867188 1567439796.6891
CHLD 5 10.851562 1567439796.6891
CHLD 6 10.843750 1567439796.6892
CHLD 7 10.750000 1567439796.6892
MEM 1136.800781 1567439796.7897
CHLD 0 1089.312500 1567439796.8285
CHLD 1 1156.863281 1567439796.8292
CHLD 2 1109.917969 1567439796.8293
CHLD 3 1088.867188 1567439796.8293
CHLD 4 10.867188 1567439796.8294
CHLD 5 10.851562 1567439796.8295
CHLD 6 10.843750 1567439796.8295
CHLD 7 10.750000 1567439796.8296
MEM 1136.800781 1567439796.9302
CHLD 0 1089.312500 1567439796.9458
CHLD 1 1156.863281 1567439796.9459
CHLD 2 1109.917969 1567439796.9459
CHLD 3 1089.640625 1567439796.9460
CHLD 4 10.867188 1567439796.9460
CHLD 5 10.851562 1567439796.9461
CHLD 6 10.843750 1567439796.9461
CHLD 7 10.750000 1567439796.9462
MEM 1136.800781 1567439797.0466
CHLD 0 1089.312500 1567439797.0621
CHLD 1 1156.863281 1567439797.0621
CHLD 2 1109.917969 1567439797.0621
CHLD 3 1089.898438 1567439797.0622
CHLD 4 10.867188 1567439797.0622
CHLD 5 10.851562 1567439797.0622
CHLD 6 10.843750 1567439797.0635
CHLD 7 10.750000 1567439797.0636
MEM 1136.800781 1567439797.1640
CHLD 0 1089.312500 1567439797.1918
CHLD 1 1156.863281 1567439797.1919
CHLD 2 1109.917969 1567439797.1919
CHLD 3 1090.156250 1567439797.1920
CHLD 4 10.867188 1567439797.1920
CHLD 5 10.851562 1567439797.1921
CHLD 6 10.843750 1567439797.1922
CHLD 7 10.750000 1567439797.1922
MEM 1136.800781 1567439797.2927
CHLD 0 1089.312500 1567439797.3228
CHLD 1 1156.863281 1567439797.3229
CHLD 2 1109.917969 1567439797.3229
CHLD 3 1090.156250 1567439797.3230
CHLD 4 10.867188 1567439797.3231
CHLD 5 10.851562 1567439797.3231
CHLD 6 10.843750 1567439797.3232
CHLD 7 10.750000 1567439797.3232
MEM 1136.800781 1567439797.4236
CHLD 0 1089.312500 1567439797.4414
CHLD 1 1156.863281 1567439797.4415
CHLD 2 1109.917969 1567439797.4416
CHLD 3 1090.156250 1567439797.4416
CHLD 4 10.867188 1567439797.4417
CHLD 5 10.851562 1567439797.4417
CHLD 6 10.843750 1567439797.4418
CHLD 7 10.750000 1567439797.4419
MEM 1136.800781 1567439797.5425
CHLD 0 1089.312500 1567439797.5776
CHLD 1 1156.863281 1567439797.5777
CHLD 2 1109.917969 1567439797.5777
CHLD 3 1090.156250 1567439797.5778
CHLD 4 10.867188 1567439797.5778
CHLD 5 10.851562 1567439797.5779
CHLD 6 10.843750 1567439797.5780
CHLD 7 10.750000 1567439797.5780
MEM 1136.800781 1567439797.6787
CHLD 0 1089.312500 1567439797.6991
CHLD 1 1156.863281 1567439797.6992
CHLD 2 1109.917969 1567439797.6992
CHLD 3 1090.156250 1567439797.6993
CHLD 4 10.867188 1567439797.6994
CHLD 5 10.851562 1567439797.6994
CHLD 6 10.843750 1567439797.6995
CHLD 7 10.750000 1567439797.6995
MEM 1136.800781 1567439797.7999
CHLD 0 1089.312500 1567439797.8152
CHLD 1 1156.863281 1567439797.8153
CHLD 2 1109.917969 1567439797.8153
CHLD 3 1090.156250 1567439797.8154
CHLD 4 10.867188 1567439797.8155
CHLD 5 10.851562 1567439797.8155
CHLD 6 10.843750 1567439797.8156
CHLD 7 10.750000 1567439797.8156
MEM 1136.800781 1567439797.9210
CHLD 0 1089.312500 1567439797.9640
CHLD 1 1159.183594 1567439797.9641
CHLD 2 1109.917969 1567439797.9641
CHLD 3 1090.156250 1567439797.9642
CHLD 4 10.867188 1567439797.9643
CHLD 5 10.851562 1567439797.9643
CHLD 6 10.843750 1567439797.9644
CHLD 7 10.750000 1567439797.9644
MEM 1136.800781 1567439798.0649
CHLD 0 1089.718750 1567439798.0832
CHLD 1 1159.183594 1567439798.0833
CHLD 2 1109.917969 1567439798.0833
CHLD 3 1090.156250 1567439798.0834
CHLD 4 10.867188 1567439798.0834
CHLD 5 10.851562 1567439798.0835
CHLD 6 10.843750 1567439798.0835
CHLD 7 10.750000 1567439798.0836
MEM 1136.800781 1567439798.1841
CHLD 0 1089.718750 1567439798.2180
CHLD 1 1159.183594 1567439798.2181
CHLD 2 1109.917969 1567439798.2181
CHLD 3 1090.156250 1567439798.2182
CHLD 4 10.867188 1567439798.2183
CHLD 5 10.851562 1567439798.2183
CHLD 6 10.843750 1567439798.2206
CHLD 7 10.750000 1567439798.2207
MEM 1136.800781 1567439798.3246
CHLD 0 1090.234375 1567439798.3943
CHLD 1 1159.183594 1567439798.3944
CHLD 2 1109.917969 1567439798.3945
CHLD 3 1090.156250 1567439798.3946
CHLD 4 10.867188 1567439798.3946
CHLD 5 10.851562 1567439798.3947
CHLD 6 10.843750 1567439798.3948
CHLD 7 10.750000 1567439798.3948
MEM 1136.800781 1567439798.4953
CHLD 0 1090.234375 1567439798.5326
CHLD 1 1159.183594 1567439798.5327
CHLD 2 1109.917969 1567439798.5328
CHLD 3 1090.671875 1567439798.5328
CHLD 4 10.867188 1567439798.5329
CHLD 5 10.851562 1567439798.5329
CHLD 6 10.843750 1567439798.5330
CHLD 7 10.750000 1567439798.5330
MEM 1136.800781 1567439798.6338
CHLD 0 1090.234375 1567439798.6725
CHLD 1 1159.183594 1567439798.6726
CHLD 2 1109.917969 1567439798.6727
CHLD 3 1090.671875 1567439798.6728
CHLD 4 10.867188 1567439798.6728
CHLD 5 10.851562 1567439798.6729
CHLD 6 10.843750 1567439798.6730
CHLD 7 10.750000 1567439798.6886
MEM 1136.800781 1567439798.7891
CHLD 0 1090.234375 1567439798.8194
CHLD 1 1159.183594 1567439798.8194
CHLD 2 1109.917969 1567439798.8195
CHLD 3 1090.671875 1567439798.8195
CHLD 4 10.867188 1567439798.8196
CHLD 5 10.851562 1567439798.8196
CHLD 6 10.843750 1567439798.8197
CHLD 7 10.750000 1567439798.8197
MEM 1136.800781 1567439798.9202
CHLD 0 1090.234375 1567439798.9565
CHLD 1 1147.750000 1567439798.9566
CHLD 2 1109.917969 1567439798.9566
CHLD 3 1090.671875 1567439798.9567
CHLD 4 10.867188 1567439798.9568
CHLD 5 10.851562 1567439798.9568
CHLD 6 10.843750 1567439798.9569
CHLD 7 10.750000 1567439798.9570
MEM 1136.800781 1567439799.0574
CHLD 0 1090.234375 1567439799.0836
CHLD 1 1153.421875 1567439799.0837
CHLD 2 1109.917969 1567439799.0837
CHLD 3 1090.671875 1567439799.0838
CHLD 4 10.867188 1567439799.0839
CHLD 5 10.851562 1567439799.0886
CHLD 6 10.843750 1567439799.0887
CHLD 7 10.750000 1567439799.0888
MEM 1136.800781 1567439799.1893
CHLD 0 1090.234375 1567439799.2087
CHLD 1 1153.421875 1567439799.2087
CHLD 2 1109.917969 1567439799.2088
CHLD 3 1090.671875 1567439799.2089
CHLD 4 10.867188 1567439799.2089
CHLD 5 10.851562 1567439799.2090
CHLD 6 10.843750 1567439799.2090
CHLD 7 10.750000 1567439799.2091
MEM 1136.800781 1567439799.3097
CHLD 0 1090.234375 1567439799.3456
CHLD 1 1153.421875 1567439799.3457
CHLD 2 1109.917969 1567439799.3457
CHLD 3 1090.671875 1567439799.3458
CHLD 4 10.867188 1567439799.3459
CHLD 5 10.851562 1567439799.3459
CHLD 6 10.843750 1567439799.3460
CHLD 7 10.750000 1567439799.3460
MEM 1136.800781 1567439799.4535
CHLD 0 1090.234375 1567439799.4811
CHLD 1 1153.421875 1567439799.4812
CHLD 2 1109.917969 1567439799.4813
CHLD 3 1090.671875 1567439799.4813
CHLD 4 10.867188 1567439799.4814
CHLD 5 10.851562 1567439799.4815
CHLD 6 10.843750 1567439799.4816
CHLD 7 10.750000 1567439799.4817
MEM 1136.800781 1567439799.5821
CHLD 0 1090.234375 1567439799.6251
CHLD 1 1153.421875 1567439799.6252
CHLD 2 1110.175781 1567439799.6252
CHLD 3 1090.671875 1567439799.6253
CHLD 4 10.867188 1567439799.6253
CHLD 5 10.851562 1567439799.6254
CHLD 6 10.843750 1567439799.6254
CHLD 7 10.750000 1567439799.6255
MEM 1136.800781 1567439799.7260
CHLD 0 1090.234375 1567439799.7429
CHLD 1 1153.421875 1567439799.7429
CHLD 2 1110.175781 1567439799.7433
CHLD 3 1090.671875 1567439799.7499
CHLD 4 10.867188 1567439799.7500
CHLD 5 10.851562 1567439799.7501
CHLD 6 10.843750 1567439799.7502
CHLD 7 10.750000 1567439799.7503
MEM 1136.800781 1567439799.8508
CHLD 0 1090.234375 1567439799.8734
CHLD 1 1153.421875 1567439799.8734
CHLD 2 1110.175781 1567439799.8735
CHLD 3 1090.671875 1567439799.8735
CHLD 4 10.867188 1567439799.8736
CHLD 5 10.851562 1567439799.8737
CHLD 6 10.843750 1567439799.8737
CHLD 7 10.750000 1567439799.8738
MEM 1136.800781 1567439799.9742
CHLD 0 1090.234375 1567439799.9920
CHLD 1 1153.421875 1567439799.9920
CHLD 2 1110.175781 1567439799.9921
CHLD 3 1090.671875 1567439799.9921
CHLD 4 10.867188 1567439799.9922
CHLD 5 10.851562 1567439799.9923
CHLD 6 10.843750 1567439799.9923
CHLD 7 10.750000 1567439799.9924
MEM 1136.800781 1567439800.0928
CHLD 0 1090.234375 1567439800.1331
CHLD 1 1153.421875 1567439800.1332
CHLD 2 1110.175781 1567439800.1333
CHLD 3 1090.671875 1567439800.1333
CHLD 4 10.867188 1567439800.1334
CHLD 5 10.851562 1567439800.1334
CHLD 6 10.843750 1567439800.1335
CHLD 7 10.750000 1567439800.1336
MEM 1136.800781 1567439800.2340
CHLD 0 1090.234375 1567439800.2624
CHLD 1 1153.421875 1567439800.2625
CHLD 2 1110.175781 1567439800.2627
CHLD 3 1090.671875 1567439800.2629
CHLD 4 10.867188 1567439800.2684
CHLD 5 10.851562 1567439800.2685
CHLD 6 10.843750 1567439800.2686
CHLD 7 10.750000 1567439800.2686
MEM 1136.800781 1567439800.3691
CHLD 0 1090.234375 1567439800.3988
CHLD 1 1156.515625 1567439800.3988
CHLD 2 1110.175781 1567439800.3989
CHLD 3 1090.671875 1567439800.3990
CHLD 4 10.867188 1567439800.3990
CHLD 5 10.851562 1567439800.3991
CHLD 6 10.843750 1567439800.3992
CHLD 7 10.750000 1567439800.3992
MEM 1136.800781 1567439800.5001
CHLD 0 1090.234375 1567439800.5207
CHLD 1 1156.515625 1567439800.5208
CHLD 2 1110.175781 1567439800.5208
CHLD 3 1090.671875 1567439800.5209
CHLD 4 10.867188 1567439800.5209
CHLD 5 10.851562 1567439800.5210
CHLD 6 10.843750 1567439800.5210
CHLD 7 10.750000 1567439800.5211
MEM 1136.800781 1567439800.6306
CHLD 0 1090.234375 1567439800.6652
CHLD 1 1156.515625 1567439800.6653
CHLD 2 1110.949219 1567439800.6653
CHLD 3 1090.671875 1567439800.6654
CHLD 4 10.867188 1567439800.6654
CHLD 5 10.851562 1567439800.6655
CHLD 6 10.843750 1567439800.6655
CHLD 7 10.750000 1567439800.6656
MEM 1136.800781 1567439800.7661
CHLD 0 1090.234375 1567439800.8167
CHLD 1 1156.515625 1567439800.8168
CHLD 2 1110.949219 1567439800.8168
CHLD 3 1090.671875 1567439800.8169
CHLD 4 10.867188 1567439800.8169
CHLD 5 10.851562 1567439800.8170
CHLD 6 10.843750 1567439800.8170
CHLD 7 10.750000 1567439800.8171
MEM 1136.800781 1567439800.9175
CHLD 0 1090.234375 1567439800.9355
CHLD 1 1156.515625 1567439800.9356
CHLD 2 1110.949219 1567439800.9357
CHLD 3 1090.671875 1567439800.9357
CHLD 4 10.867188 1567439800.9358
CHLD 5 10.851562 1567439800.9358
CHLD 6 10.843750 1567439800.9359
CHLD 7 10.750000 1567439800.9360
MEM 1136.800781 1567439801.0364
CHLD 0 1090.234375 1567439801.0641
CHLD 1 1156.515625 1567439801.0641
CHLD 2 1110.949219 1567439801.0642
CHLD 3 1090.671875 1567439801.0643
CHLD 4 10.867188 1567439801.0643
CHLD 5 10.851562 1567439801.0644
CHLD 6 10.843750 1567439801.0645
CHLD 7 10.750000 1567439801.0645
MEM 1136.800781 1567439801.1649
CHLD 0 1090.234375 1567439801.1977
CHLD 1 1157.917969 1567439801.1978
CHLD 2 1110.949219 1567439801.1978
CHLD 3 1091.445312 1567439801.1979
CHLD 4 10.867188 1567439801.1980
CHLD 5 10.851562 1567439801.1980
CHLD 6 10.843750 1567439801.1986
CHLD 7 10.750000 1567439801.1986
MEM 1136.800781 1567439801.2992
CHLD 0 1090.234375 1567439801.3365
CHLD 1 1157.917969 1567439801.3366
CHLD 2 1110.949219 1567439801.3367
CHLD 3 1091.445312 1567439801.3368
CHLD 4 10.867188 1567439801.3368
CHLD 5 10.851562 1567439801.3369
CHLD 6 10.843750 1567439801.3369
CHLD 7 10.750000 1567439801.3370
MEM 1136.800781 1567439801.4374
CHLD 0 1124.882812 1567439801.4625
CHLD 1 1157.917969 1567439801.4652
CHLD 2 1111.722656 1567439801.4653
CHLD 3 1091.445312 1567439801.4654
CHLD 4 10.867188 1567439801.4655
CHLD 5 10.851562 1567439801.4655
CHLD 6 10.843750 1567439801.4656
CHLD 7 10.750000 1567439801.4657
MEM 1136.800781 1567439801.5661
CHLD 0 1153.500000 1567439801.5964
CHLD 1 1157.917969 1567439801.5965
CHLD 2 1111.722656 1567439801.5965
CHLD 3 1091.445312 1567439801.5966
CHLD 4 10.867188 1567439801.5966
CHLD 5 10.851562 1567439801.5967
CHLD 6 10.843750 1567439801.5967
CHLD 7 10.750000 1567439801.5968
MEM 1136.800781 1567439801.6980
CHLD 0 1176.445312 1567439801.7137
CHLD 1 1157.917969 1567439801.7137
CHLD 2 1111.722656 1567439801.7138
CHLD 3 1091.445312 1567439801.7138
CHLD 4 10.867188 1567439801.7138
CHLD 5 10.851562 1567439801.7139
CHLD 6 10.843750 1567439801.7139
CHLD 7 10.750000 1567439801.7139
MEM 1136.800781 1567439801.8144
CHLD 0 1213.312500 1567439801.8255
CHLD 1 1157.917969 1567439801.8256
CHLD 2 1111.722656 1567439801.8257
CHLD 3 1091.445312 1567439801.8257
CHLD 4 10.867188 1567439801.8258
CHLD 5 10.851562 1567439801.8258
CHLD 6 10.843750 1567439801.8259
CHLD 7 10.750000 1567439801.8260
MEM 1136.800781 1567439801.9265
CHLD 0 1242.187500 1567439801.9459
CHLD 1 1157.917969 1567439801.9462
CHLD 2 1111.722656 1567439801.9463
CHLD 3 1091.445312 1567439801.9463
CHLD 4 10.867188 1567439801.9464
CHLD 5 10.851562 1567439801.9465
CHLD 6 10.843750 1567439801.9465
CHLD 7 10.750000 1567439801.9466
MEM 1136.800781 1567439802.0474
CHLD 0 1288.078125 1567439802.0923
CHLD 1 1157.917969 1567439802.0924
CHLD 2 1111.722656 1567439802.0924
CHLD 3 1091.445312 1567439802.0925
CHLD 4 10.867188 1567439802.0926
CHLD 5 10.851562 1567439802.0926
CHLD 6 10.843750 1567439802.0927
CHLD 7 10.750000 1567439802.0927
MEM 1136.800781 1567439802.1932
CHLD 0 1321.851562 1567439802.2154
CHLD 1 1157.917969 1567439802.2155
CHLD 2 1111.722656 1567439802.2155
CHLD 3 1091.445312 1567439802.2156
CHLD 4 10.867188 1567439802.2159
CHLD 5 10.851562 1567439802.2160
CHLD 6 10.843750 1567439802.2161
CHLD 7 10.750000 1567439802.2210
MEM 1136.800781 1567439802.3266
CHLD 0 1357.171875 1567439802.3609
CHLD 1 1157.917969 1567439802.3609
CHLD 2 1111.722656 1567439802.3610
CHLD 3 1091.445312 1567439802.3610
CHLD 4 10.867188 1567439802.3611
CHLD 5 10.851562 1567439802.3612
CHLD 6 10.843750 1567439802.3612
CHLD 7 10.750000 1567439802.3613
MEM 1136.800781 1567439802.4617
CHLD 0 1390.945312 1567439802.4821
CHLD 1 1157.917969 1567439802.4822
CHLD 2 1111.722656 1567439802.4823
CHLD 3 1091.445312 1567439802.4824
CHLD 4 10.867188 1567439802.4824
CHLD 5 10.851562 1567439802.4825
CHLD 6 10.843750 1567439802.4845
CHLD 7 10.750000 1567439802.4846
MEM 1136.800781 1567439802.5851
CHLD 0 1429.101562 1567439802.6037
CHLD 1 1157.917969 1567439802.6038
CHLD 2 1111.722656 1567439802.6039
CHLD 3 1091.445312 1567439802.6039
CHLD 4 10.867188 1567439802.6040
CHLD 5 10.851562 1567439802.6040
CHLD 6 10.843750 1567439802.6041
CHLD 7 10.750000 1567439802.6041
MEM 1136.800781 1567439802.7046
CHLD 0 1466.742188 1567439802.7331
CHLD 1 1157.917969 1567439802.7332
CHLD 2 1111.722656 1567439802.7332
CHLD 3 1091.445312 1567439802.7333
CHLD 4 10.867188 1567439802.7334
CHLD 5 10.851562 1567439802.7335
CHLD 6 10.843750 1567439802.7346
CHLD 7 10.750000 1567439802.7348
MEM 1136.800781 1567439802.8353
CHLD 0 1524.750000 1567439802.8919
CHLD 1 1157.917969 1567439802.8920
CHLD 2 1111.980469 1567439802.8920
CHLD 3 1091.445312 1567439802.8921
CHLD 4 10.867188 1567439802.8922
CHLD 5 10.851562 1567439802.8922
CHLD 6 10.843750 1567439802.8923
CHLD 7 10.750000 1567439802.8923
MEM 758.464844 1567439802.9932
CHLD 0 1579.148438 1567439803.0428
CHLD 1 1157.917969 1567439803.0429
CHLD 2 1111.980469 1567439803.0429
CHLD 3 1091.445312 1567439803.0430
CHLD 4 10.867188 1567439803.0431
CHLD 5 10.851562 1567439803.0431
CHLD 6 10.843750 1567439803.0432
CHLD 7 10.750000 1567439803.0433
MEM 845.347656 1567439803.1437
CHLD 0 1620.656250 1567439803.1731
CHLD 1 1157.917969 1567439803.1731
CHLD 2 1111.980469 1567439803.1732
CHLD 3 1091.445312 1567439803.1732
CHLD 4 10.867188 1567439803.1733
CHLD 5 10.851562 1567439803.1734
CHLD 6 10.843750 1567439803.1734
CHLD 7 10.750000 1567439803.1735
MEM 917.792969 1567439803.2739
CHLD 0 1731.515625 1567439803.3146
CHLD 1 1157.917969 1567439803.3146
CHLD 2 1111.980469 1567439803.3147
CHLD 3 1091.445312 1567439803.3147
CHLD 4 10.867188 1567439803.3148
CHLD 5 10.851562 1567439803.3148
CHLD 6 10.843750 1567439803.3149
CHLD 7 10.750000 1567439803.3149
MEM 1004.933594 1567439803.4154
CHLD 0 1877.695312 1567439803.4730
CHLD 1 1157.917969 1567439803.4731
CHLD 2 1111.980469 1567439803.4731
CHLD 3 1091.445312 1567439803.4732
CHLD 4 10.867188 1567439803.4733
CHLD 5 10.851562 1567439803.4733
CHLD 6 10.843750 1567439803.4734
CHLD 7 10.750000 1567439803.4735
MEM 1046.441406 1567439803.5793
CHLD 0 1532.156250 1567439803.5987
CHLD 1 1157.917969 1567439803.5988
CHLD 2 1111.980469 1567439803.5988
CHLD 3 1091.445312 1567439803.5989
CHLD 4 10.867188 1567439803.5990
CHLD 5 10.851562 1567439803.5990
CHLD 6 10.843750 1567439803.5991
CHLD 7 10.750000 1567439803.5992
MEM 1132.292969 1567439803.6996
CHLD 0 1607.953125 1567439803.7241
CHLD 1 1157.917969 1567439803.7242
CHLD 2 1111.980469 1567439803.7243
CHLD 3 1091.445312 1567439803.7243
CHLD 4 10.867188 1567439803.7244
CHLD 5 10.851562 1567439803.7244
CHLD 6 10.843750 1567439803.7245
CHLD 7 10.750000 1567439803.7245
MEM 1152.660156 1567439803.8250
CHLD 0 1750.007812 1567439803.8471
CHLD 1 1157.917969 1567439803.8472
CHLD 2 1111.980469 1567439803.8472
CHLD 3 1091.445312 1567439803.8473
CHLD 4 10.867188 1567439803.8473
CHLD 5 10.851562 1567439803.8474
CHLD 6 10.843750 1567439803.8475
CHLD 7 10.750000 1567439803.8475
MEM 1219.949219 1567439803.9480
CHLD 0 1831.734375 1567439803.9700
CHLD 1 1157.917969 1567439803.9701
CHLD 2 1111.980469 1567439803.9701
CHLD 3 1091.445312 1567439803.9702
CHLD 4 10.867188 1567439803.9703
CHLD 5 10.851562 1567439803.9704
CHLD 6 10.843750 1567439803.9704
CHLD 7 10.750000 1567439803.9705
MEM 1299.355469 1567439804.0710
CHLD 0 1891.804688 1567439804.1140
CHLD 1 1157.917969 1567439804.1140
CHLD 2 1111.980469 1567439804.1141
CHLD 3 1091.445312 1567439804.1142
CHLD 4 10.867188 1567439804.1142
CHLD 5 10.851562 1567439804.1144
CHLD 6 10.843750 1567439804.1144
CHLD 7 10.750000 1567439804.1145
MEM 1368.707031 1567439804.2149
CHLD 0 1893.335938 1567439804.2638
CHLD 1 1157.917969 1567439804.2639
CHLD 2 1111.980469 1567439804.2639
CHLD 3 1091.445312 1567439804.2640
CHLD 4 10.867188 1567439804.2641
CHLD 5 10.851562 1567439804.2641
CHLD 6 10.843750 1567439804.2642
CHLD 7 10.750000 1567439804.2642
MEM 1488.878906 1567439804.3647
CHLD 0 1510.718750 1567439804.3879
CHLD 1 1157.917969 1567439804.3879
CHLD 2 1111.980469 1567439804.3880
CHLD 3 1091.445312 1567439804.3880
CHLD 4 10.867188 1567439804.3881
CHLD 5 10.851562 1567439804.3882
CHLD 6 10.843750 1567439804.3882
CHLD 7 10.750000 1567439804.3883
MEM 1136.816406 1567439804.4887
CHLD 0 1510.953125 1567439804.5075
CHLD 1 1182.632812 1567439804.5076
CHLD 2 1111.980469 1567439804.5077
CHLD 3 1091.445312 1567439804.5077
CHLD 4 10.867188 1567439804.5078
CHLD 5 10.851562 1567439804.5079
CHLD 6 10.843750 1567439804.5079
CHLD 7 10.750000 1567439804.5080
MEM 1136.816406 1567439804.6085
CHLD 0 1511.210938 1567439804.6502
CHLD 1 1265.390625 1567439804.6502
CHLD 2 1111.980469 1567439804.6551
CHLD 3 1091.445312 1567439804.6552
CHLD 4 10.867188 1567439804.6553
CHLD 5 10.851562 1567439804.6553
CHLD 6 10.843750 1567439804.6554
CHLD 7 10.750000 1567439804.6554
MEM 1136.816406 1567439804.7562
CHLD 0 1511.468750 1567439804.7773
CHLD 1 1347.632812 1567439804.7773
CHLD 2 1111.980469 1567439804.7774
CHLD 3 1091.445312 1567439804.7774
CHLD 4 10.867188 1567439804.7777
CHLD 5 10.851562 1567439804.7779
CHLD 6 10.843750 1567439804.7779
CHLD 7 10.750000 1567439804.7780
MEM 1136.816406 1567439804.8784
CHLD 0 1511.726562 1567439804.8948
CHLD 1 1404.609375 1567439804.8948
CHLD 2 1111.980469 1567439804.8949
CHLD 3 1091.445312 1567439804.8950
CHLD 4 10.867188 1567439804.8950
CHLD 5 10.851562 1567439804.8952
CHLD 6 10.843750 1567439804.8952
CHLD 7 10.750000 1567439804.8953
MEM 1136.816406 1567439804.9970
CHLD 0 1512.242188 1567439805.0408
CHLD 1 1492.781250 1567439805.0409
CHLD 2 1111.980469 1567439805.0410
CHLD 3 1091.445312 1567439805.0410
CHLD 4 10.867188 1567439805.0411
CHLD 5 10.851562 1567439805.0411
CHLD 6 10.843750 1567439805.0412
CHLD 7 10.750000 1567439805.0413
MEM 1097.285156 1567439805.1445
CHLD 0 1512.816406 1567439805.1671
CHLD 1 1609.054688 1567439805.1671
CHLD 2 1112.304688 1567439805.1672
CHLD 3 1091.445312 1567439805.1673
CHLD 4 10.867188 1567439805.1673
CHLD 5 10.851562 1567439805.1674
CHLD 6 10.843750 1567439805.1674
CHLD 7 10.750000 1567439805.1675
MEM 813.652344 1567439805.2679
CHLD 0 1513.316406 1567439805.2885
CHLD 1 1745.437500 1567439805.2886
CHLD 2 1112.304688 1567439805.2886
CHLD 3 1091.445312 1567439805.2887
CHLD 4 10.867188 1567439805.2888
CHLD 5 10.851562 1567439805.2888
CHLD 6 10.843750 1567439805.2889
CHLD 7 10.750000 1567439805.2889
MEM 950.035156 1567439805.3894
CHLD 0 1513.570312 1567439805.4152
CHLD 1 1856.039062 1567439805.4153
CHLD 2 1112.304688 1567439805.4153
CHLD 3 1091.445312 1567439805.4154
CHLD 4 10.867188 1567439805.4155
CHLD 5 10.851562 1567439805.4155
CHLD 6 10.843750 1567439805.4156
CHLD 7 10.750000 1567439805.4157
MEM 1155.769531 1567439805.5311
CHLD 0 1514.066406 1567439805.5558
CHLD 1 1951.945312 1567439805.5559
CHLD 2 1112.304688 1567439805.5560
CHLD 3 1091.445312 1567439805.5561
CHLD 4 10.867188 1567439805.5561
CHLD 5 10.851562 1567439805.5562
CHLD 6 10.843750 1567439805.5563
CHLD 7 10.750000 1567439805.5689
MEM 1307.105469 1567439805.6693
CHLD 0 1516.382812 1567439805.6948
CHLD 1 1627.929688 1567439805.6949
CHLD 2 1112.304688 1567439805.6949
CHLD 3 1092.945312 1567439805.6950
CHLD 4 10.867188 1567439805.6951
CHLD 5 10.851562 1567439805.6951
CHLD 6 10.843750 1567439805.6952
CHLD 7 10.750000 1567439805.6952
MEM 1450.480469 1567439805.7957
CHLD 0 1517.929688 1567439805.8194
CHLD 1 1742.914062 1567439805.8195
CHLD 2 1112.304688 1567439805.8195
CHLD 3 1092.945312 1567439805.8196
CHLD 4 10.867188 1567439805.8197
CHLD 5 10.851562 1567439805.8197
CHLD 6 10.843750 1567439805.8198
CHLD 7 10.750000 1567439805.8198
MEM 1344.187500 1567439805.9203
CHLD 0 1519.476562 1567439805.9360
CHLD 1 1849.906250 1567439805.9361
CHLD 2 1115.167969 1567439805.9362
CHLD 3 1092.945312 1567439805.9362
CHLD 4 10.867188 1567439805.9363
CHLD 5 10.851562 1567439805.9364
CHLD 6 10.843750 1567439805.9364
CHLD 7 10.750000 1567439805.9365
MEM 1136.828125 1567439806.0370
CHLD 0 1519.992188 1567439806.0661
CHLD 1 1735.628906 1567439806.0661
CHLD 2 1209.269531 1567439806.0662
CHLD 3 1092.945312 1567439806.0663
CHLD 4 10.867188 1567439806.0663
CHLD 5 10.851562 1567439806.0664
CHLD 6 10.843750 1567439806.0664
CHLD 7 10.750000 1567439806.0665
MEM 1136.828125 1567439806.1670
CHLD 0 1519.992188 1567439806.1810
CHLD 1 1579.425781 1567439806.1811
CHLD 2 1278.363281 1567439806.1812
CHLD 3 1092.945312 1567439806.1812
CHLD 4 10.867188 1567439806.1813
CHLD 5 10.851562 1567439806.1813
CHLD 6 10.843750 1567439806.1814
CHLD 7 10.750000 1567439806.1814
MEM 1136.828125 1567439806.2819
CHLD 0 1519.992188 1567439806.2976
CHLD 1 1579.929688 1567439806.2977
CHLD 2 1392.058594 1567439806.2978
CHLD 3 1092.945312 1567439806.2988
CHLD 4 10.867188 1567439806.2990
CHLD 5 10.851562 1567439806.2990
CHLD 6 10.843750 1567439806.2991
CHLD 7 10.750000 1567439806.2992
MEM 1136.828125 1567439806.3996
CHLD 0 1519.992188 1567439806.4152
CHLD 1 1580.679688 1567439806.4152
CHLD 2 1504.980469 1567439806.4153
CHLD 3 1092.945312 1567439806.4154
CHLD 4 10.867188 1567439806.4154
CHLD 5 10.851562 1567439806.4155
CHLD 6 10.843750 1567439806.4156
CHLD 7 10.750000 1567439806.4156
MEM 771.640625 1567439806.5164
CHLD 0 1519.992188 1567439806.5361
CHLD 1 1581.187500 1567439806.5362
CHLD 2 1589.285156 1567439806.5363
CHLD 3 1092.945312 1567439806.5363
CHLD 4 10.867188 1567439806.5364
CHLD 5 10.851562 1567439806.5364
CHLD 6 10.843750 1567439806.5365
CHLD 7 10.750000 1567439806.5366
MEM 940.250000 1567439806.6371
CHLD 0 1519.992188 1567439806.6565
CHLD 1 1581.703125 1567439806.6566
CHLD 2 1702.980469 1567439806.6567
CHLD 3 1092.945312 1567439806.6568
CHLD 4 10.867188 1567439806.6568
CHLD 5 10.851562 1567439806.6569
CHLD 6 10.843750 1567439806.6570
CHLD 7 10.750000 1567439806.6570
MEM 1113.242188 1567439806.7580
CHLD 0 1519.992188 1567439806.7714
CHLD 1 1582.175781 1567439806.7715
CHLD 2 1783.675781 1567439806.7716
CHLD 3 1092.945312 1567439806.7716
CHLD 4 10.867188 1567439806.7717
CHLD 5 10.851562 1567439806.7717
CHLD 6 10.843750 1567439806.7718
CHLD 7 10.750000 1567439806.7719
MEM 1272.828125 1567439806.8723
CHLD 0 1519.992188 1567439806.8862
CHLD 1 1582.687500 1567439806.8863
CHLD 2 1903.558594 1567439806.8864
CHLD 3 1092.945312 1567439806.8864
CHLD 4 10.867188 1567439806.8865
CHLD 5 10.851562 1567439806.8866
CHLD 6 10.843750 1567439806.8866
CHLD 7 10.750000 1567439806.8867
MEM 1427.257812 1567439806.9871
CHLD 0 1519.992188 1567439807.0021
CHLD 1 1583.175781 1567439807.0021
CHLD 2 1690.117188 1567439807.0022
CHLD 3 1092.945312 1567439807.0023
CHLD 4 10.867188 1567439807.0023
CHLD 5 10.851562 1567439807.0024
CHLD 6 10.843750 1567439807.0025
CHLD 7 10.750000 1567439807.0025
MEM 1238.828125 1567439807.1054
CHLD 0 1519.992188 1567439807.1190
CHLD 1 1585.492188 1567439807.1191
CHLD 2 1593.667969 1567439807.1192
CHLD 3 1099.632812 1567439807.1192
CHLD 4 10.867188 1567439807.1193
CHLD 5 10.851562 1567439807.1193
CHLD 6 10.843750 1567439807.1194
CHLD 7 10.750000 1567439807.1194
MEM 1136.828125 1567439807.2201
CHLD 0 1519.992188 1567439807.2366
CHLD 1 1588.835938 1567439807.2368
CHLD 2 1732.886719 1567439807.2369
CHLD 3 1189.867188 1567439807.2370
CHLD 4 10.867188 1567439807.2371
CHLD 5 10.851562 1567439807.2372
CHLD 6 10.843750 1567439807.2372
CHLD 7 10.750000 1567439807.2373
MEM 1136.828125 1567439807.3378
CHLD 0 1519.992188 1567439807.3555
CHLD 1 1588.835938 1567439807.3556
CHLD 2 1842.199219 1567439807.3556
CHLD 3 1319.289062 1567439807.3557
CHLD 4 10.867188 1567439807.3557
CHLD 5 10.851562 1567439807.3558
CHLD 6 10.843750 1567439807.3558
CHLD 7 10.750000 1567439807.3559
MEM 1136.828125 1567439807.4563
CHLD 0 1519.992188 1567439807.4697
CHLD 1 1590.382812 1567439807.4698
CHLD 2 1531.457031 1567439807.4699
CHLD 3 1390.703125 1567439807.4699
CHLD 4 10.867188 1567439807.4700
CHLD 5 10.851562 1567439807.4700
CHLD 6 10.843750 1567439807.4701
CHLD 7 10.750000 1567439807.4702
MEM 1136.828125 1567439807.5719
CHLD 0 1519.992188 1567439807.5923
CHLD 1 1590.382812 1567439807.5923
CHLD 2 1531.699219 1567439807.5924
CHLD 3 1490.476562 1567439807.5925
CHLD 4 10.867188 1567439807.5925
CHLD 5 10.851562 1567439807.5926
CHLD 6 10.843750 1567439807.5926
CHLD 7 10.750000 1567439807.5927
MEM 833.296875 1567439807.6932
CHLD 0 1519.992188 1567439807.7524
CHLD 1 1590.382812 1567439807.7525
CHLD 2 1532.214844 1567439807.7526
CHLD 3 1533.531250 1567439807.7526
CHLD 4 10.867188 1567439807.7527
CHLD 5 10.851562 1567439807.7527
CHLD 6 10.843750 1567439807.7528
CHLD 7 10.750000 1567439807.7528
MEM 715.441406 1567439807.8546
CHLD 0 1519.992188 1567439807.9578
CHLD 1 1590.382812 1567439807.9579
CHLD 2 1532.820312 1567439807.9579
CHLD 3 1620.671875 1567439807.9580
CHLD 4 10.867188 1567439807.9580
CHLD 5 10.851562 1567439807.9581
CHLD 6 10.843750 1567439807.9581
CHLD 7 10.750000 1567439807.9582
MEM 715.441406 1567439808.0586
CHLD 0 1519.992188 1567439808.0799
CHLD 1 1590.382812 1567439808.0800
CHLD 2 1533.074219 1567439808.0801
CHLD 3 1718.640625 1567439808.0801
CHLD 4 10.867188 1567439808.0802
CHLD 5 10.851562 1567439808.0802
CHLD 6 10.843750 1567439808.0803
CHLD 7 10.750000 1567439808.0804
MEM 715.441406 1567439808.1808
CHLD 0 1519.992188 1567439808.2112
CHLD 1 1590.382812 1567439808.2113
CHLD 2 1533.574219 1567439808.2113
CHLD 3 1837.750000 1567439808.2114
CHLD 4 10.867188 1567439808.2114
CHLD 5 10.851562 1567439808.2115
CHLD 6 10.843750 1567439808.2116
CHLD 7 10.750000 1567439808.2116
MEM 715.441406 1567439808.3121
CHLD 0 1519.992188 1567439808.3292
CHLD 1 1590.382812 1567439808.3293
CHLD 2 1533.832031 1567439808.3293
CHLD 3 1546.800781 1567439808.3294
CHLD 4 10.867188 1567439808.3295
CHLD 5 10.851562 1567439808.3295
CHLD 6 10.843750 1567439808.3296
CHLD 7 10.750000 1567439808.3296
MEM 715.441406 1567439808.4301
CHLD 0 1519.992188 1567439808.4441
CHLD 1 1590.382812 1567439808.4442
CHLD 2 1534.320312 1567439808.4442
CHLD 3 1584.406250 1567439808.4443
CHLD 4 10.867188 1567439808.4444
CHLD 5 10.851562 1567439808.4444
CHLD 6 10.843750 1567439808.4445
CHLD 7 10.750000 1567439808.4445
MEM 715.441406 1567439808.5450
CHLD 0 1519.992188 1567439808.5595
CHLD 1 1590.382812 1567439808.5595
CHLD 2 1535.070312 1567439808.5596
CHLD 3 1723.882812 1567439808.5597
CHLD 4 10.867188 1567439808.5597
CHLD 5 10.851562 1567439808.5598
CHLD 6 10.843750 1567439808.5598
CHLD 7 10.750000 1567439808.5599
MEM 715.441406 1567439808.6603
CHLD 0 1519.992188 1567439808.6822
CHLD 1 1590.382812 1567439808.6823
CHLD 2 1535.335938 1567439808.6823
CHLD 3 1842.476562 1567439808.6824
CHLD 4 10.867188 1567439808.6825
CHLD 5 10.851562 1567439808.6825
CHLD 6 10.843750 1567439808.6826
CHLD 7 10.750000 1567439808.6826
MEM 715.441406 1567439808.7841
CHLD 0 1519.992188 1567439808.7993
CHLD 1 1590.382812 1567439808.7993
CHLD 2 1537.437500 1567439808.7994
CHLD 3 1512.132812 1567439808.7995
CHLD 4 10.867188 1567439808.7995
CHLD 5 10.851562 1567439808.7996
CHLD 6 10.843750 1567439808.7996
CHLD 7 10.750000 1567439808.7997
MEM 715.441406 1567439808.9002
CHLD 0 1519.992188 1567439808.9187
CHLD 1 1590.382812 1567439808.9188
CHLD 2 1543.101562 1567439808.9188
CHLD 3 1512.132812 1567439808.9189
CHLD 4 10.867188 1567439808.9189
CHLD 5 10.851562 1567439808.9190
CHLD 6 10.843750 1567439808.9190
CHLD 7 10.750000 1567439808.9191
MEM 715.441406 1567439809.0195
CHLD 0 1520.417969 1567439809.0328
CHLD 1 1590.382812 1567439809.0329
CHLD 2 1543.101562 1567439809.0330
CHLD 3 1512.378906 1567439809.0330
CHLD 4 10.867188 1567439809.0331
CHLD 5 10.851562 1567439809.0331
CHLD 6 10.843750 1567439809.0332
CHLD 7 10.750000 1567439809.0332
MEM 715.441406 1567439809.1339
CHLD 0 1520.417969 1567439809.1522
CHLD 1 1590.382812 1567439809.1523
CHLD 2 1543.101562 1567439809.1523
CHLD 3 1512.894531 1567439809.1524
CHLD 4 10.867188 1567439809.1524
CHLD 5 10.851562 1567439809.1525
CHLD 6 10.843750 1567439809.1526
CHLD 7 10.750000 1567439809.1526
MEM 715.441406 1567439809.2531
CHLD 0 1520.417969 1567439809.2747
CHLD 1 1590.382812 1567439809.2747
CHLD 2 1543.101562 1567439809.2748
CHLD 3 1513.406250 1567439809.2749
CHLD 4 10.867188 1567439809.2749
CHLD 5 10.851562 1567439809.2750
CHLD 6 10.843750 1567439809.2750
CHLD 7 10.750000 1567439809.2751
MEM 715.441406 1567439809.3755
CHLD 0 1520.417969 1567439809.3931
CHLD 1 1590.382812 1567439809.3932
CHLD 2 1543.359375 1567439809.3933
CHLD 3 1513.664062 1567439809.3933
CHLD 4 10.867188 1567439809.3934
CHLD 5 10.851562 1567439809.3934
CHLD 6 10.843750 1567439809.3935
CHLD 7 10.750000 1567439809.3936
MEM 715.441406 1567439809.4940
CHLD 0 1520.417969 1567439809.5153
CHLD 1 1590.382812 1567439809.5154
CHLD 2 1543.359375 1567439809.5154
CHLD 3 1514.171875 1567439809.5155
CHLD 4 10.867188 1567439809.5156
CHLD 5 10.851562 1567439809.5156
CHLD 6 10.843750 1567439809.5157
CHLD 7 10.750000 1567439809.5157
MEM 715.441406 1567439809.6161
CHLD 0 1520.417969 1567439809.6583
CHLD 1 1590.382812 1567439809.6584
CHLD 2 1545.164062 1567439809.6585
CHLD 3 1514.539062 1567439809.6585
CHLD 4 10.867188 1567439809.6586
CHLD 5 10.851562 1567439809.6586
CHLD 6 10.843750 1567439809.6587
CHLD 7 10.750000 1567439809.6588
MEM 715.441406 1567439809.7592
CHLD 0 1520.417969 1567439809.7849
CHLD 1 1590.382812 1567439809.7849
CHLD 2 1545.164062 1567439809.7850
CHLD 3 1514.789062 1567439809.7851
CHLD 4 10.867188 1567439809.7851
CHLD 5 10.851562 1567439809.7852
CHLD 6 10.843750 1567439809.7853
CHLD 7 10.750000 1567439809.7853
MEM 715.441406 1567439809.8858
CHLD 0 1520.417969 1567439809.9214
CHLD 1 1590.382812 1567439809.9214
CHLD 2 1545.164062 1567439809.9215
CHLD 3 1515.289062 1567439809.9215
CHLD 4 10.867188 1567439809.9216
CHLD 5 10.851562 1567439809.9217
CHLD 6 10.843750 1567439809.9217
CHLD 7 10.750000 1567439809.9218
MEM 715.441406 1567439810.0222
CHLD 0 1520.417969 1567439810.0363
CHLD 1 1590.382812 1567439810.0364
CHLD 2 1545.164062 1567439810.0365
CHLD 3 1515.539062 1567439810.0365
CHLD 4 10.867188 1567439810.0366
CHLD 5 10.851562 1567439810.0366
CHLD 6 10.843750 1567439810.0367
CHLD 7 10.750000 1567439810.0367
MEM 715.441406 1567439810.1372
CHLD 0 1520.417969 1567439810.1904
CHLD 1 1590.382812 1567439810.1905
CHLD 2 1545.164062 1567439810.1905
CHLD 3 1515.792969 1567439810.1906
CHLD 4 10.867188 1567439810.1907
CHLD 5 10.851562 1567439810.1907
CHLD 6 10.843750 1567439810.1908
CHLD 7 10.750000 1567439810.1908
MEM 715.441406 1567439810.2912
CHLD 0 1520.417969 1567439810.3096
CHLD 1 1590.382812 1567439810.3096
CHLD 2 1545.164062 1567439810.3097
CHLD 3 1515.792969 1567439810.3097
CHLD 4 10.867188 1567439810.3100
CHLD 5 10.851562 1567439810.3101
CHLD 6 10.843750 1567439810.3115
CHLD 7 10.750000 1567439810.3116
MEM 715.441406 1567439810.4121
CHLD 0 1520.417969 1567439810.4604
CHLD 1 1590.382812 1567439810.4605
CHLD 2 1545.164062 1567439810.4606
CHLD 3 1516.351562 1567439810.4606
CHLD 4 10.867188 1567439810.4607
CHLD 5 10.851562 1567439810.4607
CHLD 6 10.843750 1567439810.4608
CHLD 7 10.750000 1567439810.4608
MEM 715.441406 1567439810.5612
CHLD 0 1520.417969 1567439810.5775
CHLD 1 1590.382812 1567439810.5776
CHLD 2 1545.164062 1567439810.5777
CHLD 3 1518.578125 1567439810.5777
CHLD 4 10.867188 1567439810.5778
CHLD 5 10.851562 1567439810.5778
CHLD 6 10.843750 1567439810.5779
CHLD 7 10.750000 1567439810.5779
MEM 715.441406 1567439810.6784
CHLD 0 1520.417969 1567439810.7290
CHLD 1 1590.382812 1567439810.7291
CHLD 2 1545.164062 1567439810.7291
CHLD 3 1522.187500 1567439810.7292
CHLD 4 10.867188 1567439810.7292
CHLD 5 10.851562 1567439810.7293
CHLD 6 10.843750 1567439810.7294
CHLD 7 10.750000 1567439810.7294
MEM 715.441406 1567439810.8300
CHLD 0 1520.417969 1567439810.8541
CHLD 1 1590.382812 1567439810.8541
CHLD 2 1545.164062 1567439810.8542
CHLD 3 1522.187500 1567439810.8543
CHLD 4 10.867188 1567439810.8543
CHLD 5 10.851562 1567439810.8544
CHLD 6 10.843750 1567439810.8545
CHLD 7 10.750000 1567439810.8545
MEM 715.441406 1567439810.9551
CHLD 0 1520.417969 1567439810.9770
CHLD 1 1590.382812 1567439810.9771
CHLD 2 1545.164062 1567439810.9772
CHLD 3 1523.734375 1567439810.9772
CHLD 4 10.867188 1567439810.9773
CHLD 5 10.851562 1567439810.9774
CHLD 6 10.843750 1567439810.9774
CHLD 7 10.750000 1567439810.9775
MEM 715.441406 1567439811.0779
CHLD 0 1520.417969 1567439811.1062
CHLD 1 1590.382812 1567439811.1063
CHLD 2 1545.164062 1567439811.1063
CHLD 3 1523.734375 1567439811.1064
CHLD 4 10.867188 1567439811.1065
CHLD 5 10.851562 1567439811.1065
CHLD 6 10.843750 1567439811.1066
CHLD 7 10.750000 1567439811.1067
MEM 715.441406 1567439811.2079
CHLD 0 1520.417969 1567439811.2340
CHLD 1 1590.382812 1567439811.2384
CHLD 2 1545.164062 1567439811.2385
CHLD 3 1523.734375 1567439811.2386
CHLD 4 10.867188 1567439811.2387
CHLD 5 10.851562 1567439811.2387
CHLD 6 10.843750 1567439811.2388
CHLD 7 10.750000 1567439811.2389
MEM 715.441406 1567439811.3394
CHLD 0 1520.417969 1567439811.3760
CHLD 1 1590.382812 1567439811.3761
CHLD 2 1546.968750 1567439811.3761
CHLD 3 1526.312500 1567439811.3762
CHLD 4 10.867188 1567439811.3763
CHLD 5 10.851562 1567439811.3763
CHLD 6 10.843750 1567439811.3764
CHLD 7 10.750000 1567439811.3765
MEM 715.441406 1567439811.4770
CHLD 0 1520.417969 1567439811.5002
CHLD 1 1590.382812 1567439811.5003
CHLD 2 1546.968750 1567439811.5003
CHLD 3 1531.984375 1567439811.5034
CHLD 4 10.867188 1567439811.5035
CHLD 5 10.851562 1567439811.5036
CHLD 6 10.843750 1567439811.5037
CHLD 7 10.750000 1567439811.5038
MEM 715.441406 1567439811.6187
CHLD 0 1520.417969 1567439811.6575
CHLD 1 1590.382812 1567439811.6575
CHLD 2 1546.968750 1567439811.6576
CHLD 3 1532.757812 1567439811.6577
CHLD 4 10.867188 1567439811.6606
CHLD 5 10.851562 1567439811.6607
CHLD 6 10.843750 1567439811.6607
CHLD 7 10.750000 1567439811.6608
MEM 715.441406 1567439811.7613
CHLD 0 1520.417969 1567439811.7806
CHLD 1 1590.382812 1567439811.7806
CHLD 2 1546.968750 1567439811.7807
CHLD 3 1532.757812 1567439811.7808
CHLD 4 10.867188 1567439811.7808
CHLD 5 10.851562 1567439811.7809
CHLD 6 10.843750 1567439811.7809
CHLD 7 10.750000 1567439811.7810
MEM 715.441406 1567439811.8814
CHLD 0 1520.417969 1567439811.9080
CHLD 1 1590.382812 1567439811.9081
CHLD 2 1546.968750 1567439811.9081
CHLD 3 1533.531250 1567439811.9082
CHLD 4 10.867188 1567439811.9082
CHLD 5 10.851562 1567439811.9083
CHLD 6 10.843750 1567439811.9083
CHLD 7 10.750000 1567439811.9167
MEM 715.441406 1567439812.0172
CHLD 0 1520.417969 1567439812.0319
CHLD 1 1590.382812 1567439812.0320
CHLD 2 1546.968750 1567439812.0320
CHLD 3 1533.789062 1567439812.0320
CHLD 4 10.867188 1567439812.0321
CHLD 5 10.851562 1567439812.0321
CHLD 6 10.843750 1567439812.0321
CHLD 7 10.750000 1567439812.0322
MEM 715.441406 1567439812.1326
CHLD 0 1520.417969 1567439812.1451
CHLD 1 1590.382812 1567439812.1451
CHLD 2 1546.968750 1567439812.1452
CHLD 3 1533.789062 1567439812.1453
CHLD 4 10.867188 1567439812.1453
CHLD 5 10.851562 1567439812.1455
CHLD 6 10.843750 1567439812.1476
CHLD 7 10.750000 1567439812.1477
MEM 715.441406 1567439812.2481
CHLD 0 1520.417969 1567439812.2634
CHLD 1 1590.382812 1567439812.2635
CHLD 2 1546.968750 1567439812.2636
CHLD 3 1534.562500 1567439812.2636
CHLD 4 10.867188 1567439812.2637
CHLD 5 10.851562 1567439812.2637
CHLD 6 10.843750 1567439812.2638
CHLD 7 10.750000 1567439812.2638
MEM 715.441406 1567439812.3666
CHLD 0 1520.417969 1567439812.4986
CHLD 1 1590.382812 1567439812.4987
CHLD 2 1546.968750 1567439812.4988
CHLD 3 1535.335938 1567439812.4988
CHLD 4 10.867188 1567439812.4989
CHLD 5 10.851562 1567439812.4990
CHLD 6 10.843750 1567439812.4990
CHLD 7 10.750000 1567439812.4991
MEM 715.441406 1567439812.6024
CHLD 0 1520.417969 1567439812.6666
CHLD 1 1590.382812 1567439812.6666
CHLD 2 1546.968750 1567439812.6667
CHLD 3 1538.476562 1567439812.6668
CHLD 4 10.867188 1567439812.6668
CHLD 5 10.851562 1567439812.6669
CHLD 6 10.843750 1567439812.6670
CHLD 7 10.750000 1567439812.6670
MEM 715.441406 1567439812.7678
CHLD 0 1520.417969 1567439812.8001
CHLD 1 1590.382812 1567439812.8001
CHLD 2 1546.968750 1567439812.8002
CHLD 3 1538.476562 1567439812.8002
CHLD 4 10.867188 1567439812.8003
CHLD 5 10.851562 1567439812.8004
CHLD 6 10.843750 1567439812.8004
CHLD 7 10.750000 1567439812.8005
MEM 715.441406 1567439812.9009
CHLD 0 1520.417969 1567439812.9215
CHLD 1 1590.382812 1567439812.9216
CHLD 2 1546.968750 1567439812.9216
CHLD 3 1538.476562 1567439812.9217
CHLD 4 10.867188 1567439812.9218
CHLD 5 10.851562 1567439812.9218
CHLD 6 10.843750 1567439812.9219
CHLD 7 10.750000 1567439812.9219
MEM 715.441406 1567439813.0224
CHLD 0 1520.417969 1567439813.0526
CHLD 1 1590.382812 1567439813.0527
CHLD 2 1546.968750 1567439813.0528
CHLD 3 1539.250000 1567439813.0528
CHLD 4 10.867188 1567439813.0529
CHLD 5 10.851562 1567439813.0567
CHLD 6 10.843750 1567439813.0568
CHLD 7 10.750000 1567439813.0569
MEM 715.441406 1567439813.1573
CHLD 0 1520.417969 1567439813.1786
CHLD 1 1590.382812 1567439813.1787
CHLD 2 1546.968750 1567439813.1788
CHLD 3 1539.250000 1567439813.1788
CHLD 4 10.867188 1567439813.1789
CHLD 5 10.851562 1567439813.1790
CHLD 6 10.843750 1567439813.1790
CHLD 7 10.750000 1567439813.1791
MEM 715.441406 1567439813.2795
CHLD 0 1520.417969 1567439813.2938
CHLD 1 1590.382812 1567439813.2939
CHLD 2 1546.968750 1567439813.2940
CHLD 3 1539.250000 1567439813.2940
CHLD 4 10.867188 1567439813.2941
CHLD 5 10.851562 1567439813.2941
CHLD 6 10.843750 1567439813.2942
CHLD 7 10.750000 1567439813.3019
MEM 715.441406 1567439813.4024
CHLD 0 1520.417969 1567439813.4402
CHLD 1 1590.382812 1567439813.4403
CHLD 2 1546.968750 1567439813.4404
CHLD 3 1539.250000 1567439813.4404
CHLD 4 10.867188 1567439813.4405
CHLD 5 10.851562 1567439813.4405
CHLD 6 10.843750 1567439813.4406
CHLD 7 10.750000 1567439813.4406
MEM 715.441406 1567439813.5410
CHLD 0 1520.417969 1567439813.5796
CHLD 1 1590.382812 1567439813.5797
CHLD 2 1546.968750 1567439813.5798
CHLD 3 1539.250000 1567439813.5798
CHLD 4 10.867188 1567439813.5799
CHLD 5 10.851562 1567439813.5799
CHLD 6 10.843750 1567439813.5800
CHLD 7 10.750000 1567439813.5800
MEM 715.441406 1567439813.6807
CHLD 0 1520.417969 1567439813.7159
CHLD 1 1590.382812 1567439813.7160
CHLD 2 1546.968750 1567439813.7160
CHLD 3 1539.250000 1567439813.7160
CHLD 4 10.867188 1567439813.7161
CHLD 5 10.851562 1567439813.7161
CHLD 6 10.843750 1567439813.7161
CHLD 7 10.750000 1567439813.7162
MEM 715.441406 1567439813.8167
CHLD 0 1520.417969 1567439813.8348
CHLD 1 1590.382812 1567439813.8353
CHLD 2 1546.968750 1567439813.8354
CHLD 3 1539.250000 1567439813.8354
CHLD 4 10.867188 1567439813.8355
CHLD 5 10.851562 1567439813.8356
CHLD 6 10.843750 1567439813.8356
CHLD 7 10.750000 1567439813.8357
MEM 715.441406 1567439813.9362
CHLD 0 1520.417969 1567439813.9702
CHLD 1 1590.382812 1567439813.9702
CHLD 2 1546.968750 1567439813.9723
CHLD 3 1539.250000 1567439813.9724
CHLD 4 10.867188 1567439813.9724
CHLD 5 10.851562 1567439813.9725
CHLD 6 10.843750 1567439813.9725
CHLD 7 10.750000 1567439813.9726
MEM 715.441406 1567439814.0731
CHLD 0 1520.417969 1567439814.1222
CHLD 1 1590.382812 1567439814.1223
CHLD 2 1546.968750 1567439814.1224
CHLD 3 1539.250000 1567439814.1224
CHLD 4 10.867188 1567439814.1323
CHLD 5 10.851562 1567439814.1324
CHLD 6 10.843750 1567439814.1325
CHLD 7 10.750000 1567439814.1325
MEM 715.441406 1567439814.2330
CHLD 0 1520.417969 1567439814.2537
CHLD 1 1590.382812 1567439814.2538
CHLD 2 1546.968750 1567439814.2538
CHLD 3 1539.250000 1567439814.2539
CHLD 4 10.867188 1567439814.2539
CHLD 5 10.851562 1567439814.2540
CHLD 6 10.843750 1567439814.2540
CHLD 7 10.750000 1567439814.2541
MEM 715.441406 1567439814.3546
CHLD 0 1520.417969 1567439814.3731
CHLD 1 1590.382812 1567439814.3732
CHLD 2 1546.968750 1567439814.3733
CHLD 3 1539.250000 1567439814.3733
CHLD 4 10.867188 1567439814.3734
CHLD 5 10.851562 1567439814.3735
CHLD 6 10.843750 1567439814.3735
CHLD 7 10.750000 1567439814.3736
MEM 715.441406 1567439814.4740
CHLD 0 1520.417969 1567439814.4931
CHLD 1 1590.382812 1567439814.4932
CHLD 2 1546.968750 1567439814.4932
CHLD 3 1539.250000 1567439814.4933
CHLD 4 10.867188 1567439814.4934
CHLD 5 10.851562 1567439814.4934
CHLD 6 10.843750 1567439814.4935
CHLD 7 10.750000 1567439814.4936
MEM 715.441406 1567439814.5940
CHLD 0 1520.417969 1567439814.6254
CHLD 1 1590.382812 1567439814.6255
CHLD 2 1546.968750 1567439814.6256
CHLD 3 1539.250000 1567439814.6256
CHLD 4 10.867188 1567439814.6257
CHLD 5 10.851562 1567439814.6258
CHLD 6 10.843750 1567439814.6258
CHLD 7 10.750000 1567439814.6259
MEM 715.441406 1567439814.7264
CHLD 0 1520.417969 1567439814.7548
CHLD 1 1590.382812 1567439814.7549
CHLD 2 1546.968750 1567439814.7549
CHLD 3 1539.250000 1567439814.7550
CHLD 4 10.867188 1567439814.7551
CHLD 5 10.851562 1567439814.7551
CHLD 6 10.843750 1567439814.7552
CHLD 7 10.750000 1567439814.7552
MEM 715.441406 1567439814.8557
CHLD 0 1520.417969 1567439814.8934
CHLD 1 1590.382812 1567439814.8935
CHLD 2 1546.968750 1567439814.8935
CHLD 3 1539.250000 1567439814.8936
CHLD 4 10.867188 1567439814.8937
CHLD 5 10.851562 1567439814.8937
CHLD 6 10.843750 1567439814.8938
CHLD 7 10.750000 1567439814.8942
MEM 715.441406 1567439814.9946
CHLD 0 1520.417969 1567439815.0298
CHLD 1 1590.382812 1567439815.0299
CHLD 2 1546.968750 1567439815.0300
CHLD 3 1539.250000 1567439815.0300
CHLD 4 10.867188 1567439815.0301
CHLD 5 10.851562 1567439815.0301
CHLD 6 10.843750 1567439815.0302
CHLD 7 10.750000 1567439815.0302
MEM 715.441406 1567439815.1306
CHLD 0 1520.417969 1567439815.1731
CHLD 1 1590.382812 1567439815.1732
CHLD 2 1546.968750 1567439815.1732
CHLD 3 1539.250000 1567439815.1733
CHLD 4 10.867188 1567439815.1734
CHLD 5 10.851562 1567439815.1734
CHLD 6 10.843750 1567439815.1735
CHLD 7 10.750000 1567439815.1735
MEM 715.441406 1567439815.2741
CHLD 0 1520.417969 1567439815.3203
CHLD 1 1590.382812 1567439815.3204
CHLD 2 1546.968750 1567439815.3205
CHLD 3 1539.250000 1567439815.3205
CHLD 4 10.867188 1567439815.3206
CHLD 5 10.851562 1567439815.3206
CHLD 6 10.843750 1567439815.3207
CHLD 7 10.750000 1567439815.3208
MEM 715.441406 1567439815.4212
CHLD 0 1520.417969 1567439815.4636
CHLD 1 1590.382812 1567439815.4637
CHLD 2 1546.968750 1567439815.4638
CHLD 3 1539.250000 1567439815.4638
CHLD 4 10.867188 1567439815.4639
CHLD 5 10.851562 1567439815.4639
CHLD 6 10.843750 1567439815.4640
CHLD 7 10.750000 1567439815.4641
MEM 715.441406 1567439815.5646
CHLD 0 1520.417969 1567439815.5781
CHLD 1 1590.382812 1567439815.5781
CHLD 2 1546.968750 1567439815.5782
CHLD 3 1539.250000 1567439815.5879
CHLD 4 10.867188 1567439815.5977
CHLD 5 10.851562 1567439815.5978
CHLD 6 10.843750 1567439815.5978
CHLD 7 10.750000 1567439815.5979
MEM 715.441406 1567439815.6984
CHLD 0 1520.417969 1567439815.7426
CHLD 1 1590.382812 1567439815.7427
CHLD 2 1546.968750 1567439815.7427
CHLD 3 1539.250000 1567439815.7428
CHLD 4 10.867188 1567439815.7429
CHLD 5 10.851562 1567439815.7429
CHLD 6 10.843750 1567439815.7430
CHLD 7 10.750000 1567439815.7430
MEM 715.441406 1567439815.8436
CHLD 0 1520.417969 1567439815.8654
CHLD 1 1590.382812 1567439815.8655
CHLD 2 1546.968750 1567439815.8655
CHLD 3 1539.250000 1567439815.8656
CHLD 4 10.867188 1567439815.8657
CHLD 5 10.851562 1567439815.8657
CHLD 6 10.843750 1567439815.8667
CHLD 7 10.750000 1567439815.8668
MEM 715.441406 1567439815.9733
CHLD 0 1520.417969 1567439815.9891
CHLD 1 1590.382812 1567439815.9892
CHLD 2 1546.968750 1567439815.9893
CHLD 3 1539.250000 1567439815.9893
CHLD 4 10.867188 1567439815.9911
CHLD 5 10.851562 1567439815.9913
CHLD 6 10.843750 1567439815.9913
CHLD 7 10.750000 1567439815.9914
MEM 715.441406 1567439816.0919
CHLD 0 1520.417969 1567439816.1218
CHLD 1 1590.382812 1567439816.1219
CHLD 2 1546.968750 1567439816.1220
CHLD 3 1539.507812 1567439816.1220
CHLD 4 10.867188 1567439816.1221
CHLD 5 10.851562 1567439816.1222
CHLD 6 10.843750 1567439816.1223
CHLD 7 10.750000 1567439816.1223
MEM 715.441406 1567439816.2230
CHLD 0 1520.417969 1567439816.2799
CHLD 1 1590.382812 1567439816.2799
CHLD 2 1546.968750 1567439816.2800
CHLD 3 1540.019531 1567439816.2801
CHLD 4 10.867188 1567439816.2801
CHLD 5 10.851562 1567439816.2802
CHLD 6 10.843750 1567439816.2802
CHLD 7 10.750000 1567439816.2803
MEM 715.441406 1567439816.3809
CHLD 0 1520.417969 1567439816.4045
CHLD 1 1590.382812 1567439816.4046
CHLD 2 1546.968750 1567439816.4047
CHLD 3 1540.019531 1567439816.4048
CHLD 4 10.867188 1567439816.4049
CHLD 5 10.851562 1567439816.4049
CHLD 6 10.843750 1567439816.4050
CHLD 7 10.750000 1567439816.4051
MEM 715.441406 1567439816.5061
CHLD 0 1520.417969 1567439816.5335
CHLD 1 1590.382812 1567439816.5336
CHLD 2 1546.968750 1567439816.5337
CHLD 3 1540.019531 1567439816.5337
CHLD 4 10.867188 1567439816.5338
CHLD 5 10.851562 1567439816.5338
CHLD 6 10.843750 1567439816.5339
CHLD 7 10.750000 1567439816.5340
MEM 715.441406 1567439816.6345
CHLD 0 1520.417969 1567439816.6588
CHLD 1 1590.382812 1567439816.6588
CHLD 2 1546.968750 1567439816.6589
CHLD 3 1540.019531 1567439816.6590
CHLD 4 10.867188 1567439816.6590
CHLD 5 10.851562 1567439816.6591
CHLD 6 10.843750 1567439816.6592
CHLD 7 10.750000 1567439816.6592
MEM 715.441406 1567439816.7597
CHLD 0 1520.417969 1567439816.7730
CHLD 1 1590.382812 1567439816.7730
CHLD 2 1546.968750 1567439816.7731
CHLD 3 1540.019531 1567439816.7731
CHLD 4 10.867188 1567439816.7731
CHLD 5 10.851562 1567439816.7732
CHLD 6 10.843750 1567439816.7732
CHLD 7 10.750000 1567439816.7732
MEM 715.441406 1567439816.8738
CHLD 0 1520.417969 1567439816.8980
CHLD 1 1590.382812 1567439816.8981
CHLD 2 1546.968750 1567439816.8981
CHLD 3 1540.019531 1567439816.8982
CHLD 4 10.867188 1567439816.8982
CHLD 5 10.851562 1567439816.8990
CHLD 6 10.843750 1567439816.8991
CHLD 7 10.750000 1567439816.8991
MEM 715.441406 1567439816.9995
CHLD 0 1520.417969 1567439817.0142
CHLD 1 1590.382812 1567439817.0341
CHLD 2 1546.968750 1567439817.0342
CHLD 3 1540.019531 1567439817.0343
CHLD 4 10.867188 1567439817.0344
CHLD 5 10.851562 1567439817.0344
CHLD 6 10.843750 1567439817.0345
CHLD 7 10.750000 1567439817.0345
MEM 715.441406 1567439817.1358
CHLD 0 1520.417969 1567439817.1590
CHLD 1 1590.382812 1567439817.1591
CHLD 2 1546.968750 1567439817.1592
CHLD 3 1540.019531 1567439817.1592
CHLD 4 10.867188 1567439817.1593
CHLD 5 10.851562 1567439817.1594
CHLD 6 10.843750 1567439817.1594
CHLD 7 10.750000 1567439817.1595
MEM 715.441406 1567439817.2599
CHLD 0 1520.417969 1567439817.2850
CHLD 1 1590.382812 1567439817.2851
CHLD 2 1546.968750 1567439817.2851
CHLD 3 1540.019531 1567439817.2852
CHLD 4 10.867188 1567439817.2852
CHLD 5 10.851562 1567439817.2853
CHLD 6 10.843750 1567439817.2853
CHLD 7 10.750000 1567439817.2854
MEM 715.441406 1567439817.3859
CHLD 0 1520.417969 1567439817.4027
CHLD 1 1590.382812 1567439817.4069
CHLD 2 1546.968750 1567439817.4070
CHLD 3 1540.019531 1567439817.4070
CHLD 4 10.867188 1567439817.4071
CHLD 5 10.851562 1567439817.4072
CHLD 6 10.843750 1567439817.4072
CHLD 7 10.750000 1567439817.4072
MEM 715.441406 1567439817.5077
CHLD 0 1520.417969 1567439817.5209
CHLD 1 1590.382812 1567439817.5209
CHLD 2 1546.968750 1567439817.5210
CHLD 3 1540.019531 1567439817.5210
CHLD 4 10.867188 1567439817.5211
CHLD 5 10.851562 1567439817.5212
CHLD 6 10.843750 1567439817.5212
CHLD 7 10.750000 1567439817.5213
MEM 715.441406 1567439817.6307
CHLD 0 1520.417969 1567439817.6782
CHLD 1 1590.382812 1567439817.6782
CHLD 2 1546.968750 1567439817.6784
CHLD 3 1540.019531 1567439817.6784
CHLD 4 10.867188 1567439817.6785
CHLD 5 10.851562 1567439817.6785
CHLD 6 10.843750 1567439817.6786
CHLD 7 10.750000 1567439817.6787
MEM 715.441406 1567439817.7791
CHLD 0 1520.417969 1567439817.8116
CHLD 1 1590.382812 1567439817.8117
CHLD 2 1546.968750 1567439817.8117
CHLD 3 1540.019531 1567439817.8118
CHLD 4 10.867188 1567439817.8119
CHLD 5 10.851562 1567439817.8120
CHLD 6 10.843750 1567439817.8121
CHLD 7 10.750000 1567439817.8121
MEM 715.441406 1567439817.9125
CHLD 0 1520.417969 1567439817.9256
CHLD 1 1590.382812 1567439817.9256
CHLD 2 1546.968750 1567439817.9257
CHLD 3 1540.792969 1567439817.9258
CHLD 4 10.867188 1567439817.9258
CHLD 5 10.851562 1567439817.9259
CHLD 6 10.843750 1567439817.9260
CHLD 7 10.750000 1567439817.9260
MEM 715.441406 1567439818.0265
CHLD 0 1520.417969 1567439818.0413
CHLD 1 1590.382812 1567439818.0414
CHLD 2 1546.968750 1567439818.0414
CHLD 3 1540.792969 1567439818.0415
CHLD 4 10.867188 1567439818.0416
CHLD 5 10.851562 1567439818.0416
CHLD 6 10.843750 1567439818.0417
CHLD 7 10.750000 1567439818.0417
MEM 715.441406 1567439818.1422
CHLD 0 1520.417969 1567439818.1598
CHLD 1 1590.382812 1567439818.1598
CHLD 2 1546.968750 1567439818.1599
CHLD 3 1540.792969 1567439818.1600
CHLD 4 10.867188 1567439818.1600
CHLD 5 10.851562 1567439818.1601
CHLD 6 10.843750 1567439818.1602
CHLD 7 10.750000 1567439818.1602
MEM 715.441406 1567439818.2606
CHLD 0 1520.417969 1567439818.2770
CHLD 1 1590.382812 1567439818.2771
CHLD 2 1546.968750 1567439818.2771
CHLD 3 1540.792969 1567439818.2772
CHLD 4 10.867188 1567439818.2773
CHLD 5 10.851562 1567439818.2773
CHLD 6 10.843750 1567439818.2774
CHLD 7 10.750000 1567439818.2774
MEM 715.441406 1567439818.3779
CHLD 0 1520.417969 1567439818.3899
CHLD 1 1590.382812 1567439818.3900
CHLD 2 1546.968750 1567439818.3900
CHLD 3 1540.792969 1567439818.3901
CHLD 4 10.867188 1567439818.3901
CHLD 5 10.851562 1567439818.3902
CHLD 6 10.843750 1567439818.3904
CHLD 7 10.750000 1567439818.3904
MEM 715.441406 1567439818.4909
CHLD 0 1520.417969 1567439818.5044
CHLD 1 1590.382812 1567439818.5045
CHLD 2 1546.968750 1567439818.5046
CHLD 3 1540.792969 1567439818.5046
CHLD 4 10.867188 1567439818.5047
CHLD 5 10.851562 1567439818.5047
CHLD 6 10.843750 1567439818.5048
CHLD 7 10.750000 1567439818.5049
MEM 715.441406 1567439818.6065
CHLD 0 1520.417969 1567439818.6243
CHLD 1 1590.382812 1567439818.6244
CHLD 2 1546.968750 1567439818.6245
CHLD 3 1540.792969 1567439818.6245
CHLD 4 10.867188 1567439818.6246
CHLD 5 10.851562 1567439818.6247
CHLD 6 10.843750 1567439818.6247
CHLD 7 10.750000 1567439818.6248
MEM 715.441406 1567439818.7252
CHLD 0 1520.417969 1567439818.7426
CHLD 1 1590.382812 1567439818.7427
CHLD 2 1546.968750 1567439818.7427
CHLD 3 1540.792969 1567439818.7428
CHLD 4 10.867188 1567439818.7429
CHLD 5 10.851562 1567439818.7429
CHLD 6 10.843750 1567439818.7430
CHLD 7 10.750000 1567439818.7430
MEM 715.441406 1567439818.8443
CHLD 0 1520.417969 1567439818.8589
CHLD 1 1590.382812 1567439818.8590
CHLD 2 1546.968750 1567439818.8591
CHLD 3 1540.792969 1567439818.8591
CHLD 4 10.867188 1567439818.8592
CHLD 5 10.851562 1567439818.8593
CHLD 6 10.843750 1567439818.8593
CHLD 7 10.750000 1567439818.8594
MEM 715.441406 1567439818.9598
CHLD 0 1520.417969 1567439818.9760
CHLD 1 1590.382812 1567439818.9761
CHLD 2 1546.968750 1567439818.9761
CHLD 3 1540.792969 1567439818.9762
CHLD 4 10.867188 1567439818.9763
CHLD 5 10.851562 1567439818.9763
CHLD 6 10.843750 1567439818.9764
CHLD 7 10.750000 1567439818.9764
MEM 715.441406 1567439819.0769
CHLD 0 1520.417969 1567439819.0923
CHLD 1 1590.382812 1567439819.0923
CHLD 2 1546.968750 1567439819.0924
CHLD 3 1540.792969 1567439819.0924
CHLD 4 10.867188 1567439819.0924
CHLD 5 10.851562 1567439819.0925
CHLD 6 10.843750 1567439819.0925
CHLD 7 10.750000 1567439819.0925
MEM 715.441406 1567439819.1929
CHLD 0 1520.417969 1567439819.2046
CHLD 1 1590.382812 1567439819.2047
CHLD 2 1546.968750 1567439819.2048
CHLD 3 1540.792969 1567439819.2048
CHLD 4 10.867188 1567439819.2049
CHLD 5 10.851562 1567439819.2049
CHLD 6 10.843750 1567439819.2050
CHLD 7 10.750000 1567439819.2051
MEM 715.441406 1567439819.3055
CHLD 0 1520.417969 1567439819.3263
CHLD 1 1590.382812 1567439819.3264
CHLD 2 1546.968750 1567439819.3264
CHLD 3 1540.792969 1567439819.3265
CHLD 4 10.867188 1567439819.3266
CHLD 5 10.851562 1567439819.3266
CHLD 6 10.843750 1567439819.3267
CHLD 7 10.750000 1567439819.3267
MEM 715.441406 1567439819.4288
CHLD 0 1520.417969 1567439819.4530
CHLD 1 1590.382812 1567439819.4531
CHLD 2 1546.968750 1567439819.4532
CHLD 3 1540.792969 1567439819.4533
CHLD 4 10.867188 1567439819.4534
CHLD 5 10.851562 1567439819.4534
CHLD 6 10.843750 1567439819.4535
CHLD 7 10.750000 1567439819.4536
MEM 715.441406 1567439819.5541
CHLD 0 1520.417969 1567439819.5754
CHLD 1 1590.382812 1567439819.5754
CHLD 2 1546.968750 1567439819.5755
CHLD 3 1540.792969 1567439819.5756
CHLD 4 10.867188 1567439819.5756
CHLD 5 10.851562 1567439819.5757
CHLD 6 10.843750 1567439819.5757
CHLD 7 10.750000 1567439819.5758
MEM 715.441406 1567439819.6771
CHLD 0 1520.417969 1567439819.7106
CHLD 1 1590.382812 1567439819.7107
CHLD 2 1546.968750 1567439819.7107
CHLD 3 1540.792969 1567439819.7108
CHLD 4 10.867188 1567439819.7109
CHLD 5 10.851562 1567439819.7109
CHLD 6 10.843750 1567439819.7110
CHLD 7 10.750000 1567439819.7110
MEM 715.441406 1567439819.8117
CHLD 0 1520.417969 1567439819.8253
CHLD 1 1590.382812 1567439819.8254
CHLD 2 1546.968750 1567439819.8254
CHLD 3 1540.792969 1567439819.8255
CHLD 4 10.867188 1567439819.8256
CHLD 5 10.851562 1567439819.8256
CHLD 6 10.843750 1567439819.8257
CHLD 7 10.750000 1567439819.8257
MEM 715.441406 1567439819.9263
CHLD 0 1520.417969 1567439819.9410
CHLD 1 1590.382812 1567439819.9410
CHLD 2 1546.968750 1567439819.9411
CHLD 3 1541.308594 1567439819.9411
CHLD 4 10.867188 1567439819.9411
CHLD 5 10.851562 1567439819.9412
CHLD 6 10.843750 1567439819.9412
CHLD 7 10.750000 1567439819.9413
MEM 715.441406 1567439820.0417
CHLD 0 1520.417969 1567439820.0568
CHLD 1 1590.382812 1567439820.0569
CHLD 2 1546.968750 1567439820.0570
CHLD 3 1541.308594 1567439820.0570
CHLD 4 10.867188 1567439820.0571
CHLD 5 10.851562 1567439820.0571
CHLD 6 10.843750 1567439820.0572
CHLD 7 10.750000 1567439820.0572
MEM 715.441406 1567439820.1576
CHLD 0 1520.417969 1567439820.1711
CHLD 1 1590.382812 1567439820.1711
CHLD 2 1546.968750 1567439820.1712
CHLD 3 1541.308594 1567439820.1713
CHLD 4 10.867188 1567439820.1713
CHLD 5 10.851562 1567439820.1714
CHLD 6 10.843750 1567439820.1714
CHLD 7 10.750000 1567439820.1715
MEM 715.441406 1567439820.2719
CHLD 0 1520.417969 1567439820.2844
CHLD 1 1590.382812 1567439820.2845
CHLD 2 1546.968750 1567439820.2846
CHLD 3 1541.308594 1567439820.2847
CHLD 4 10.867188 1567439820.2847
CHLD 5 10.851562 1567439820.2848
CHLD 6 10.843750 1567439820.2848
CHLD 7 10.750000 1567439820.2848
MEM 715.441406 1567439820.3853
CHLD 0 1520.417969 1567439820.3987
CHLD 1 1590.382812 1567439820.3987
CHLD 2 1546.968750 1567439820.3988
CHLD 3 1541.308594 1567439820.3988
CHLD 4 10.867188 1567439820.3989
CHLD 5 10.851562 1567439820.3989
CHLD 6 10.843750 1567439820.3990
CHLD 7 10.750000 1567439820.3990
MEM 715.441406 1567439820.4995
CHLD 0 1520.417969 1567439820.5108
CHLD 1 1590.382812 1567439820.5108
CHLD 2 1546.968750 1567439820.5109
CHLD 3 1541.308594 1567439820.5109
CHLD 4 10.867188 1567439820.5110
CHLD 5 10.851562 1567439820.5110
CHLD 6 10.843750 1567439820.5111
CHLD 7 10.750000 1567439820.5111
MEM 715.441406 1567439820.6116
CHLD 0 1520.417969 1567439820.6284
CHLD 1 1590.382812 1567439820.6285
CHLD 2 1546.968750 1567439820.6285
CHLD 3 1541.308594 1567439820.6286
CHLD 4 10.867188 1567439820.6286
CHLD 5 10.851562 1567439820.6286
CHLD 6 10.843750 1567439820.6287
CHLD 7 10.750000 1567439820.6287
MEM 715.441406 1567439820.7291
CHLD 0 1520.417969 1567439820.7418
CHLD 1 1590.382812 1567439820.7418
CHLD 2 1546.968750 1567439820.7419
CHLD 3 1541.308594 1567439820.7420
CHLD 4 10.867188 1567439820.7420
CHLD 5 10.851562 1567439820.7421
CHLD 6 10.843750 1567439820.7421
CHLD 7 10.750000 1567439820.7422
MEM 715.441406 1567439820.8426
CHLD 0 1520.417969 1567439820.8545
CHLD 1 1590.382812 1567439820.8545
CHLD 2 1546.968750 1567439820.8546
CHLD 3 1541.308594 1567439820.8547
CHLD 4 10.867188 1567439820.8547
CHLD 5 10.851562 1567439820.8548
CHLD 6 10.843750 1567439820.8548
CHLD 7 10.750000 1567439820.8549
MEM 715.730469 1567439820.9570
CHLD 0 0.000000 1567439820.9827
CHLD 1 0.000000 1567439820.9828
CHLD 2 0.000000 1567439820.9828
CHLD 3 0.000000 1567439820.9829
CHLD 4 10.867188 1567439820.9829
CHLD 5 10.851562 1567439820.9830
CHLD 6 10.843750 1567439820.9830
CHLD 7 10.750000 1567439820.9831
MEM 721.746094 1567439821.0836
MEM 732.722656 1567439821.1935
MEM 733.320312 1567439821.3015
MEM 733.476562 1567439821.4097
MEM 733.476562 1567439821.5198
MEM 733.476562 1567439821.6290
