CMDLINE /home/dn16382/anaconda3/bin/python mnist_example.py
MEM 1.988281 1567443570.6275
MEM 17.511719 1567443570.7363
MEM 35.015625 1567443570.8530
MEM 42.535156 1567443570.9614
MEM 58.683594 1567443571.0757
MEM 67.632812 1567443571.1895
MEM 76.199219 1567443571.2979
MEM 84.574219 1567443571.4065
MEM 133.250000 1567443571.5148
MEM 164.816406 1567443571.6230
MEM 165.070312 1567443571.7361
MEM 175.480469 1567443571.8443
MEM 181.781250 1567443571.9527
MEM 188.851562 1567443572.0610
MEM 197.589844 1567443572.1693
MEM 206.636719 1567443572.2784
MEM 215.265625 1567443572.3867
MEM 221.355469 1567443572.4954
MEM 232.042969 1567443572.6037
MEM 240.066406 1567443572.7121
MEM 255.761719 1567443572.8207
MEM 260.500000 1567443572.9294
MEM 267.234375 1567443573.0391
MEM 276.460938 1567443573.1554
MEM 291.929688 1567443573.2655
MEM 306.367188 1567443573.3817
MEM 352.214844 1567443573.4924
MEM 324.785156 1567443573.6012
MEM 411.667969 1567443573.7153
MEM 574.605469 1567443573.8239
MEM 680.894531 1567443573.9325
MEM 636.031250 1567443574.0424
MEM 711.718750 1567443574.1512
MEM 806.617188 1567443574.2607
CHLD 0 601.054688 1567443574.2695
CHLD 1 601.062500 1567443574.2696
CHLD 2 601.066406 1567443574.2696
CHLD 3 601.066406 1567443574.2697
MEM 1006.937500 1567443574.3701
CHLD 0 601.054688 1567443574.3817
CHLD 1 601.062500 1567443574.3817
CHLD 2 601.066406 1567443574.3818
CHLD 3 601.066406 1567443574.3818
MEM 1202.070312 1567443574.4822
CHLD 0 601.054688 1567443574.4910
CHLD 1 601.062500 1567443574.4910
CHLD 2 601.066406 1567443574.4911
CHLD 3 601.066406 1567443574.4911
MEM 1399.296875 1567443574.5915
CHLD 0 601.054688 1567443574.5999
CHLD 1 601.062500 1567443574.6000
CHLD 2 601.066406 1567443574.6000
CHLD 3 601.066406 1567443574.6000
MEM 1136.312500 1567443574.7006
CHLD 0 613.386719 1567443574.7157
CHLD 1 601.062500 1567443574.7158
CHLD 2 601.066406 1567443574.7158
CHLD 3 601.066406 1567443574.7159
MEM 1136.542969 1567443574.8164
CHLD 0 748.996094 1567443574.8307
CHLD 1 601.062500 1567443574.8307
CHLD 2 601.066406 1567443574.8307
CHLD 3 601.066406 1567443574.8308
MEM 1136.542969 1567443574.9313
CHLD 0 896.722656 1567443574.9457
CHLD 1 601.062500 1567443574.9457
CHLD 2 601.066406 1567443574.9458
CHLD 3 601.066406 1567443574.9459
MEM 1136.542969 1567443575.0464
CHLD 0 1031.558594 1567443575.0572
CHLD 1 601.062500 1567443575.0573
CHLD 2 601.066406 1567443575.0573
CHLD 3 601.066406 1567443575.0574
MEM 715.164062 1567443575.1578
CHLD 0 1224.660156 1567443575.1664
CHLD 1 601.062500 1567443575.1664
CHLD 2 601.066406 1567443575.1665
CHLD 3 601.066406 1567443575.1665
MEM 715.164062 1567443575.2669
CHLD 0 1426.785156 1567443575.2752
CHLD 1 601.062500 1567443575.2753
CHLD 2 601.066406 1567443575.2753
CHLD 3 601.066406 1567443575.2754
MEM 715.242188 1567443575.3758
MEM 715.320312 1567443575.4883
MEM 715.070312 1567443575.6049
MEM 294.621094 1567443575.7217
