CMDLINE /home/dn16382/anaconda3/bin/python mnist_example.py
MEM 2.039062 1567443673.0381
MEM 17.835938 1567443673.1473
MEM 34.644531 1567443673.2621
MEM 42.632812 1567443673.3707
MEM 62.777344 1567443673.4848
MEM 72.089844 1567443673.5984
MEM 79.425781 1567443673.7123
MEM 122.464844 1567443673.8261
MEM 160.558594 1567443673.9383
MEM 162.972656 1567443674.0467
MEM 167.152344 1567443674.1553
MEM 176.593750 1567443674.2638
MEM 182.054688 1567443674.3724
MEM 188.871094 1567443674.4810
MEM 202.316406 1567443674.5895
MEM 207.875000 1567443674.6980
MEM 213.925781 1567443674.8077
MEM 223.414062 1567443674.9163
MEM 233.125000 1567443675.0249
MEM 246.691406 1567443675.1333
MEM 254.613281 1567443675.2437
MEM 263.542969 1567443675.3572
MEM 269.226562 1567443675.4657
MEM 285.984375 1567443675.5791
MEM 302.484375 1567443675.6925
MEM 334.304688 1567443675.8064
MEM 365.121094 1567443675.9213
MEM 426.996094 1567443676.0299
MEM 588.902344 1567443676.1386
MEM 679.203125 1567443676.2474
MEM 634.339844 1567443676.3575
MEM 710.035156 1567443676.4660
MEM 824.847656 1567443676.5749
CHLD 0 601.003906 1567443676.5836
CHLD 1 601.011719 1567443676.5837
CHLD 2 601.011719 1567443676.5837
CHLD 3 601.011719 1567443676.5837
MEM 1027.230469 1567443676.6841
CHLD 0 601.003906 1567443676.6929
CHLD 1 601.011719 1567443676.6929
CHLD 2 601.011719 1567443676.6929
CHLD 3 601.011719 1567443676.6930
MEM 1227.003906 1567443676.7934
CHLD 0 601.003906 1567443676.8028
CHLD 1 601.011719 1567443676.8029
CHLD 2 601.011719 1567443676.8030
CHLD 3 601.011719 1567443676.8030
MEM 1427.324219 1567443676.9035
CHLD 0 601.003906 1567443676.9135
CHLD 1 601.011719 1567443676.9136
CHLD 2 601.011719 1567443676.9136
CHLD 3 601.011719 1567443676.9137
MEM 1134.898438 1567443677.0141
CHLD 0 638.898438 1567443677.0302
CHLD 1 601.011719 1567443677.0303
CHLD 2 601.011719 1567443677.0304
CHLD 3 601.011719 1567443677.0304
MEM 1134.914062 1567443677.1308
CHLD 0 774.250000 1567443677.1409
CHLD 1 601.011719 1567443677.1410
CHLD 2 601.011719 1567443677.1410
CHLD 3 601.011719 1567443677.1410
MEM 1134.914062 1567443677.2416
CHLD 0 919.656250 1567443677.2509
CHLD 1 601.011719 1567443677.2509
CHLD 2 601.011719 1567443677.2510
CHLD 3 601.011719 1567443677.2510
MEM 756.085938 1567443677.3514
CHLD 0 1075.375000 1567443677.3602
CHLD 1 601.011719 1567443677.3602
CHLD 2 601.011719 1567443677.3603
CHLD 3 601.011719 1567443677.3603
MEM 713.535156 1567443677.4608
CHLD 0 1276.468750 1567443677.4696
CHLD 1 601.011719 1567443677.4696
CHLD 2 601.011719 1567443677.4697
CHLD 3 601.011719 1567443677.4697
MEM 713.535156 1567443677.5701
CHLD 0 1027.164062 1567443677.5787
CHLD 1 601.011719 1567443677.5787
CHLD 2 601.011719 1567443677.5788
CHLD 3 601.011719 1567443677.5788
MEM 713.617188 1567443677.6792
MEM 713.746094 1567443677.7880
MEM 713.496094 1567443677.9031
