CMDLINE /home/dn16382/anaconda3/bin/python mnist_example.py
MEM 1.972656 1567446104.5844
MEM 18.046875 1567446104.6946
MEM 35.367188 1567446104.8093
MEM 43.535156 1567446104.9176
MEM 64.687500 1567446105.0262
MEM 73.417969 1567446105.1379
MEM 81.359375 1567446105.2521
MEM 123.035156 1567446105.3661
MEM 161.273438 1567446105.4782
MEM 162.398438 1567446105.5865
MEM 169.347656 1567446105.6948
MEM 177.707031 1567446105.8031
MEM 182.007812 1567446105.9115
MEM 189.078125 1567446106.0197
MEM 201.484375 1567446106.1285
MEM 207.539062 1567446106.2377
MEM 213.195312 1567446106.3466
MEM 225.179688 1567446106.4550
MEM 232.363281 1567446106.5633
MEM 247.062500 1567446106.6716
MEM 253.761719 1567446106.7802
MEM 261.558594 1567446106.8885
MEM 268.652344 1567446106.9968
MEM 285.410156 1567446107.1052
MEM 301.910156 1567446107.2135
MEM 351.281250 1567446107.3219
MEM 363.003906 1567446107.4366
MEM 410.957031 1567446107.5452
MEM 575.183594 1567446107.6554
MEM 677.082031 1567446107.7640
MEM 632.218750 1567446107.8743
MEM 707.914062 1567446107.9861
MEM 708.343750 1567446108.0995
CHLD 0 601.132812 1567446108.1296
CHLD 1 601.140625 1567446108.1297
CHLD 2 601.125000 1567446108.1298
CHLD 3 601.125000 1567446108.1299
CHLD 4 605.484375 1567446108.1299
CHLD 5 605.648438 1567446108.1300
CHLD 6 605.109375 1567446108.1301
CHLD 7 601.898438 1567446108.1301
CHLD 8 604.386719 1567446108.1302
CHLD 9 0.007812 1567446108.1303
CHLD 10 0.007812 1567446108.1303
MEM 708.347656 1567446108.2308
CHLD 0 601.132812 1567446108.2452
CHLD 1 601.140625 1567446108.2452
CHLD 2 601.125000 1567446108.2453
CHLD 3 601.125000 1567446108.2453
CHLD 4 608.625000 1567446108.2454
CHLD 5 609.324219 1567446108.2454
CHLD 6 606.503906 1567446108.2455
CHLD 7 605.117188 1567446108.2455
CHLD 8 605.398438 1567446108.2456
CHLD 9 605.214844 1567446108.2456
CHLD 10 605.121094 1567446108.2457
CHLD 11 604.664062 1567446108.2457
CHLD 12 0.007812 1567446108.2458
CHLD 13 6.832031 1567446108.2458
CHLD 14 8.468750 1567446108.2459
CHLD 15 8.175781 1567446108.2459
MEM 708.347656 1567446108.3464
CHLD 0 601.132812 1567446108.3867
CHLD 1 601.140625 1567446108.3868
CHLD 2 601.125000 1567446108.3868
CHLD 3 601.125000 1567446108.3869
CHLD 4 611.359375 1567446108.3870
CHLD 5 614.078125 1567446108.3870
CHLD 6 612.066406 1567446108.3871
CHLD 7 606.523438 1567446108.3871
CHLD 8 608.917969 1567446108.3872
CHLD 9 606.539062 1567446108.3873
CHLD 10 605.660156 1567446108.3873
CHLD 11 605.507812 1567446108.3874
CHLD 12 0.007812 1567446108.3874
CHLD 13 6.949219 1567446108.3875
CHLD 14 7.308594 1567446108.3876
CHLD 15 8.554688 1567446108.3876
CHLD 16 7.367188 1567446108.3877
CHLD 17 9.089844 1567446108.3878
CHLD 18 10.832031 1567446108.3878
CHLD 19 9.394531 1567446108.3879
MEM 708.347656 1567446108.4883
CHLD 0 601.132812 1567446108.5125
CHLD 1 601.140625 1567446108.5126
CHLD 2 601.125000 1567446108.5126
CHLD 3 601.125000 1567446108.5127
CHLD 4 614.199219 1567446108.5127
CHLD 5 617.089844 1567446108.5128
CHLD 6 614.285156 1567446108.5129
CHLD 7 609.671875 1567446108.5129
CHLD 8 612.429688 1567446108.5130
CHLD 9 610.183594 1567446108.5130
CHLD 10 609.289062 1567446108.5131
CHLD 11 607.761719 1567446108.5132
CHLD 12 7.968750 1567446108.5132
CHLD 13 9.136719 1567446108.5133
CHLD 14 9.046875 1567446108.5133
CHLD 15 10.218750 1567446108.5134
CHLD 16 8.832031 1567446108.5135
CHLD 17 10.925781 1567446108.5135
CHLD 18 10.832031 1567446108.5136
CHLD 19 10.835938 1567446108.5136
MEM 708.347656 1567446108.6140
CHLD 0 601.132812 1567446108.6544
CHLD 1 601.140625 1567446108.6545
CHLD 2 601.125000 1567446108.6546
CHLD 3 601.125000 1567446108.6546
CHLD 4 617.945312 1567446108.6547
CHLD 5 618.218750 1567446108.6547
CHLD 6 617.968750 1567446108.6548
CHLD 7 612.707031 1567446108.6549
CHLD 8 617.968750 1567446108.6549
CHLD 9 612.707031 1567446108.6550
CHLD 10 614.304688 1567446108.6550
CHLD 11 614.082031 1567446108.6551
CHLD 12 10.972656 1567446108.6552
CHLD 13 10.972656 1567446108.6552
CHLD 14 10.949219 1567446108.6553
CHLD 15 10.984375 1567446108.6553
CHLD 16 10.941406 1567446108.6554
CHLD 17 10.925781 1567446108.6554
CHLD 18 10.832031 1567446108.6555
CHLD 19 10.835938 1567446108.6556
MEM 708.347656 1567446108.7560
CHLD 0 601.132812 1567446108.7798
CHLD 1 601.140625 1567446108.7799
CHLD 2 601.125000 1567446108.7800
CHLD 3 601.125000 1567446108.7800
CHLD 4 618.308594 1567446108.7801
CHLD 5 618.468750 1567446108.7801
CHLD 6 618.593750 1567446108.7802
CHLD 7 617.968750 1567446108.7802
CHLD 8 618.390625 1567446108.7803
CHLD 9 617.968750 1567446108.7804
CHLD 10 618.046875 1567446108.7804
CHLD 11 617.968750 1567446108.7805
CHLD 12 10.972656 1567446108.7805
CHLD 13 10.972656 1567446108.7806
CHLD 14 10.949219 1567446108.7806
CHLD 15 10.984375 1567446108.7807
CHLD 16 10.941406 1567446108.7807
CHLD 17 10.925781 1567446108.7808
CHLD 18 10.832031 1567446108.7809
CHLD 19 10.835938 1567446108.7809
MEM 708.347656 1567446108.8813
CHLD 0 601.132812 1567446108.9051
CHLD 1 601.140625 1567446108.9052
CHLD 2 601.125000 1567446108.9052
CHLD 3 601.125000 1567446108.9053
CHLD 4 618.593750 1567446108.9053
CHLD 5 618.828125 1567446108.9054
CHLD 6 621.292969 1567446108.9054
CHLD 7 618.308594 1567446108.9055
CHLD 8 618.593750 1567446108.9056
CHLD 9 618.390625 1567446108.9056
CHLD 10 618.308594 1567446108.9057
CHLD 11 618.468750 1567446108.9057
CHLD 12 10.972656 1567446108.9058
CHLD 13 10.972656 1567446108.9058
CHLD 14 10.949219 1567446108.9059
CHLD 15 10.984375 1567446108.9060
CHLD 16 10.941406 1567446108.9060
CHLD 17 10.925781 1567446108.9061
CHLD 18 10.832031 1567446108.9061
CHLD 19 10.835938 1567446108.9062
MEM 708.347656 1567446109.0065
CHLD 0 601.132812 1567446109.0384
CHLD 1 601.140625 1567446109.0385
CHLD 2 601.125000 1567446109.0385
CHLD 3 601.125000 1567446109.0386
CHLD 4 620.480469 1567446109.0387
CHLD 5 621.156250 1567446109.0387
CHLD 6 624.847656 1567446109.0388
CHLD 7 618.695312 1567446109.0389
CHLD 8 619.582031 1567446109.0389
CHLD 9 618.687500 1567446109.0390
CHLD 10 618.597656 1567446109.0390
CHLD 11 618.824219 1567446109.0391
CHLD 12 10.972656 1567446109.0391
CHLD 13 10.972656 1567446109.0392
CHLD 14 10.949219 1567446109.0392
CHLD 15 10.984375 1567446109.0393
CHLD 16 10.941406 1567446109.0393
CHLD 17 10.925781 1567446109.0394
CHLD 18 10.832031 1567446109.0394
CHLD 19 10.835938 1567446109.0395
MEM 708.347656 1567446109.1399
CHLD 0 601.132812 1567446109.1721
CHLD 1 601.140625 1567446109.1722
CHLD 2 601.125000 1567446109.1722
CHLD 3 601.125000 1567446109.1723
CHLD 4 622.734375 1567446109.1723
CHLD 5 623.062500 1567446109.1724
CHLD 6 633.832031 1567446109.1725
CHLD 7 619.867188 1567446109.1725
CHLD 8 622.894531 1567446109.1726
CHLD 9 620.476562 1567446109.1726
CHLD 10 619.730469 1567446109.1727
CHLD 11 622.000000 1567446109.1727
CHLD 12 10.972656 1567446109.1728
CHLD 13 10.972656 1567446109.1729
CHLD 14 10.949219 1567446109.1729
CHLD 15 10.984375 1567446109.1730
CHLD 16 10.941406 1567446109.1730
CHLD 17 10.925781 1567446109.1731
CHLD 18 10.832031 1567446109.1731
CHLD 19 10.835938 1567446109.1732
MEM 708.347656 1567446109.2736
CHLD 0 601.132812 1567446109.3058
CHLD 1 601.140625 1567446109.3059
CHLD 2 601.125000 1567446109.3059
CHLD 3 601.125000 1567446109.3060
CHLD 4 623.597656 1567446109.3061
CHLD 5 630.226562 1567446109.3061
CHLD 6 634.898438 1567446109.3062
CHLD 7 622.441406 1567446109.3062
CHLD 8 625.105469 1567446109.3063
CHLD 9 622.441406 1567446109.3064
CHLD 10 622.898438 1567446109.3064
CHLD 11 630.234375 1567446109.3065
CHLD 12 10.972656 1567446109.3066
CHLD 13 10.972656 1567446109.3066
CHLD 14 10.949219 1567446109.3067
CHLD 15 10.984375 1567446109.3067
CHLD 16 10.941406 1567446109.3068
CHLD 17 10.925781 1567446109.3069
CHLD 18 10.832031 1567446109.3069
CHLD 19 10.835938 1567446109.3070
MEM 708.347656 1567446109.4074
CHLD 0 601.132812 1567446109.4495
CHLD 1 601.140625 1567446109.4496
CHLD 2 601.125000 1567446109.4496
CHLD 3 601.125000 1567446109.4497
CHLD 4 630.226562 1567446109.4497
CHLD 5 634.089844 1567446109.4498
CHLD 6 635.132812 1567446109.4499
CHLD 7 623.742188 1567446109.4499
CHLD 8 634.871094 1567446109.4500
CHLD 9 624.851562 1567446109.4500
CHLD 10 624.062500 1567446109.4501
CHLD 11 634.019531 1567446109.4502
CHLD 12 10.972656 1567446109.4502
CHLD 13 10.972656 1567446109.4535
CHLD 14 10.949219 1567446109.4579
CHLD 15 10.984375 1567446109.4580
CHLD 16 10.941406 1567446109.4580
CHLD 17 10.925781 1567446109.4581
CHLD 18 10.832031 1567446109.4581
CHLD 19 10.835938 1567446109.4582
MEM 708.347656 1567446109.5586
CHLD 0 601.132812 1567446109.6160
CHLD 1 601.140625 1567446109.6161
CHLD 2 601.125000 1567446109.6162
CHLD 3 601.125000 1567446109.6162
CHLD 4 634.531250 1567446109.6163
CHLD 5 634.871094 1567446109.6163
CHLD 6 637.449219 1567446109.6164
CHLD 7 630.226562 1567446109.6165
CHLD 8 635.367188 1567446109.6165
CHLD 9 634.625000 1567446109.6166
CHLD 10 633.859375 1567446109.6166
CHLD 11 634.691406 1567446109.6167
CHLD 12 10.972656 1567446109.6168
CHLD 13 10.972656 1567446109.6168
CHLD 14 10.949219 1567446109.6169
CHLD 15 10.984375 1567446109.6169
CHLD 16 10.941406 1567446109.6170
CHLD 17 10.925781 1567446109.6170
CHLD 18 10.832031 1567446109.6171
CHLD 19 10.835938 1567446109.6172
MEM 708.347656 1567446109.7176
CHLD 0 601.132812 1567446109.7519
CHLD 1 601.140625 1567446109.7520
CHLD 2 601.125000 1567446109.7544
CHLD 3 601.125000 1567446109.7545
CHLD 4 634.718750 1567446109.7546
CHLD 5 635.121094 1567446109.7547
CHLD 6 637.699219 1567446109.7547
CHLD 7 633.859375 1567446109.7548
CHLD 8 635.367188 1567446109.7548
CHLD 9 634.898438 1567446109.7549
CHLD 10 634.781250 1567446109.7550
CHLD 11 637.308594 1567446109.7550
CHLD 12 10.972656 1567446109.7551
CHLD 13 10.972656 1567446109.7552
CHLD 14 10.949219 1567446109.7552
CHLD 15 10.984375 1567446109.7553
CHLD 16 10.941406 1567446109.7553
CHLD 17 10.925781 1567446109.7554
CHLD 18 10.832031 1567446109.7555
CHLD 19 10.835938 1567446109.7555
MEM 708.347656 1567446109.8560
CHLD 0 601.132812 1567446109.9006
CHLD 1 601.140625 1567446109.9006
CHLD 2 601.125000 1567446109.9007
CHLD 3 601.125000 1567446109.9008
CHLD 4 634.976562 1567446109.9008
CHLD 5 635.371094 1567446109.9009
CHLD 6 637.699219 1567446109.9010
CHLD 7 634.878906 1567446109.9010
CHLD 8 635.875000 1567446109.9011
CHLD 9 634.898438 1567446109.9012
CHLD 10 634.871094 1567446109.9012
CHLD 11 637.593750 1567446109.9013
CHLD 12 10.972656 1567446109.9013
CHLD 13 10.972656 1567446109.9014
CHLD 14 10.949219 1567446109.9015
CHLD 15 10.984375 1567446109.9015
CHLD 16 10.941406 1567446109.9016
CHLD 17 10.925781 1567446109.9017
CHLD 18 10.832031 1567446109.9017
CHLD 19 10.835938 1567446109.9018
MEM 708.347656 1567446110.0022
CHLD 0 601.132812 1567446110.0297
CHLD 1 601.140625 1567446110.0298
CHLD 2 601.125000 1567446110.0299
CHLD 3 601.125000 1567446110.0299
CHLD 4 635.429688 1567446110.0300
CHLD 5 637.511719 1567446110.0301
CHLD 6 640.023438 1567446110.0301
CHLD 7 635.121094 1567446110.0302
CHLD 8 636.429688 1567446110.0302
CHLD 9 635.773438 1567446110.0505
CHLD 10 635.121094 1567446110.0506
CHLD 11 637.593750 1567446110.0506
CHLD 12 10.972656 1567446110.0507
CHLD 13 10.972656 1567446110.0508
CHLD 14 10.949219 1567446110.0508
CHLD 15 10.984375 1567446110.0509
CHLD 16 10.941406 1567446110.0510
CHLD 17 10.925781 1567446110.0510
CHLD 18 10.832031 1567446110.0511
CHLD 19 10.835938 1567446110.0512
MEM 708.347656 1567446110.1516
CHLD 0 601.132812 1567446110.1743
CHLD 1 601.140625 1567446110.1743
CHLD 2 601.125000 1567446110.1744
CHLD 3 601.125000 1567446110.1744
CHLD 4 637.515625 1567446110.1745
CHLD 5 638.476562 1567446110.1746
CHLD 6 640.769531 1567446110.1746
CHLD 7 635.707031 1567446110.1747
CHLD 8 636.429688 1567446110.1747
CHLD 9 637.449219 1567446110.1748
CHLD 10 635.375000 1567446110.1748
CHLD 11 640.335938 1567446110.1749
CHLD 12 10.972656 1567446110.1749
CHLD 13 10.972656 1567446110.1750
CHLD 14 10.949219 1567446110.1750
CHLD 15 10.984375 1567446110.1751
CHLD 16 10.941406 1567446110.1751
CHLD 17 10.925781 1567446110.1752
CHLD 18 10.832031 1567446110.1752
CHLD 19 10.835938 1567446110.1753
MEM 708.347656 1567446110.2757
CHLD 0 601.132812 1567446110.3077
CHLD 1 601.140625 1567446110.3078
CHLD 2 601.125000 1567446110.3078
CHLD 3 601.125000 1567446110.3079
CHLD 4 637.515625 1567446110.3080
CHLD 5 640.867188 1567446110.3080
CHLD 6 640.964844 1567446110.3081
CHLD 7 637.617188 1567446110.3081
CHLD 8 641.070312 1567446110.3082
CHLD 9 637.718750 1567446110.3082
CHLD 10 637.191406 1567446110.3083
CHLD 11 640.851562 1567446110.3084
CHLD 12 10.972656 1567446110.3084
CHLD 13 10.972656 1567446110.3085
CHLD 14 10.949219 1567446110.3085
CHLD 15 10.984375 1567446110.3086
CHLD 16 10.941406 1567446110.3087
CHLD 17 10.925781 1567446110.3087
CHLD 18 10.832031 1567446110.3088
CHLD 19 10.835938 1567446110.3088
MEM 708.347656 1567446110.4093
CHLD 0 601.132812 1567446110.4352
CHLD 1 601.140625 1567446110.4353
CHLD 2 601.125000 1567446110.4353
CHLD 3 601.125000 1567446110.4354
CHLD 4 638.378906 1567446110.4354
CHLD 5 641.117188 1567446110.4355
CHLD 6 641.261719 1567446110.4356
CHLD 7 637.617188 1567446110.4356
CHLD 8 641.457031 1567446110.4357
CHLD 9 637.718750 1567446110.4357
CHLD 10 637.527344 1567446110.4358
CHLD 11 641.039062 1567446110.4359
CHLD 12 10.972656 1567446110.4359
CHLD 13 10.972656 1567446110.4360
CHLD 14 10.949219 1567446110.4360
CHLD 15 10.984375 1567446110.4361
CHLD 16 10.941406 1567446110.4361
CHLD 17 10.925781 1567446110.4362
CHLD 18 10.832031 1567446110.4363
CHLD 19 10.835938 1567446110.4363
MEM 708.347656 1567446110.5367
CHLD 0 601.132812 1567446110.5719
CHLD 1 601.140625 1567446110.5720
CHLD 2 601.125000 1567446110.5721
CHLD 3 601.125000 1567446110.5721
CHLD 4 640.824219 1567446110.5722
CHLD 5 641.425781 1567446110.5722
CHLD 6 641.640625 1567446110.5723
CHLD 7 640.800781 1567446110.5724
CHLD 8 641.847656 1567446110.5724
CHLD 9 640.769531 1567446110.5725
CHLD 10 638.082031 1567446110.5725
CHLD 11 641.328125 1567446110.5726
CHLD 12 10.972656 1567446110.5727
CHLD 13 10.972656 1567446110.5727
CHLD 14 10.949219 1567446110.5745
CHLD 15 10.984375 1567446110.5745
CHLD 16 10.941406 1567446110.5746
CHLD 17 10.925781 1567446110.5747
CHLD 18 10.832031 1567446110.5773
CHLD 19 10.835938 1567446110.5774
MEM 708.347656 1567446110.6779
CHLD 0 601.132812 1567446110.7146
CHLD 1 601.140625 1567446110.7146
CHLD 2 601.125000 1567446110.7147
CHLD 3 601.125000 1567446110.7148
CHLD 4 641.519531 1567446110.7148
CHLD 5 641.750000 1567446110.7149
CHLD 6 641.953125 1567446110.7149
CHLD 7 641.214844 1567446110.7150
CHLD 8 642.179688 1567446110.7150
CHLD 9 641.328125 1567446110.7151
CHLD 10 640.851562 1567446110.7151
CHLD 11 641.675781 1567446110.7152
CHLD 12 10.972656 1567446110.7152
CHLD 13 10.972656 1567446110.7153
CHLD 14 10.949219 1567446110.7153
CHLD 15 10.984375 1567446110.7154
CHLD 16 10.941406 1567446110.7154
CHLD 17 10.925781 1567446110.7155
CHLD 18 10.832031 1567446110.7155
CHLD 19 10.835938 1567446110.7156
MEM 708.347656 1567446110.8160
CHLD 0 601.132812 1567446110.8450
CHLD 1 601.140625 1567446110.8451
CHLD 2 601.125000 1567446110.8452
CHLD 3 601.125000 1567446110.8452
CHLD 4 641.691406 1567446110.8453
CHLD 5 642.328125 1567446110.8454
CHLD 6 642.460938 1567446110.8454
CHLD 7 641.457031 1567446110.8455
CHLD 8 643.925781 1567446110.8456
CHLD 9 641.578125 1567446110.8456
CHLD 10 641.285156 1567446110.8457
CHLD 11 642.078125 1567446110.8457
CHLD 12 10.972656 1567446110.8458
CHLD 13 10.972656 1567446110.8459
CHLD 14 10.949219 1567446110.8459
CHLD 15 10.984375 1567446110.8460
CHLD 16 10.941406 1567446110.8460
CHLD 17 10.925781 1567446110.8461
CHLD 18 10.832031 1567446110.8462
CHLD 19 10.835938 1567446110.8462
MEM 708.347656 1567446110.9466
CHLD 0 601.132812 1567446110.9793
CHLD 1 601.140625 1567446110.9794
CHLD 2 601.125000 1567446110.9794
CHLD 3 601.125000 1567446110.9795
CHLD 4 643.429688 1567446110.9795
CHLD 5 642.578125 1567446110.9796
CHLD 6 650.187500 1567446110.9797
CHLD 7 646.601562 1567446110.9797
CHLD 8 652.253906 1567446110.9798
CHLD 9 641.910156 1567446110.9798
CHLD 10 641.664062 1567446110.9799
CHLD 11 642.566406 1567446110.9800
CHLD 12 10.972656 1567446110.9800
CHLD 13 10.972656 1567446110.9801
CHLD 14 10.949219 1567446110.9801
CHLD 15 10.984375 1567446110.9802
CHLD 16 10.941406 1567446110.9802
CHLD 17 10.925781 1567446110.9850
CHLD 18 10.832031 1567446110.9851
CHLD 19 10.835938 1567446110.9852
MEM 708.347656 1567446111.0856
CHLD 0 601.132812 1567446111.1019
CHLD 1 601.140625 1567446111.1019
CHLD 2 601.125000 1567446111.1224
CHLD 3 601.125000 1567446111.1225
CHLD 4 652.023438 1567446111.1225
CHLD 5 642.828125 1567446111.1226
CHLD 6 654.183594 1567446111.1227
CHLD 7 653.257812 1567446111.1227
CHLD 8 655.242188 1567446111.1228
CHLD 9 642.328125 1567446111.1229
CHLD 10 641.988281 1567446111.1229
CHLD 11 643.007812 1567446111.1230
CHLD 12 10.972656 1567446111.1230
CHLD 13 10.972656 1567446111.1231
CHLD 14 10.949219 1567446111.1232
CHLD 15 10.984375 1567446111.1232
CHLD 16 10.941406 1567446111.1233
CHLD 17 10.925781 1567446111.1233
CHLD 18 10.832031 1567446111.1234
CHLD 19 10.835938 1567446111.1235
MEM 708.347656 1567446111.2239
CHLD 0 601.132812 1567446111.2602
CHLD 1 601.140625 1567446111.2603
CHLD 2 601.125000 1567446111.2604
CHLD 3 601.125000 1567446111.2604
CHLD 4 655.824219 1567446111.2605
CHLD 5 643.343750 1567446111.2605
CHLD 6 654.500000 1567446111.2606
CHLD 7 653.757812 1567446111.2607
CHLD 8 655.437500 1567446111.2607
CHLD 9 649.363281 1567446111.2608
CHLD 10 642.300781 1567446111.2608
CHLD 11 650.007812 1567446111.2609
CHLD 12 10.972656 1567446111.2609
CHLD 13 10.972656 1567446111.2610
CHLD 14 10.949219 1567446111.2611
CHLD 15 10.984375 1567446111.2611
CHLD 16 10.941406 1567446111.2612
CHLD 17 10.925781 1567446111.2612
CHLD 18 10.832031 1567446111.2613
CHLD 19 10.835938 1567446111.2613
MEM 708.347656 1567446111.3618
CHLD 0 601.132812 1567446111.3810
CHLD 1 601.140625 1567446111.3811
CHLD 2 601.125000 1567446111.3811
CHLD 3 601.125000 1567446111.3812
CHLD 4 655.824219 1567446111.3812
CHLD 5 650.164062 1567446111.3813
CHLD 6 654.500000 1567446111.3813
CHLD 7 658.136719 1567446111.3814
CHLD 8 655.437500 1567446111.3814
CHLD 9 653.429688 1567446111.3815
CHLD 10 642.484375 1567446111.3815
CHLD 11 652.132812 1567446111.3816
CHLD 12 10.972656 1567446111.3817
CHLD 13 10.972656 1567446111.3817
CHLD 14 10.949219 1567446111.3818
CHLD 15 10.984375 1567446111.3818
CHLD 16 10.941406 1567446111.3819
CHLD 17 10.925781 1567446111.3819
CHLD 18 10.832031 1567446111.3820
CHLD 19 10.835938 1567446111.3820
MEM 708.347656 1567446111.4825
CHLD 0 601.132812 1567446111.5147
CHLD 1 601.140625 1567446111.5148
CHLD 2 601.125000 1567446111.5148
CHLD 3 601.125000 1567446111.5149
CHLD 4 656.019531 1567446111.5149
CHLD 5 652.613281 1567446111.5150
CHLD 6 654.695312 1567446111.5150
CHLD 7 661.148438 1567446111.5151
CHLD 8 656.488281 1567446111.5152
CHLD 9 654.222656 1567446111.5152
CHLD 10 642.753906 1567446111.5153
CHLD 11 654.585938 1567446111.5153
CHLD 12 10.972656 1567446111.5154
CHLD 13 10.972656 1567446111.5155
CHLD 14 10.949219 1567446111.5155
CHLD 15 10.984375 1567446111.5156
CHLD 16 10.941406 1567446111.5156
CHLD 17 10.925781 1567446111.5157
CHLD 18 10.832031 1567446111.5157
CHLD 19 10.835938 1567446111.5158
MEM 708.347656 1567446111.6163
CHLD 0 601.132812 1567446111.6498
CHLD 1 601.140625 1567446111.6499
CHLD 2 601.125000 1567446111.6500
CHLD 3 601.125000 1567446111.6500
CHLD 4 656.019531 1567446111.6501
CHLD 5 652.613281 1567446111.6502
CHLD 6 654.695312 1567446111.6502
CHLD 7 662.992188 1567446111.6544
CHLD 8 670.605469 1567446111.6545
CHLD 9 654.414062 1567446111.6545
CHLD 10 649.761719 1567446111.6546
CHLD 11 654.769531 1567446111.6547
CHLD 12 10.972656 1567446111.6547
CHLD 13 10.972656 1567446111.6548
CHLD 14 10.949219 1567446111.6549
CHLD 15 10.984375 1567446111.6549
CHLD 16 10.941406 1567446111.6550
CHLD 17 10.925781 1567446111.6550
CHLD 18 10.832031 1567446111.6551
CHLD 19 10.835938 1567446111.6552
MEM 708.347656 1567446111.7556
CHLD 0 601.132812 1567446111.7918
CHLD 1 601.140625 1567446111.7919
CHLD 2 601.125000 1567446111.7919
CHLD 3 601.125000 1567446111.7920
CHLD 4 667.101562 1567446111.7920
CHLD 5 652.613281 1567446111.7921
CHLD 6 659.851562 1567446111.7922
CHLD 7 662.992188 1567446111.7922
CHLD 8 671.121094 1567446111.7923
CHLD 9 654.414062 1567446111.7923
CHLD 10 652.007812 1567446111.7924
CHLD 11 654.832031 1567446111.7924
CHLD 12 10.972656 1567446111.7925
CHLD 13 10.972656 1567446111.7925
CHLD 14 10.949219 1567446111.7926
CHLD 15 10.984375 1567446111.7927
CHLD 16 10.941406 1567446111.7927
CHLD 17 10.925781 1567446111.7928
CHLD 18 10.832031 1567446111.7928
CHLD 19 10.835938 1567446111.7929
MEM 708.347656 1567446111.8947
CHLD 0 601.132812 1567446112.0216
CHLD 1 601.140625 1567446112.0217
CHLD 2 601.125000 1567446112.0217
CHLD 3 601.125000 1567446112.0218
CHLD 4 684.480469 1567446112.0219
CHLD 5 654.726562 1567446112.0219
CHLD 6 660.109375 1567446112.0220
CHLD 7 663.250000 1567446112.0220
CHLD 8 671.894531 1567446112.0221
CHLD 9 654.414062 1567446112.0222
CHLD 10 653.320312 1567446112.0222
CHLD 11 656.957031 1567446112.0223
CHLD 12 10.972656 1567446112.0224
CHLD 13 10.972656 1567446112.0224
CHLD 14 10.949219 1567446112.0225
CHLD 15 10.984375 1567446112.0226
CHLD 16 10.941406 1567446112.0226
CHLD 17 10.925781 1567446112.0227
CHLD 18 10.832031 1567446112.0227
CHLD 19 10.835938 1567446112.0228
MEM 708.347656 1567446112.1389
CHLD 0 601.132812 1567446112.1640
CHLD 1 601.140625 1567446112.1640
CHLD 2 601.125000 1567446112.1641
CHLD 3 601.125000 1567446112.1642
CHLD 4 692.472656 1567446112.1642
CHLD 5 655.125000 1567446112.1643
CHLD 6 660.367188 1567446112.1643
CHLD 7 663.507812 1567446112.1644
CHLD 8 671.894531 1567446112.1644
CHLD 9 654.609375 1567446112.1645
CHLD 10 654.468750 1567446112.1645
CHLD 11 656.957031 1567446112.1646
CHLD 12 10.972656 1567446112.1647
CHLD 13 10.972656 1567446112.1647
CHLD 14 10.949219 1567446112.1648
CHLD 15 10.984375 1567446112.1648
CHLD 16 10.941406 1567446112.1649
CHLD 17 10.925781 1567446112.1649
CHLD 18 10.832031 1567446112.1650
CHLD 19 10.835938 1567446112.1651
MEM 708.347656 1567446112.2668
CHLD 0 601.132812 1567446112.3122
CHLD 1 601.140625 1567446112.3123
CHLD 2 601.125000 1567446112.3124
CHLD 3 601.125000 1567446112.3124
CHLD 4 693.761719 1567446112.3125
CHLD 5 655.250000 1567446112.3125
CHLD 6 660.367188 1567446112.3126
CHLD 7 663.507812 1567446112.3126
CHLD 8 671.894531 1567446112.3127
CHLD 9 654.609375 1567446112.3127
CHLD 10 654.652344 1567446112.3130
CHLD 11 656.957031 1567446112.3131
CHLD 12 10.972656 1567446112.3131
CHLD 13 10.972656 1567446112.3132
CHLD 14 10.949219 1567446112.3132
CHLD 15 10.984375 1567446112.3149
CHLD 16 10.941406 1567446112.3151
CHLD 17 10.925781 1567446112.3151
CHLD 18 10.832031 1567446112.3152
CHLD 19 10.835938 1567446112.3153
MEM 708.347656 1567446112.4184
CHLD 0 601.132812 1567446112.4510
CHLD 1 601.140625 1567446112.4761
CHLD 2 601.125000 1567446112.4762
CHLD 3 601.125000 1567446112.4763
CHLD 4 695.308594 1567446112.4763
CHLD 5 655.378906 1567446112.4764
CHLD 6 660.367188 1567446112.4765
CHLD 7 663.507812 1567446112.4765
CHLD 8 671.894531 1567446112.4766
CHLD 9 654.609375 1567446112.4766
CHLD 10 654.652344 1567446112.4767
CHLD 11 656.957031 1567446112.4768
CHLD 12 10.972656 1567446112.4768
CHLD 13 10.972656 1567446112.4769
CHLD 14 10.949219 1567446112.4769
CHLD 15 10.984375 1567446112.4770
CHLD 16 10.941406 1567446112.4771
CHLD 17 10.925781 1567446112.4771
CHLD 18 10.832031 1567446112.4772
CHLD 19 10.835938 1567446112.4772
MEM 708.347656 1567446112.5777
CHLD 0 601.132812 1567446112.6412
CHLD 1 601.140625 1567446112.6412
CHLD 2 601.125000 1567446112.6413
CHLD 3 601.125000 1567446112.6414
CHLD 4 695.308594 1567446112.6414
CHLD 5 655.378906 1567446112.6415
CHLD 6 660.367188 1567446112.6415
CHLD 7 663.507812 1567446112.6416
CHLD 8 671.894531 1567446112.6417
CHLD 9 655.160156 1567446112.6417
CHLD 10 654.843750 1567446112.6418
CHLD 11 656.957031 1567446112.6418
CHLD 12 10.972656 1567446112.6419
CHLD 13 10.972656 1567446112.6419
CHLD 14 10.949219 1567446112.6420
CHLD 15 10.984375 1567446112.6849
CHLD 16 10.941406 1567446112.6850
CHLD 17 10.925781 1567446112.6850
CHLD 18 10.832031 1567446112.6851
CHLD 19 10.835938 1567446112.6851
MEM 708.347656 1567446112.7856
CHLD 0 601.132812 1567446112.8427
CHLD 1 601.140625 1567446112.8585
CHLD 2 601.125000 1567446112.8586
CHLD 3 601.125000 1567446112.8587
CHLD 4 696.597656 1567446112.8587
CHLD 5 655.378906 1567446112.8588
CHLD 6 660.625000 1567446112.8589
CHLD 7 663.507812 1567446112.8589
CHLD 8 671.894531 1567446112.8590
CHLD 9 661.765625 1567446112.8590
CHLD 10 654.843750 1567446112.8591
CHLD 11 656.957031 1567446112.8592
CHLD 12 10.972656 1567446112.8592
CHLD 13 10.972656 1567446112.8593
CHLD 14 10.949219 1567446112.8593
CHLD 15 10.984375 1567446112.8594
CHLD 16 10.941406 1567446112.8594
CHLD 17 10.925781 1567446112.8595
CHLD 18 10.832031 1567446112.8595
CHLD 19 10.835938 1567446112.8596
MEM 708.347656 1567446112.9601
CHLD 0 601.132812 1567446113.0422
CHLD 1 601.140625 1567446113.1007
CHLD 2 601.125000 1567446113.1008
CHLD 3 601.125000 1567446113.1009
CHLD 4 697.628906 1567446113.1010
CHLD 5 655.378906 1567446113.1010
CHLD 6 660.625000 1567446113.1011
CHLD 7 663.507812 1567446113.1011
CHLD 8 672.410156 1567446113.1012
CHLD 9 662.281250 1567446113.1012
CHLD 10 655.039062 1567446113.1013
CHLD 11 676.277344 1567446113.1013
CHLD 12 10.972656 1567446113.1014
CHLD 13 10.972656 1567446113.1014
CHLD 14 10.949219 1567446113.1015
CHLD 15 10.984375 1567446113.1015
CHLD 16 10.941406 1567446113.1016
CHLD 17 10.925781 1567446113.1016
CHLD 18 10.832031 1567446113.1017
CHLD 19 10.835938 1567446113.1018
MEM 708.347656 1567446113.2022
CHLD 0 601.132812 1567446113.2200
CHLD 1 601.140625 1567446113.2201
CHLD 2 601.125000 1567446113.2201
CHLD 3 601.125000 1567446113.2202
CHLD 4 697.886719 1567446113.2202
CHLD 5 655.574219 1567446113.2203
CHLD 6 660.625000 1567446113.2203
CHLD 7 663.507812 1567446113.2204
CHLD 8 672.410156 1567446113.2205
CHLD 9 662.281250 1567446113.2205
CHLD 10 655.039062 1567446113.2206
CHLD 11 677.050781 1567446113.2206
CHLD 12 10.972656 1567446113.2207
CHLD 13 10.972656 1567446113.2207
CHLD 14 10.949219 1567446113.2208
CHLD 15 10.984375 1567446113.2209
CHLD 16 10.941406 1567446113.2686
CHLD 17 10.925781 1567446113.2687
CHLD 18 10.832031 1567446113.2688
CHLD 19 10.835938 1567446113.2688
MEM 708.347656 1567446113.3693
CHLD 0 601.132812 1567446113.4155
CHLD 1 601.140625 1567446113.4156
CHLD 2 601.125000 1567446113.4156
CHLD 3 601.125000 1567446113.4157
CHLD 4 697.886719 1567446113.4158
CHLD 5 655.574219 1567446113.4158
CHLD 6 660.625000 1567446113.4159
CHLD 7 663.507812 1567446113.4159
CHLD 8 672.410156 1567446113.4160
CHLD 9 662.281250 1567446113.4160
CHLD 10 655.039062 1567446113.4161
CHLD 11 682.207031 1567446113.4161
CHLD 12 10.972656 1567446113.4162
CHLD 13 10.972656 1567446113.4163
CHLD 14 10.949219 1567446113.4163
CHLD 15 10.984375 1567446113.4164
CHLD 16 10.941406 1567446113.4164
CHLD 17 10.925781 1567446113.4165
CHLD 18 10.832031 1567446113.4165
CHLD 19 10.835938 1567446113.4166
MEM 708.347656 1567446113.5170
CHLD 0 601.132812 1567446113.5644
CHLD 1 601.140625 1567446113.5645
CHLD 2 601.125000 1567446113.5645
CHLD 3 601.125000 1567446113.5646
CHLD 4 699.175781 1567446113.5647
CHLD 5 655.574219 1567446113.5647
CHLD 6 660.625000 1567446113.5648
CHLD 7 663.507812 1567446113.5648
CHLD 8 672.925781 1567446113.5649
CHLD 9 662.281250 1567446113.5649
CHLD 10 655.039062 1567446113.5650
CHLD 11 684.546875 1567446113.5650
CHLD 12 10.972656 1567446113.5651
CHLD 13 10.972656 1567446113.5872
CHLD 14 10.949219 1567446113.5874
CHLD 15 10.984375 1567446113.5874
CHLD 16 10.941406 1567446113.5875
CHLD 17 10.925781 1567446113.5876
CHLD 18 10.832031 1567446113.5876
CHLD 19 10.835938 1567446113.5877
MEM 708.347656 1567446113.6882
CHLD 0 601.132812 1567446113.7403
CHLD 1 601.140625 1567446113.7404
CHLD 2 601.125000 1567446113.7404
CHLD 3 601.125000 1567446113.7405
CHLD 4 699.175781 1567446113.7406
CHLD 5 655.574219 1567446113.7406
CHLD 6 660.625000 1567446113.7407
CHLD 7 663.507812 1567446113.7407
CHLD 8 672.925781 1567446113.7408
CHLD 9 662.281250 1567446113.7408
CHLD 10 655.039062 1567446113.7409
CHLD 11 685.578125 1567446113.7410
CHLD 12 10.972656 1567446113.7410
CHLD 13 10.972656 1567446113.7411
CHLD 14 10.949219 1567446113.7411
CHLD 15 10.984375 1567446113.7412
CHLD 16 10.941406 1567446113.7412
CHLD 17 10.925781 1567446113.7413
CHLD 18 10.832031 1567446113.7414
CHLD 19 10.835938 1567446113.7414
MEM 708.347656 1567446113.8421
CHLD 0 601.132812 1567446113.9050
CHLD 1 601.140625 1567446113.9051
CHLD 2 601.125000 1567446113.9052
CHLD 3 601.125000 1567446113.9052
CHLD 4 699.175781 1567446113.9053
CHLD 5 655.574219 1567446113.9053
CHLD 6 660.625000 1567446113.9054
CHLD 7 663.507812 1567446113.9054
CHLD 8 672.925781 1567446113.9055
CHLD 9 662.281250 1567446113.9055
CHLD 10 655.039062 1567446113.9056
CHLD 11 685.578125 1567446113.9056
CHLD 12 10.972656 1567446113.9057
CHLD 13 10.972656 1567446113.9057
CHLD 14 10.949219 1567446113.9058
CHLD 15 10.984375 1567446113.9058
CHLD 16 10.941406 1567446113.9059
CHLD 17 10.925781 1567446113.9059
CHLD 18 10.832031 1567446113.9060
CHLD 19 10.835938 1567446113.9060
MEM 708.347656 1567446114.0065
CHLD 0 601.132812 1567446114.0714
CHLD 1 601.140625 1567446114.0714
CHLD 2 601.125000 1567446114.0715
CHLD 3 601.125000 1567446114.0715
CHLD 4 699.175781 1567446114.0716
CHLD 5 655.574219 1567446114.0717
CHLD 6 660.625000 1567446114.0717
CHLD 7 663.507812 1567446114.0718
CHLD 8 673.441406 1567446114.0718
CHLD 9 662.281250 1567446114.0719
CHLD 10 657.164062 1567446114.0720
CHLD 11 687.382812 1567446114.0720
CHLD 12 10.972656 1567446114.0721
CHLD 13 10.972656 1567446114.0721
CHLD 14 10.949219 1567446114.0722
CHLD 15 10.984375 1567446114.0722
CHLD 16 10.941406 1567446114.0723
CHLD 17 10.925781 1567446114.0723
CHLD 18 10.832031 1567446114.0724
CHLD 19 10.835938 1567446114.0724
MEM 708.347656 1567446114.1746
CHLD 0 601.132812 1567446114.2208
CHLD 1 601.140625 1567446114.2209
CHLD 2 601.125000 1567446114.2209
CHLD 3 601.125000 1567446114.2210
CHLD 4 699.175781 1567446114.2210
CHLD 5 655.574219 1567446114.2211
CHLD 6 660.625000 1567446114.2211
CHLD 7 663.507812 1567446114.2212
CHLD 8 673.441406 1567446114.2213
CHLD 9 662.281250 1567446114.2213
CHLD 10 662.167969 1567446114.2214
CHLD 11 687.382812 1567446114.2214
CHLD 12 10.972656 1567446114.2215
CHLD 13 10.972656 1567446114.2215
CHLD 14 10.949219 1567446114.2216
CHLD 15 10.984375 1567446114.2217
CHLD 16 10.941406 1567446114.2217
CHLD 17 10.925781 1567446114.2218
CHLD 18 10.832031 1567446114.2218
CHLD 19 10.835938 1567446114.2219
MEM 708.347656 1567446114.3226
CHLD 0 601.132812 1567446114.3680
CHLD 1 601.140625 1567446114.3681
CHLD 2 601.125000 1567446114.3682
CHLD 3 601.125000 1567446114.3682
CHLD 4 699.175781 1567446114.3683
CHLD 5 655.574219 1567446114.3683
CHLD 6 660.625000 1567446114.3684
CHLD 7 663.507812 1567446114.3684
CHLD 8 673.441406 1567446114.3685
CHLD 9 662.281250 1567446114.3686
CHLD 10 662.167969 1567446114.3687
CHLD 11 687.382812 1567446114.3687
CHLD 12 10.972656 1567446114.3688
CHLD 13 10.972656 1567446114.3688
CHLD 14 10.949219 1567446114.3689
CHLD 15 10.984375 1567446114.3689
CHLD 16 10.941406 1567446114.3690
CHLD 17 10.925781 1567446114.3690
CHLD 18 10.832031 1567446114.3691
CHLD 19 10.835938 1567446114.3691
MEM 708.347656 1567446114.4706
CHLD 0 601.132812 1567446114.6707
CHLD 1 601.140625 1567446114.6708
CHLD 2 601.125000 1567446114.6708
CHLD 3 601.125000 1567446114.6709
CHLD 4 699.691406 1567446114.6710
CHLD 5 655.574219 1567446114.6710
CHLD 6 660.625000 1567446114.6711
CHLD 7 663.507812 1567446114.6711
CHLD 8 673.441406 1567446114.6712
CHLD 9 662.281250 1567446114.6712
CHLD 10 662.167969 1567446114.6713
CHLD 11 688.414062 1567446114.6713
CHLD 12 10.972656 1567446114.6714
CHLD 13 10.972656 1567446114.6715
CHLD 14 10.949219 1567446114.6715
CHLD 15 10.984375 1567446114.6716
CHLD 16 10.941406 1567446114.6716
CHLD 17 10.925781 1567446114.6717
CHLD 18 10.832031 1567446114.6717
CHLD 19 10.835938 1567446114.6718
MEM 708.347656 1567446114.7723
CHLD 0 601.132812 1567446114.7942
CHLD 1 601.140625 1567446114.8963
CHLD 2 601.125000 1567446114.8964
CHLD 3 601.125000 1567446114.8965
CHLD 4 699.691406 1567446114.8978
CHLD 5 662.988281 1567446114.8979
CHLD 6 660.625000 1567446114.8980
CHLD 7 663.765625 1567446114.8980
CHLD 8 673.441406 1567446114.8981
CHLD 9 662.281250 1567446114.8981
CHLD 10 662.167969 1567446114.8982
CHLD 11 689.445312 1567446114.8982
CHLD 12 10.972656 1567446114.8993
CHLD 13 10.972656 1567446114.8994
CHLD 14 10.949219 1567446114.8995
CHLD 15 10.984375 1567446114.8995
CHLD 16 10.941406 1567446114.8996
CHLD 17 10.925781 1567446114.8997
CHLD 18 10.832031 1567446114.8997
CHLD 19 10.835938 1567446114.8998
MEM 708.347656 1567446115.0003
CHLD 0 601.132812 1567446115.0334
CHLD 1 601.140625 1567446115.0335
CHLD 2 601.125000 1567446115.0336
CHLD 3 601.125000 1567446115.0336
CHLD 4 699.691406 1567446115.0337
CHLD 5 666.093750 1567446115.0337
CHLD 6 660.625000 1567446115.0338
CHLD 7 663.765625 1567446115.0339
CHLD 8 673.957031 1567446115.0339
CHLD 9 662.281250 1567446115.0340
CHLD 10 662.167969 1567446115.0340
CHLD 11 689.960938 1567446115.0341
CHLD 12 10.972656 1567446115.0342
CHLD 13 10.972656 1567446115.0342
CHLD 14 10.949219 1567446115.0463
CHLD 15 10.984375 1567446115.0465
CHLD 16 10.941406 1567446115.0465
CHLD 17 10.925781 1567446115.0466
CHLD 18 10.832031 1567446115.0466
CHLD 19 10.835938 1567446115.0467
MEM 708.347656 1567446115.1471
CHLD 0 601.132812 1567446115.2075
CHLD 1 601.140625 1567446115.2076
CHLD 2 601.125000 1567446115.2076
CHLD 3 601.125000 1567446115.2077
CHLD 4 699.691406 1567446115.2077
CHLD 5 666.093750 1567446115.2078
CHLD 6 660.625000 1567446115.2078
CHLD 7 663.765625 1567446115.2079
CHLD 8 673.957031 1567446115.2102
CHLD 9 662.281250 1567446115.2104
CHLD 10 662.425781 1567446115.2104
CHLD 11 689.960938 1567446115.2105
CHLD 12 10.972656 1567446115.2106
CHLD 13 10.972656 1567446115.2106
CHLD 14 10.949219 1567446115.2107
CHLD 15 10.984375 1567446115.2107
CHLD 16 10.941406 1567446115.2108
CHLD 17 10.925781 1567446115.2109
CHLD 18 10.832031 1567446115.2109
CHLD 19 10.835938 1567446115.2110
MEM 708.347656 1567446115.3162
CHLD 0 601.132812 1567446115.4494
CHLD 1 601.140625 1567446115.4495
CHLD 2 601.125000 1567446115.4495
CHLD 3 601.125000 1567446115.4496
CHLD 4 699.691406 1567446115.4496
CHLD 5 666.093750 1567446115.4497
CHLD 6 660.625000 1567446115.4498
CHLD 7 664.023438 1567446115.4498
CHLD 8 673.957031 1567446115.4499
CHLD 9 662.281250 1567446115.4500
CHLD 10 662.679688 1567446115.4500
CHLD 11 689.960938 1567446115.4501
CHLD 12 10.972656 1567446115.4501
CHLD 13 10.972656 1567446115.4502
CHLD 14 10.949219 1567446115.4503
CHLD 15 10.984375 1567446115.4503
CHLD 16 10.941406 1567446115.4504
CHLD 17 10.925781 1567446115.4504
CHLD 18 10.832031 1567446115.4505
CHLD 19 10.835938 1567446115.4506
MEM 708.347656 1567446115.5510
CHLD 0 601.132812 1567446115.5701
CHLD 1 601.140625 1567446115.5702
CHLD 2 601.125000 1567446115.5702
CHLD 3 601.125000 1567446115.6721
CHLD 4 699.691406 1567446115.6722
CHLD 5 667.125000 1567446115.6722
CHLD 6 660.625000 1567446115.6723
CHLD 7 664.023438 1567446115.6723
CHLD 8 674.214844 1567446115.6724
CHLD 9 662.281250 1567446115.6724
CHLD 10 662.679688 1567446115.6725
CHLD 11 689.960938 1567446115.6725
CHLD 12 10.972656 1567446115.6726
CHLD 13 10.972656 1567446115.6726
CHLD 14 10.949219 1567446115.6727
CHLD 15 10.984375 1567446115.6727
CHLD 16 10.941406 1567446115.6728
CHLD 17 10.925781 1567446115.6728
CHLD 18 10.832031 1567446115.6729
CHLD 19 10.835938 1567446115.6730
MEM 708.347656 1567446115.7734
CHLD 0 601.132812 1567446115.8853
CHLD 1 601.140625 1567446115.8854
CHLD 2 601.125000 1567446115.8855
CHLD 3 601.125000 1567446115.8855
CHLD 4 701.496094 1567446115.8856
CHLD 5 667.640625 1567446115.8856
CHLD 6 660.625000 1567446115.8857
CHLD 7 664.023438 1567446115.8858
CHLD 8 674.472656 1567446115.8858
CHLD 9 662.281250 1567446115.8859
CHLD 10 662.679688 1567446115.8859
CHLD 11 689.960938 1567446115.8860
CHLD 12 10.972656 1567446115.8860
CHLD 13 10.972656 1567446115.8861
CHLD 14 10.949219 1567446115.8861
CHLD 15 10.984375 1567446115.8862
CHLD 16 10.941406 1567446115.8962
CHLD 17 10.925781 1567446115.8963
CHLD 18 10.832031 1567446115.8964
CHLD 19 10.835938 1567446115.8964
MEM 708.347656 1567446115.9972
CHLD 0 601.132812 1567446116.0780
CHLD 1 601.140625 1567446116.0781
CHLD 2 601.125000 1567446116.0781
CHLD 3 601.125000 1567446116.0782
CHLD 4 701.496094 1567446116.0782
CHLD 5 667.640625 1567446116.0889
CHLD 6 660.625000 1567446116.0890
CHLD 7 664.023438 1567446116.0891
CHLD 8 674.472656 1567446116.0892
CHLD 9 662.281250 1567446116.0892
CHLD 10 662.679688 1567446116.0893
CHLD 11 689.960938 1567446116.0894
CHLD 12 10.972656 1567446116.0894
CHLD 13 10.972656 1567446116.0895
CHLD 14 10.949219 1567446116.0895
CHLD 15 10.984375 1567446116.0896
CHLD 16 10.941406 1567446116.0896
CHLD 17 10.925781 1567446116.0897
CHLD 18 10.832031 1567446116.0897
CHLD 19 10.835938 1567446116.0898
MEM 708.347656 1567446116.1902
CHLD 0 601.132812 1567446116.2263
CHLD 1 601.140625 1567446116.2264
CHLD 2 601.125000 1567446116.2265
CHLD 3 601.125000 1567446116.2265
CHLD 4 701.496094 1567446116.2266
CHLD 5 667.640625 1567446116.2267
CHLD 6 660.625000 1567446116.2267
CHLD 7 664.023438 1567446116.2268
CHLD 8 674.472656 1567446116.2268
CHLD 9 662.281250 1567446116.2269
CHLD 10 662.929688 1567446116.2269
CHLD 11 689.960938 1567446116.2270
CHLD 12 10.972656 1567446116.2271
CHLD 13 10.972656 1567446116.2271
CHLD 14 10.949219 1567446116.2272
CHLD 15 10.984375 1567446116.2272
CHLD 16 10.941406 1567446116.2273
CHLD 17 10.925781 1567446116.2273
CHLD 18 10.832031 1567446116.2274
CHLD 19 10.835938 1567446116.2275
MEM 708.347656 1567446116.3322
CHLD 0 601.132812 1567446116.3898
CHLD 1 601.140625 1567446116.3898
CHLD 2 601.125000 1567446116.3899
CHLD 3 601.125000 1567446116.3899
CHLD 4 701.496094 1567446116.3900
CHLD 5 667.640625 1567446116.3901
CHLD 6 660.625000 1567446116.3901
CHLD 7 664.023438 1567446116.3902
CHLD 8 674.472656 1567446116.3902
CHLD 9 662.281250 1567446116.3903
CHLD 10 662.929688 1567446116.3904
CHLD 11 689.960938 1567446116.3905
CHLD 12 10.972656 1567446116.3905
CHLD 13 10.972656 1567446116.3906
CHLD 14 10.949219 1567446116.3906
CHLD 15 10.984375 1567446116.3907
CHLD 16 10.941406 1567446116.3908
CHLD 17 10.925781 1567446116.3908
CHLD 18 10.832031 1567446116.3909
CHLD 19 10.835938 1567446116.3909
MEM 708.347656 1567446116.4940
CHLD 0 601.132812 1567446116.5650
CHLD 1 601.140625 1567446116.5651
CHLD 2 601.125000 1567446116.5652
CHLD 3 601.125000 1567446116.5652
CHLD 4 701.496094 1567446116.5653
CHLD 5 667.640625 1567446116.5653
CHLD 6 660.625000 1567446116.5654
CHLD 7 664.023438 1567446116.5654
CHLD 8 674.472656 1567446116.5655
CHLD 9 662.281250 1567446116.5656
CHLD 10 662.929688 1567446116.5656
CHLD 11 689.960938 1567446116.5830
CHLD 12 10.972656 1567446116.5831
CHLD 13 10.972656 1567446116.5832
CHLD 14 10.949219 1567446116.5832
CHLD 15 10.984375 1567446116.5833
CHLD 16 10.941406 1567446116.5833
CHLD 17 10.925781 1567446116.5834
CHLD 18 10.832031 1567446116.5835
CHLD 19 10.835938 1567446116.5835
MEM 708.347656 1567446116.6840
CHLD 0 601.132812 1567446116.7519
CHLD 1 601.140625 1567446116.7519
CHLD 2 601.125000 1567446116.7520
CHLD 3 601.125000 1567446116.7521
CHLD 4 701.496094 1567446116.7521
CHLD 5 667.640625 1567446116.7522
CHLD 6 660.625000 1567446116.7523
CHLD 7 664.281250 1567446116.7523
CHLD 8 674.472656 1567446116.7524
CHLD 9 662.281250 1567446116.7524
CHLD 10 662.929688 1567446116.7525
CHLD 11 689.960938 1567446116.7526
CHLD 12 10.972656 1567446116.7526
CHLD 13 10.972656 1567446116.7527
CHLD 14 10.949219 1567446116.7528
CHLD 15 10.984375 1567446116.7528
CHLD 16 10.941406 1567446116.7529
CHLD 17 10.925781 1567446116.7530
CHLD 18 10.832031 1567446116.7530
CHLD 19 10.835938 1567446116.7531
MEM 708.347656 1567446116.8535
CHLD 0 601.132812 1567446116.9998
CHLD 1 601.140625 1567446116.9999
CHLD 2 601.125000 1567446116.9999
CHLD 3 601.125000 1567446117.0000
CHLD 4 702.011719 1567446117.0000
CHLD 5 667.640625 1567446117.0001
CHLD 6 660.625000 1567446117.0001
CHLD 7 664.281250 1567446117.0002
CHLD 8 674.472656 1567446117.0003
CHLD 9 662.281250 1567446117.0003
CHLD 10 662.929688 1567446117.0004
CHLD 11 690.476562 1567446117.0004
CHLD 12 10.972656 1567446117.0005
CHLD 13 10.972656 1567446117.0005
CHLD 14 10.949219 1567446117.0006
CHLD 15 10.984375 1567446117.0007
CHLD 16 10.941406 1567446117.0007
CHLD 17 10.925781 1567446117.0008
CHLD 18 10.832031 1567446117.0008
CHLD 19 10.835938 1567446117.0009
MEM 708.347656 1567446117.1013
CHLD 0 601.132812 1567446117.1708
CHLD 1 601.140625 1567446117.1709
CHLD 2 601.125000 1567446117.1709
CHLD 3 601.125000 1567446117.1710
CHLD 4 702.011719 1567446117.1710
CHLD 5 667.640625 1567446117.1711
CHLD 6 660.625000 1567446117.1711
CHLD 7 664.281250 1567446117.1712
CHLD 8 674.472656 1567446117.1712
CHLD 9 662.281250 1567446117.1713
CHLD 10 662.929688 1567446117.1714
CHLD 11 690.992188 1567446117.1714
CHLD 12 10.972656 1567446117.1715
CHLD 13 10.972656 1567446117.1715
CHLD 14 10.949219 1567446117.1716
CHLD 15 10.984375 1567446117.1716
CHLD 16 10.941406 1567446117.1717
CHLD 17 10.925781 1567446117.1717
CHLD 18 10.832031 1567446117.1718
CHLD 19 10.835938 1567446117.1718
MEM 708.347656 1567446117.2723
CHLD 0 601.132812 1567446117.3579
CHLD 1 601.140625 1567446117.3580
CHLD 2 601.125000 1567446117.3581
CHLD 3 601.125000 1567446117.3581
CHLD 4 702.785156 1567446117.3582
CHLD 5 667.640625 1567446117.4380
CHLD 6 660.625000 1567446117.4382
CHLD 7 664.281250 1567446117.4382
CHLD 8 674.472656 1567446117.4383
CHLD 9 662.281250 1567446117.4383
CHLD 10 663.187500 1567446117.4384
CHLD 11 690.992188 1567446117.4385
CHLD 12 10.972656 1567446117.4385
CHLD 13 10.972656 1567446117.4386
CHLD 14 10.949219 1567446117.4386
CHLD 15 10.984375 1567446117.4387
CHLD 16 10.941406 1567446117.4388
CHLD 17 10.925781 1567446117.4388
CHLD 18 10.832031 1567446117.4477
CHLD 19 10.835938 1567446117.4479
MEM 708.347656 1567446117.5484
CHLD 0 601.132812 1567446117.6750
CHLD 1 601.140625 1567446117.6762
CHLD 2 601.125000 1567446117.6763
CHLD 3 601.125000 1567446117.6764
CHLD 4 702.785156 1567446117.6764
CHLD 5 667.640625 1567446117.6765
CHLD 6 660.625000 1567446117.6766
CHLD 7 664.281250 1567446117.6766
CHLD 8 674.472656 1567446117.6767
CHLD 9 662.281250 1567446117.6767
CHLD 10 663.445312 1567446117.6768
CHLD 11 690.992188 1567446117.6768
CHLD 12 10.972656 1567446117.6769
CHLD 13 10.972656 1567446117.6918
CHLD 14 10.949219 1567446117.6919
CHLD 15 10.984375 1567446117.6920
CHLD 16 10.941406 1567446117.6924
CHLD 17 10.925781 1567446117.6925
CHLD 18 10.832031 1567446117.6926
CHLD 19 10.835938 1567446117.6926
MEM 708.347656 1567446117.7931
CHLD 0 601.132812 1567446117.9381
CHLD 1 601.140625 1567446117.9382
CHLD 2 601.125000 1567446117.9382
CHLD 3 601.125000 1567446117.9383
CHLD 4 703.300781 1567446117.9383
CHLD 5 667.640625 1567446117.9384
CHLD 6 660.625000 1567446117.9385
CHLD 7 664.281250 1567446117.9385
CHLD 8 674.472656 1567446117.9386
CHLD 9 662.539062 1567446117.9387
CHLD 10 663.445312 1567446117.9387
CHLD 11 690.992188 1567446117.9388
CHLD 12 10.972656 1567446117.9389
CHLD 13 10.972656 1567446117.9390
CHLD 14 10.949219 1567446117.9390
CHLD 15 10.984375 1567446117.9391
CHLD 16 10.941406 1567446117.9392
CHLD 17 10.925781 1567446117.9392
CHLD 18 10.832031 1567446117.9393
CHLD 19 10.835938 1567446117.9393
MEM 708.359375 1567446118.0400
CHLD 0 601.132812 1567446118.1491
CHLD 1 601.140625 1567446118.1492
CHLD 2 601.125000 1567446118.1493
CHLD 3 601.125000 1567446118.1493
CHLD 4 703.300781 1567446118.1494
CHLD 5 667.640625 1567446118.1495
CHLD 6 660.625000 1567446118.1495
CHLD 7 664.281250 1567446118.1496
CHLD 8 674.730469 1567446118.1497
CHLD 9 662.539062 1567446118.1497
CHLD 10 663.445312 1567446118.1498
CHLD 11 690.992188 1567446118.1499
CHLD 12 10.972656 1567446118.1499
CHLD 13 10.972656 1567446118.1500
CHLD 14 10.949219 1567446118.1500
CHLD 15 10.984375 1567446118.1501
CHLD 16 10.941406 1567446118.1502
CHLD 17 10.925781 1567446118.1502
CHLD 18 10.832031 1567446118.1503
CHLD 19 10.835938 1567446118.1503
MEM 708.359375 1567446118.2507
CHLD 0 601.132812 1567446118.3469
CHLD 1 601.140625 1567446118.3470
CHLD 2 601.125000 1567446118.3471
CHLD 3 601.125000 1567446118.3471
CHLD 4 703.300781 1567446118.3476
CHLD 5 667.640625 1567446118.3476
CHLD 6 660.625000 1567446118.3477
CHLD 7 664.281250 1567446118.3477
CHLD 8 674.730469 1567446118.3478
CHLD 9 662.539062 1567446118.3479
CHLD 10 663.445312 1567446118.3479
CHLD 11 690.992188 1567446118.3480
CHLD 12 10.972656 1567446118.3480
CHLD 13 10.972656 1567446118.3481
CHLD 14 10.949219 1567446118.3481
CHLD 15 10.984375 1567446118.3482
CHLD 16 10.941406 1567446118.3483
CHLD 17 10.925781 1567446118.3483
CHLD 18 10.832031 1567446118.3484
CHLD 19 10.835938 1567446118.3484
MEM 708.359375 1567446118.4490
CHLD 0 601.132812 1567446118.5751
CHLD 1 601.140625 1567446118.5752
CHLD 2 601.125000 1567446118.5753
CHLD 3 601.125000 1567446118.5753
CHLD 4 703.300781 1567446118.5754
CHLD 5 667.640625 1567446118.5754
CHLD 6 660.625000 1567446118.5755
CHLD 7 664.281250 1567446118.5755
CHLD 8 674.730469 1567446118.5756
CHLD 9 662.539062 1567446118.5756
CHLD 10 663.445312 1567446118.5757
CHLD 11 690.992188 1567446118.5758
CHLD 12 10.972656 1567446118.5758
CHLD 13 10.972656 1567446118.5759
CHLD 14 10.949219 1567446118.5759
CHLD 15 10.984375 1567446118.5760
CHLD 16 10.941406 1567446118.5760
CHLD 17 10.925781 1567446118.5761
CHLD 18 10.832031 1567446118.5761
CHLD 19 10.835938 1567446118.5762
MEM 708.359375 1567446118.6788
CHLD 0 601.132812 1567446118.7754
CHLD 1 601.140625 1567446118.7754
CHLD 2 601.125000 1567446118.7755
CHLD 3 601.125000 1567446118.7756
CHLD 4 703.558594 1567446118.7756
CHLD 5 667.640625 1567446118.7757
CHLD 6 660.625000 1567446118.7757
CHLD 7 664.281250 1567446118.7758
CHLD 8 674.730469 1567446118.7758
CHLD 9 662.539062 1567446118.7759
CHLD 10 663.445312 1567446118.7760
CHLD 11 690.992188 1567446118.7760
CHLD 12 10.972656 1567446118.7761
CHLD 13 10.972656 1567446118.7761
CHLD 14 10.949219 1567446118.7762
CHLD 15 10.984375 1567446118.7762
CHLD 16 10.941406 1567446118.7763
CHLD 17 10.925781 1567446118.7763
CHLD 18 10.832031 1567446118.7764
CHLD 19 10.835938 1567446118.7765
MEM 708.359375 1567446118.8773
CHLD 0 601.132812 1567446118.9764
CHLD 1 601.140625 1567446118.9765
CHLD 2 601.125000 1567446118.9765
CHLD 3 601.125000 1567446118.9766
CHLD 4 703.558594 1567446118.9766
CHLD 5 667.640625 1567446118.9767
CHLD 6 660.882812 1567446118.9768
CHLD 7 664.281250 1567446118.9768
CHLD 8 674.730469 1567446118.9769
CHLD 9 662.539062 1567446118.9769
CHLD 10 663.445312 1567446118.9770
CHLD 11 690.992188 1567446118.9771
CHLD 12 10.972656 1567446118.9771
CHLD 13 10.972656 1567446118.9772
CHLD 14 10.949219 1567446118.9772
CHLD 15 10.984375 1567446118.9773
CHLD 16 10.941406 1567446118.9774
CHLD 17 10.925781 1567446118.9774
CHLD 18 10.832031 1567446118.9775
CHLD 19 10.835938 1567446118.9775
MEM 708.359375 1567446119.1127
CHLD 0 601.132812 1567446119.3944
CHLD 1 601.140625 1567446119.3946
CHLD 2 601.125000 1567446119.3946
CHLD 3 601.125000 1567446119.3947
CHLD 4 703.558594 1567446119.3948
CHLD 5 667.640625 1567446119.3948
CHLD 6 660.882812 1567446119.3949
CHLD 7 664.281250 1567446119.3949
CHLD 8 674.730469 1567446119.3950
CHLD 9 662.539062 1567446119.3951
CHLD 10 663.445312 1567446119.3951
CHLD 11 690.992188 1567446119.3952
CHLD 12 10.972656 1567446119.3952
CHLD 13 10.972656 1567446119.3953
CHLD 14 10.949219 1567446119.3954
CHLD 15 10.984375 1567446119.3954
CHLD 16 10.941406 1567446119.3955
CHLD 17 10.925781 1567446119.3955
CHLD 18 10.832031 1567446119.3956
CHLD 19 10.835938 1567446119.3956
MEM 708.359375 1567446119.4968
CHLD 0 601.132812 1567446119.5149
CHLD 1 601.140625 1567446119.5150
CHLD 2 601.125000 1567446119.5151
CHLD 3 601.125000 1567446119.5151
CHLD 4 703.558594 1567446119.5152
CHLD 5 667.640625 1567446119.5152
CHLD 6 660.882812 1567446119.5153
CHLD 7 664.281250 1567446119.5154
CHLD 8 674.730469 1567446119.5154
CHLD 9 662.539062 1567446119.5155
CHLD 10 663.445312 1567446119.5155
CHLD 11 690.992188 1567446119.5156
CHLD 12 10.972656 1567446119.5157
CHLD 13 10.972656 1567446119.5157
CHLD 14 10.949219 1567446119.5158
CHLD 15 10.984375 1567446119.5158
CHLD 16 10.941406 1567446119.5159
CHLD 17 10.925781 1567446119.5159
CHLD 18 10.832031 1567446119.5160
CHLD 19 10.835938 1567446119.5160
MEM 708.359375 1567446119.6167
CHLD 0 601.132812 1567446119.6775
CHLD 1 601.140625 1567446119.6776
CHLD 2 601.125000 1567446119.6777
CHLD 3 601.125000 1567446119.6777
CHLD 4 703.558594 1567446119.6778
CHLD 5 667.640625 1567446119.6778
CHLD 6 660.882812 1567446119.6779
CHLD 7 664.281250 1567446119.6779
CHLD 8 674.730469 1567446119.6780
CHLD 9 662.539062 1567446119.6780
CHLD 10 663.445312 1567446119.6781
CHLD 11 690.992188 1567446119.6781
CHLD 12 10.972656 1567446119.6782
CHLD 13 10.972656 1567446119.6782
CHLD 14 10.949219 1567446119.6783
CHLD 15 10.984375 1567446119.6783
CHLD 16 10.941406 1567446119.6784
CHLD 17 10.925781 1567446119.6784
CHLD 18 10.832031 1567446119.6785
CHLD 19 10.835938 1567446119.6785
MEM 708.359375 1567446119.7799
CHLD 0 601.132812 1567446119.8218
CHLD 1 601.140625 1567446119.8219
CHLD 2 601.125000 1567446119.8220
CHLD 3 601.125000 1567446119.8220
CHLD 4 703.558594 1567446119.8221
CHLD 5 667.640625 1567446119.8221
CHLD 6 660.882812 1567446119.8222
CHLD 7 664.281250 1567446119.8222
CHLD 8 674.730469 1567446119.8223
CHLD 9 662.539062 1567446119.8224
CHLD 10 663.445312 1567446119.8224
CHLD 11 690.992188 1567446119.8225
CHLD 12 10.972656 1567446119.8225
CHLD 13 10.972656 1567446119.8226
CHLD 14 10.949219 1567446119.8227
CHLD 15 10.984375 1567446119.8227
CHLD 16 10.941406 1567446119.8228
CHLD 17 10.925781 1567446119.8228
CHLD 18 10.832031 1567446119.8229
CHLD 19 10.835938 1567446119.8229
MEM 708.359375 1567446119.9252
CHLD 0 601.132812 1567446119.9422
CHLD 1 601.140625 1567446120.0313
CHLD 2 601.125000 1567446120.0314
CHLD 3 601.125000 1567446120.0346
CHLD 4 703.558594 1567446120.0347
CHLD 5 667.640625 1567446120.0347
CHLD 6 660.882812 1567446120.0348
CHLD 7 664.281250 1567446120.0349
CHLD 8 674.730469 1567446120.0349
CHLD 9 662.539062 1567446120.0350
CHLD 10 663.445312 1567446120.0351
CHLD 11 690.992188 1567446120.0351
CHLD 12 10.972656 1567446120.0352
CHLD 13 10.972656 1567446120.0352
CHLD 14 10.949219 1567446120.0353
CHLD 15 10.984375 1567446120.0353
CHLD 16 10.941406 1567446120.0354
CHLD 17 10.925781 1567446120.0355
CHLD 18 10.832031 1567446120.0355
CHLD 19 10.835938 1567446120.0356
MEM 708.359375 1567446120.1361
CHLD 0 601.132812 1567446120.2447
CHLD 1 601.140625 1567446120.2448
CHLD 2 601.125000 1567446120.2449
CHLD 3 601.125000 1567446120.2449
CHLD 4 703.558594 1567446120.2450
CHLD 5 667.640625 1567446120.2450
CHLD 6 660.882812 1567446120.2451
CHLD 7 664.539062 1567446120.2452
CHLD 8 674.730469 1567446120.2452
CHLD 9 662.539062 1567446120.2453
CHLD 10 663.445312 1567446120.2453
CHLD 11 690.992188 1567446120.2454
CHLD 12 10.972656 1567446120.2455
CHLD 13 10.972656 1567446120.2455
CHLD 14 10.949219 1567446120.2456
CHLD 15 10.984375 1567446120.2456
CHLD 16 10.941406 1567446120.2457
CHLD 17 10.925781 1567446120.2458
CHLD 18 10.832031 1567446120.2458
CHLD 19 10.835938 1567446120.2459
MEM 708.359375 1567446120.3463
CHLD 0 601.132812 1567446120.4312
CHLD 1 601.140625 1567446120.4313
CHLD 2 601.125000 1567446120.4313
CHLD 3 601.125000 1567446120.4314
CHLD 4 703.558594 1567446120.4315
CHLD 5 667.640625 1567446120.4315
CHLD 6 660.882812 1567446120.4316
CHLD 7 664.539062 1567446120.4316
CHLD 8 674.730469 1567446120.4317
CHLD 9 662.539062 1567446120.4317
CHLD 10 663.445312 1567446120.4318
CHLD 11 690.992188 1567446120.4319
CHLD 12 10.972656 1567446120.4319
CHLD 13 10.972656 1567446120.4320
CHLD 14 10.949219 1567446120.4320
CHLD 15 10.984375 1567446120.4321
CHLD 16 10.941406 1567446120.4322
CHLD 17 10.925781 1567446120.4322
CHLD 18 10.832031 1567446120.4323
CHLD 19 10.835938 1567446120.4323
MEM 708.359375 1567446120.5328
CHLD 0 601.132812 1567446120.6428
CHLD 1 601.140625 1567446120.6429
CHLD 2 601.125000 1567446120.6429
CHLD 3 601.125000 1567446120.6430
CHLD 4 703.558594 1567446120.6430
CHLD 5 667.640625 1567446120.6431
CHLD 6 660.882812 1567446120.6431
CHLD 7 664.539062 1567446120.6432
CHLD 8 674.730469 1567446120.6432
CHLD 9 662.539062 1567446120.6433
CHLD 10 663.445312 1567446120.6433
CHLD 11 690.992188 1567446120.6434
CHLD 12 10.972656 1567446120.6434
CHLD 13 10.972656 1567446120.6435
CHLD 14 10.949219 1567446120.6435
CHLD 15 10.984375 1567446120.6436
CHLD 16 10.941406 1567446120.6436
CHLD 17 10.925781 1567446120.6437
CHLD 18 10.832031 1567446120.6438
CHLD 19 10.835938 1567446120.6438
MEM 708.359375 1567446120.7442
CHLD 0 601.132812 1567446120.8444
CHLD 1 601.140625 1567446120.8444
CHLD 2 601.125000 1567446120.8445
CHLD 3 601.125000 1567446120.8446
CHLD 4 703.558594 1567446120.8447
CHLD 5 667.640625 1567446120.8447
CHLD 6 660.882812 1567446120.8448
CHLD 7 664.539062 1567446120.8448
CHLD 8 674.730469 1567446120.8449
CHLD 9 662.539062 1567446120.8450
CHLD 10 663.445312 1567446120.8450
CHLD 11 690.992188 1567446120.8451
CHLD 12 10.972656 1567446120.8451
CHLD 13 10.972656 1567446120.8452
CHLD 14 10.949219 1567446120.8453
CHLD 15 10.984375 1567446120.8453
CHLD 16 10.941406 1567446120.8454
CHLD 17 10.925781 1567446120.8454
CHLD 18 10.832031 1567446120.8455
CHLD 19 10.835938 1567446120.8456
MEM 708.359375 1567446120.9460
CHLD 0 601.132812 1567446120.9897
CHLD 1 601.140625 1567446120.9898
CHLD 2 601.125000 1567446120.9898
CHLD 3 601.125000 1567446120.9899
CHLD 4 703.816406 1567446120.9899
CHLD 5 667.640625 1567446120.9900
CHLD 6 660.882812 1567446120.9901
CHLD 7 664.539062 1567446120.9901
CHLD 8 674.730469 1567446120.9902
CHLD 9 662.539062 1567446120.9902
CHLD 10 663.445312 1567446120.9903
CHLD 11 690.992188 1567446120.9904
CHLD 12 10.972656 1567446120.9904
CHLD 13 10.972656 1567446120.9905
CHLD 14 10.949219 1567446120.9905
CHLD 15 10.984375 1567446120.9906
CHLD 16 10.941406 1567446120.9907
CHLD 17 10.925781 1567446120.9907
CHLD 18 10.832031 1567446120.9908
CHLD 19 10.835938 1567446120.9908
MEM 708.359375 1567446121.0915
CHLD 0 601.132812 1567446121.1390
CHLD 1 601.140625 1567446121.1390
CHLD 2 601.125000 1567446121.1391
CHLD 3 601.125000 1567446121.1392
CHLD 4 703.816406 1567446121.1392
CHLD 5 667.640625 1567446121.1393
CHLD 6 662.343750 1567446121.1394
CHLD 7 664.539062 1567446121.1394
CHLD 8 674.730469 1567446121.1395
CHLD 9 662.539062 1567446121.1395
CHLD 10 663.445312 1567446121.1396
CHLD 11 690.992188 1567446121.1397
CHLD 12 10.972656 1567446121.1397
CHLD 13 10.972656 1567446121.1398
CHLD 14 10.949219 1567446121.1398
CHLD 15 10.984375 1567446121.1399
CHLD 16 10.941406 1567446121.1399
CHLD 17 10.925781 1567446121.1400
CHLD 18 10.832031 1567446121.1400
CHLD 19 10.835938 1567446121.1401
MEM 708.359375 1567446121.2406
CHLD 0 601.132812 1567446121.3213
CHLD 1 601.140625 1567446121.3284
CHLD 2 601.125000 1567446121.3286
CHLD 3 601.125000 1567446121.3286
CHLD 4 703.816406 1567446121.3287
CHLD 5 667.640625 1567446121.3287
CHLD 6 662.343750 1567446121.3288
CHLD 7 664.539062 1567446121.3289
CHLD 8 674.730469 1567446121.3289
CHLD 9 662.539062 1567446121.3290
CHLD 10 663.445312 1567446121.3290
CHLD 11 690.992188 1567446121.3291
CHLD 12 10.972656 1567446121.3291
CHLD 13 10.972656 1567446121.3292
CHLD 14 10.949219 1567446121.3293
CHLD 15 10.984375 1567446121.3293
CHLD 16 10.941406 1567446121.3294
CHLD 17 10.925781 1567446121.3294
CHLD 18 10.832031 1567446121.3295
CHLD 19 10.835938 1567446121.3295
MEM 708.359375 1567446121.4386
CHLD 0 601.132812 1567446121.5324
CHLD 1 601.140625 1567446121.5325
CHLD 2 601.125000 1567446121.5325
CHLD 3 601.125000 1567446121.5326
CHLD 4 703.816406 1567446121.5327
CHLD 5 667.898438 1567446121.5327
CHLD 6 662.343750 1567446121.5328
CHLD 7 664.539062 1567446121.5329
CHLD 8 674.730469 1567446121.5329
CHLD 9 662.539062 1567446121.5330
CHLD 10 663.445312 1567446121.5331
CHLD 11 690.992188 1567446121.5331
CHLD 12 10.972656 1567446121.5332
CHLD 13 10.972656 1567446121.5332
CHLD 14 10.949219 1567446121.5333
CHLD 15 10.984375 1567446121.5334
CHLD 16 10.941406 1567446121.5334
CHLD 17 10.925781 1567446121.5335
CHLD 18 10.832031 1567446121.5336
CHLD 19 10.835938 1567446121.5336
MEM 708.359375 1567446121.6349
CHLD 0 601.132812 1567446121.6807
CHLD 1 601.140625 1567446121.6808
CHLD 2 601.125000 1567446121.6809
CHLD 3 601.125000 1567446121.6809
CHLD 4 703.816406 1567446121.6810
CHLD 5 667.898438 1567446121.6811
CHLD 6 662.343750 1567446121.6811
CHLD 7 664.539062 1567446121.6812
CHLD 8 674.730469 1567446121.6812
CHLD 9 662.539062 1567446121.6813
CHLD 10 663.445312 1567446121.6814
CHLD 11 690.992188 1567446121.6814
CHLD 12 10.972656 1567446121.6815
CHLD 13 10.972656 1567446121.6816
CHLD 14 10.949219 1567446121.6816
CHLD 15 10.984375 1567446121.6817
CHLD 16 10.941406 1567446121.6817
CHLD 17 10.925781 1567446121.6818
CHLD 18 10.832031 1567446121.6819
CHLD 19 10.835938 1567446121.6819
MEM 708.359375 1567446121.7824
CHLD 0 601.132812 1567446121.8857
CHLD 1 601.140625 1567446121.8858
CHLD 2 601.125000 1567446121.8859
CHLD 3 601.125000 1567446121.8859
CHLD 4 703.816406 1567446121.8860
CHLD 5 667.898438 1567446121.8860
CHLD 6 662.343750 1567446121.8861
CHLD 7 664.539062 1567446121.8862
CHLD 8 674.730469 1567446121.8862
CHLD 9 662.539062 1567446121.9094
CHLD 10 663.445312 1567446121.9095
CHLD 11 690.992188 1567446121.9096
CHLD 12 10.972656 1567446121.9097
CHLD 13 10.972656 1567446121.9097
CHLD 14 10.949219 1567446121.9098
CHLD 15 10.984375 1567446121.9099
CHLD 16 10.941406 1567446121.9099
CHLD 17 10.925781 1567446121.9100
CHLD 18 10.832031 1567446121.9100
CHLD 19 10.835938 1567446121.9101
MEM 708.359375 1567446122.0107
CHLD 0 601.132812 1567446122.0443
CHLD 1 601.140625 1567446122.0444
CHLD 2 601.125000 1567446122.0444
CHLD 3 601.125000 1567446122.0445
CHLD 4 703.816406 1567446122.0446
CHLD 5 667.898438 1567446122.0446
CHLD 6 662.343750 1567446122.0447
CHLD 7 664.539062 1567446122.0447
CHLD 8 674.730469 1567446122.0448
CHLD 9 662.539062 1567446122.0448
CHLD 10 663.445312 1567446122.0449
CHLD 11 690.992188 1567446122.0449
CHLD 12 10.972656 1567446122.0450
CHLD 13 10.972656 1567446122.0450
CHLD 14 10.949219 1567446122.0451
CHLD 15 10.984375 1567446122.0452
CHLD 16 10.941406 1567446122.0452
CHLD 17 10.925781 1567446122.0453
CHLD 18 10.832031 1567446122.0453
CHLD 19 10.835938 1567446122.0454
MEM 708.359375 1567446122.1459
CHLD 0 601.132812 1567446122.1943
CHLD 1 601.140625 1567446122.1943
CHLD 2 601.125000 1567446122.1944
CHLD 3 601.125000 1567446122.1944
CHLD 4 703.816406 1567446122.1945
CHLD 5 667.898438 1567446122.1945
CHLD 6 0.000000 1567446122.1946
CHLD 7 664.539062 1567446122.1946
CHLD 8 674.730469 1567446122.1947
CHLD 9 662.539062 1567446122.1947
CHLD 10 663.445312 1567446122.2046
CHLD 11 690.992188 1567446122.2047
CHLD 12 10.972656 1567446122.2048
CHLD 13 10.972656 1567446122.2048
CHLD 14 10.949219 1567446122.2049
CHLD 15 10.984375 1567446122.2049
CHLD 16 10.941406 1567446122.2050
CHLD 17 10.925781 1567446122.2051
CHLD 18 10.832031 1567446122.2051
CHLD 19 10.835938 1567446122.2052
MEM 708.359375 1567446122.3056
CHLD 0 601.132812 1567446122.3634
CHLD 1 601.140625 1567446122.3635
CHLD 2 601.125000 1567446122.3636
CHLD 3 601.125000 1567446122.3636
CHLD 4 703.816406 1567446122.3637
CHLD 5 667.898438 1567446122.3637
CHLD 6 0.000000 1567446122.3638
CHLD 7 664.539062 1567446122.3639
CHLD 8 674.730469 1567446122.3639
CHLD 9 662.539062 1567446122.3640
CHLD 10 663.445312 1567446122.3640
CHLD 11 690.992188 1567446122.3641
CHLD 12 10.972656 1567446122.3642
CHLD 13 10.972656 1567446122.3642
CHLD 14 10.949219 1567446122.3643
CHLD 15 10.984375 1567446122.3643
CHLD 16 10.941406 1567446122.3644
CHLD 17 10.832031 1567446122.3644
CHLD 18 10.835938 1567446122.3645
MEM 708.359375 1567446122.4649
CHLD 0 601.132812 1567446122.5156
CHLD 1 601.140625 1567446122.5156
CHLD 2 601.125000 1567446122.5157
CHLD 3 601.125000 1567446122.5157
CHLD 4 703.816406 1567446122.5158
CHLD 5 667.898438 1567446122.5158
CHLD 6 0.000000 1567446122.5159
CHLD 7 665.644531 1567446122.5160
CHLD 8 0.000000 1567446122.5160
CHLD 9 0.000000 1567446122.5161
CHLD 10 663.445312 1567446122.5161
CHLD 11 690.992188 1567446122.5162
CHLD 12 10.972656 1567446122.5162
CHLD 13 10.972656 1567446122.5163
CHLD 14 10.949219 1567446122.5163
CHLD 15 10.984375 1567446122.5164
CHLD 16 10.941406 1567446122.5164
CHLD 17 10.832031 1567446122.5165
CHLD 18 10.835938 1567446122.5166
MEM 708.359375 1567446122.6170
CHLD 0 601.132812 1567446122.6332
CHLD 1 601.140625 1567446122.6332
CHLD 2 601.125000 1567446122.6333
CHLD 3 601.125000 1567446122.6333
CHLD 4 703.816406 1567446122.6334
CHLD 5 0.000000 1567446122.6335
CHLD 6 0.000000 1567446122.6335
CHLD 7 0.000000 1567446122.6336
CHLD 8 0.000000 1567446122.6336
CHLD 9 0.000000 1567446122.6337
CHLD 10 663.445312 1567446122.6337
CHLD 11 690.992188 1567446122.6338
CHLD 12 10.972656 1567446122.6338
CHLD 13 10.972656 1567446122.6339
CHLD 14 10.832031 1567446122.6339
CHLD 15 10.835938 1567446122.6339
MEM 708.359375 1567446122.7344
CHLD 0 601.132812 1567446122.7546
CHLD 1 601.140625 1567446122.7547
CHLD 2 601.125000 1567446122.7548
CHLD 3 601.125000 1567446122.7548
CHLD 4 703.816406 1567446122.7549
CHLD 5 0.000000 1567446122.7549
CHLD 6 0.000000 1567446122.7550
CHLD 7 0.000000 1567446122.7551
CHLD 8 0.000000 1567446122.7551
CHLD 9 0.000000 1567446122.7552
CHLD 10 663.445312 1567446122.7552
CHLD 11 690.992188 1567446122.7553
CHLD 12 10.972656 1567446122.7554
CHLD 13 10.972656 1567446122.7554
CHLD 14 10.835938 1567446122.7555
MEM 708.359375 1567446122.8559
CHLD 0 601.132812 1567446122.8759
CHLD 1 601.140625 1567446122.8760
CHLD 2 601.125000 1567446122.8760
CHLD 3 601.125000 1567446122.8761
CHLD 4 703.816406 1567446122.8761
CHLD 5 0.000000 1567446122.8762
CHLD 6 0.000000 1567446122.8762
CHLD 7 0.000000 1567446122.8763
CHLD 8 0.000000 1567446122.8763
CHLD 9 0.000000 1567446122.8764
CHLD 10 0.000000 1567446122.8764
CHLD 11 690.992188 1567446122.8765
CHLD 12 10.972656 1567446122.8765
CHLD 13 10.835938 1567446122.8766
MEM 708.359375 1567446122.9770
CHLD 0 601.132812 1567446122.9918
CHLD 1 601.140625 1567446122.9918
CHLD 2 601.125000 1567446122.9919
CHLD 3 601.125000 1567446122.9920
CHLD 4 704.074219 1567446122.9920
CHLD 5 0.000000 1567446122.9921
CHLD 6 0.000000 1567446122.9921
CHLD 7 0.000000 1567446122.9922
CHLD 8 0.000000 1567446122.9922
CHLD 9 0.000000 1567446122.9923
CHLD 10 0.000000 1567446122.9924
CHLD 11 690.992188 1567446122.9924
CHLD 12 10.972656 1567446122.9925
CHLD 13 10.835938 1567446122.9925
MEM 708.359375 1567446123.0930
CHLD 0 601.132812 1567446123.1095
CHLD 1 601.140625 1567446123.1096
CHLD 2 601.125000 1567446123.1097
CHLD 3 601.125000 1567446123.1097
CHLD 4 704.074219 1567446123.1098
CHLD 5 0.000000 1567446123.1099
CHLD 6 0.000000 1567446123.1099
CHLD 7 0.000000 1567446123.1100
CHLD 8 0.000000 1567446123.1100
CHLD 9 0.000000 1567446123.1101
CHLD 10 0.000000 1567446123.1102
CHLD 11 690.992188 1567446123.1102
CHLD 12 10.972656 1567446123.1103
CHLD 13 10.835938 1567446123.1104
MEM 708.359375 1567446123.2108
CHLD 0 601.132812 1567446123.2265
CHLD 1 601.140625 1567446123.2266
CHLD 2 601.125000 1567446123.2266
CHLD 3 601.125000 1567446123.2267
CHLD 4 704.074219 1567446123.2267
CHLD 5 0.000000 1567446123.2268
CHLD 6 0.000000 1567446123.2269
CHLD 7 0.000000 1567446123.2269
CHLD 8 0.000000 1567446123.2270
CHLD 9 0.000000 1567446123.2286
CHLD 10 0.000000 1567446123.2287
CHLD 11 690.992188 1567446123.2287
CHLD 12 10.972656 1567446123.2288
CHLD 13 10.835938 1567446123.2288
MEM 708.359375 1567446123.3292
CHLD 0 601.132812 1567446123.3433
CHLD 1 601.140625 1567446123.3434
CHLD 2 601.125000 1567446123.3434
CHLD 3 601.125000 1567446123.3435
CHLD 4 704.074219 1567446123.3436
CHLD 5 0.000000 1567446123.3436
CHLD 6 0.000000 1567446123.3437
CHLD 7 0.000000 1567446123.3437
CHLD 8 0.000000 1567446123.3438
CHLD 9 0.000000 1567446123.3438
CHLD 10 0.000000 1567446123.3439
CHLD 11 690.992188 1567446123.3440
CHLD 12 10.972656 1567446123.3440
CHLD 13 10.835938 1567446123.3441
MEM 708.359375 1567446123.4445
CHLD 0 601.132812 1567446123.4587
CHLD 1 601.140625 1567446123.4588
CHLD 2 601.125000 1567446123.4589
CHLD 3 601.125000 1567446123.4589
CHLD 4 0.000000 1567446123.4590
CHLD 5 0.000000 1567446123.4590
CHLD 6 0.000000 1567446123.4591
CHLD 7 0.000000 1567446123.4592
CHLD 8 0.000000 1567446123.4592
CHLD 9 0.000000 1567446123.4593
CHLD 10 0.000000 1567446123.4594
CHLD 11 690.992188 1567446123.4594
CHLD 12 10.972656 1567446123.4595
MEM 708.359375 1567446123.5600
CHLD 0 601.132812 1567446123.5732
CHLD 1 601.140625 1567446123.5732
CHLD 2 601.125000 1567446123.5733
CHLD 3 601.125000 1567446123.5734
CHLD 4 0.000000 1567446123.5734
CHLD 5 0.000000 1567446123.5735
CHLD 6 0.000000 1567446123.5735
CHLD 7 0.000000 1567446123.5735
CHLD 8 0.000000 1567446123.5736
CHLD 9 0.000000 1567446123.5736
CHLD 10 0.000000 1567446123.5736
CHLD 11 690.992188 1567446123.5737
CHLD 12 10.972656 1567446123.5737
MEM 708.378906 1567446123.6741
CHLD 0 601.132812 1567446123.6895
CHLD 1 601.140625 1567446123.6896
CHLD 2 601.125000 1567446123.6897
CHLD 3 601.125000 1567446123.6897
MEM 724.511719 1567446123.7901
CHLD 0 601.132812 1567446123.8046
CHLD 1 601.140625 1567446123.8047
CHLD 2 601.125000 1567446123.8048
CHLD 3 601.125000 1567446123.8048
MEM 725.542969 1567446123.9052
CHLD 0 601.132812 1567446123.9196
CHLD 1 601.140625 1567446123.9197
CHLD 2 601.125000 1567446123.9197
CHLD 3 601.125000 1567446123.9198
MEM 726.070312 1567446124.0202
CHLD 0 601.132812 1567446124.0301
CHLD 1 601.140625 1567446124.0302
CHLD 2 601.125000 1567446124.0302
CHLD 3 601.125000 1567446124.0302
MEM 726.242188 1567446124.1307
MEM 726.242188 1567446124.2394
MEM 725.992188 1567446124.3480
