CMDLINE /home/dn16382/anaconda3/bin/python mnist_example.py
MEM 1.996094 1567448539.0029
MEM 15.562500 1567448539.1113
MEM 27.273438 1567448539.2264
MEM 38.144531 1567448539.3408
MEM 45.042969 1567448539.4539
MEM 67.769531 1567448539.5666
MEM 77.824219 1567448539.6804
MEM 85.125000 1567448539.7940
MEM 142.238281 1567448539.9076
MEM 162.707031 1567448540.0212
MEM 162.960938 1567448540.1355
MEM 173.261719 1567448540.2488
MEM 179.617188 1567448540.3624
MEM 185.835938 1567448540.4745
MEM 194.628906 1567448540.5884
MEM 204.191406 1567448540.7018
MEM 212.656250 1567448540.8151
MEM 216.734375 1567448540.9273
MEM 228.503906 1567448541.0410
MEM 234.714844 1567448541.1546
MEM 251.574219 1567448541.2682
MEM 255.812500 1567448541.3814
MEM 261.964844 1567448541.4959
MEM 263.742188 1567448541.6041
MEM 276.765625 1567448541.7147
MEM 293.523438 1567448541.8231
MEM 322.656250 1567448541.9328
MEM 318.148438 1567448542.0418
MEM 363.140625 1567448542.1534
MEM 526.851562 1567448542.2668
MEM 694.171875 1567448542.3805
MEM 639.347656 1567448542.4941
MEM 684.839844 1567448542.6071
MEM 708.531250 1567448542.7206
CHLD 0 601.113281 1567448542.7370
CHLD 1 601.113281 1567448542.7371
CHLD 2 601.113281 1567448542.7371
CHLD 3 601.113281 1567448542.7372
CHLD 4 605.550781 1567448542.7372
CHLD 5 605.394531 1567448542.7373
MEM 708.546875 1567448542.8377
CHLD 0 601.113281 1567448542.8521
CHLD 1 601.113281 1567448542.8522
CHLD 2 601.113281 1567448542.8522
CHLD 3 601.113281 1567448542.8523
CHLD 4 611.425781 1567448542.8523
CHLD 5 607.058594 1567448542.8524
CHLD 6 605.679688 1567448542.8524
CHLD 7 605.890625 1567448542.8525
CHLD 8 601.218750 1567448542.8525
CHLD 9 601.218750 1567448542.8526
CHLD 10 601.222656 1567448542.8526
CHLD 11 0.007812 1567448542.8527
CHLD 12 6.960938 1567448542.8527
CHLD 13 8.550781 1567448542.8528
MEM 708.824219 1567448542.9532
CHLD 0 0.000000 1567448542.9806
CHLD 1 614.476562 1567448542.9806
CHLD 2 609.007812 1567448542.9807
CHLD 3 607.277344 1567448542.9808
CHLD 4 609.429688 1567448542.9808
CHLD 5 601.218750 1567448542.9809
CHLD 6 601.218750 1567448542.9809
CHLD 7 601.222656 1567448542.9810
CHLD 8 601.226562 1567448542.9811
CHLD 9 8.675781 1567448542.9811
CHLD 10 7.710938 1567448542.9812
CHLD 11 7.921875 1567448542.9812
CHLD 12 9.476562 1567448542.9813
MEM 708.886719 1567448543.0818
MEM 708.941406 1567448543.1956
MEM 708.746094 1567448543.3083
MEM 289.140625 1567448543.4218
