CMDLINE /home/dn16382/anaconda3/bin/python mnist_example.py
MEM 1.925781 1567445324.8971
MEM 17.847656 1567445325.0062
MEM 33.132812 1567445325.1208
MEM 41.351562 1567445325.2290
MEM 60.933594 1567445325.3393
MEM 70.914062 1567445325.4488
MEM 78.992188 1567445325.5569
MEM 119.449219 1567445325.6651
MEM 162.246094 1567445325.7732
MEM 164.976562 1567445325.8819
MEM 169.804688 1567445325.9899
MEM 179.296875 1567445326.0979
MEM 184.468750 1567445326.2061
MEM 192.824219 1567445326.3142
MEM 205.550781 1567445326.4224
MEM 210.652344 1567445326.5305
MEM 216.988281 1567445326.6400
MEM 227.992188 1567445326.7491
MEM 235.351562 1567445326.8605
MEM 249.554688 1567445326.9742
MEM 255.582031 1567445327.0878
MEM 264.894531 1567445327.2006
MEM 269.148438 1567445327.3143
MEM 283.328125 1567445327.4271
MEM 299.828125 1567445327.5402
MEM 336.765625 1567445327.6531
MEM 321.570312 1567445327.7675
MEM 393.894531 1567445327.8803
MEM 548.582031 1567445327.9937
MEM 702.496094 1567445328.1069
MEM 635.789062 1567445328.2202
MEM 688.019531 1567445328.3329
MEM 711.980469 1567445328.4462
CHLD 0 601.093750 1567445328.4559
CHLD 1 601.101562 1567445328.4560
CHLD 2 601.101562 1567445328.4561
CHLD 3 601.101562 1567445328.4561
CHLD 4 605.261719 1567445328.4562
MEM 711.980469 1567445328.5565
CHLD 0 601.093750 1567445328.5649
CHLD 1 601.101562 1567445328.5650
CHLD 2 601.101562 1567445328.5650
CHLD 3 601.101562 1567445328.5650
CHLD 4 618.058594 1567445328.5651
CHLD 5 10.882812 1567445328.5651
MEM 711.980469 1567445328.6655
CHLD 0 601.093750 1567445328.6744
CHLD 1 601.101562 1567445328.6745
CHLD 2 601.101562 1567445328.6745
CHLD 3 601.101562 1567445328.6746
CHLD 4 622.246094 1567445328.6746
CHLD 5 10.882812 1567445328.6746
MEM 711.980469 1567445328.7751
CHLD 0 601.093750 1567445328.7836
CHLD 1 601.101562 1567445328.7837
CHLD 2 601.101562 1567445328.7837
CHLD 3 601.101562 1567445328.7838
CHLD 4 634.656250 1567445328.7838
CHLD 5 10.882812 1567445328.7838
MEM 711.980469 1567445328.8842
CHLD 0 601.093750 1567445328.8926
CHLD 1 601.101562 1567445328.8927
CHLD 2 601.101562 1567445328.8927
CHLD 3 601.101562 1567445328.8928
CHLD 4 638.425781 1567445328.8928
CHLD 5 10.882812 1567445328.8928
MEM 711.980469 1567445328.9932
CHLD 0 601.093750 1567445329.0079
CHLD 1 601.101562 1567445329.0080
CHLD 2 601.101562 1567445329.0081
CHLD 3 601.101562 1567445329.0082
CHLD 4 641.796875 1567445329.0082
CHLD 5 10.882812 1567445329.0083
MEM 711.980469 1567445329.1087
CHLD 0 601.093750 1567445329.1207
CHLD 1 601.101562 1567445329.1208
CHLD 2 601.101562 1567445329.1208
CHLD 3 601.101562 1567445329.1209
CHLD 4 643.878906 1567445329.1210
CHLD 5 10.882812 1567445329.1210
MEM 711.980469 1567445329.2238
CHLD 0 601.093750 1567445329.2371
CHLD 1 601.101562 1567445329.2372
CHLD 2 601.101562 1567445329.2373
CHLD 3 601.101562 1567445329.2373
CHLD 4 656.554688 1567445329.2374
CHLD 5 10.882812 1567445329.2374
MEM 711.980469 1567445329.3386
CHLD 0 601.093750 1567445329.3637
CHLD 1 601.101562 1567445329.3638
CHLD 2 601.101562 1567445329.3638
CHLD 3 601.101562 1567445329.3639
CHLD 4 669.410156 1567445329.3639
CHLD 5 10.882812 1567445329.3640
MEM 711.980469 1567445329.4644
CHLD 0 601.093750 1567445329.4779
CHLD 1 601.101562 1567445329.4779
CHLD 2 601.101562 1567445329.4780
CHLD 3 601.101562 1567445329.4780
CHLD 4 673.250000 1567445329.4781
CHLD 5 10.882812 1567445329.4781
MEM 711.980469 1567445329.5785
CHLD 0 601.093750 1567445329.5904
CHLD 1 601.101562 1567445329.5904
CHLD 2 601.101562 1567445329.5905
CHLD 3 601.101562 1567445329.5905
CHLD 4 674.281250 1567445329.5906
CHLD 5 10.882812 1567445329.5906
MEM 711.980469 1567445329.6909
CHLD 0 601.093750 1567445329.7028
CHLD 1 601.101562 1567445329.7028
CHLD 2 601.101562 1567445329.7029
CHLD 3 601.101562 1567445329.7029
CHLD 4 676.085938 1567445329.7029
CHLD 5 10.882812 1567445329.7030
MEM 711.980469 1567445329.8034
CHLD 0 601.093750 1567445329.8151
CHLD 1 601.101562 1567445329.8152
CHLD 2 601.101562 1567445329.8153
CHLD 3 601.101562 1567445329.8153
CHLD 4 676.085938 1567445329.8154
CHLD 5 10.882812 1567445329.8154
MEM 711.980469 1567445329.9158
CHLD 0 601.093750 1567445329.9267
CHLD 1 601.101562 1567445329.9268
CHLD 2 601.101562 1567445329.9268
CHLD 3 601.101562 1567445329.9269
CHLD 4 676.085938 1567445329.9269
CHLD 5 10.882812 1567445329.9270
MEM 711.980469 1567445330.0274
CHLD 0 601.093750 1567445330.0416
CHLD 1 601.101562 1567445330.0417
CHLD 2 601.101562 1567445330.0417
CHLD 3 601.101562 1567445330.0418
CHLD 4 676.085938 1567445330.0419
CHLD 5 10.882812 1567445330.0419
MEM 711.980469 1567445330.1424
CHLD 0 601.093750 1567445330.1576
CHLD 1 601.101562 1567445330.1576
CHLD 2 601.101562 1567445330.1577
CHLD 3 601.101562 1567445330.1577
CHLD 4 676.859375 1567445330.1578
CHLD 5 10.882812 1567445330.1578
MEM 711.980469 1567445330.2582
CHLD 0 601.093750 1567445330.2731
CHLD 1 601.101562 1567445330.2732
CHLD 2 601.101562 1567445330.2732
CHLD 3 601.101562 1567445330.2732
CHLD 4 676.859375 1567445330.2733
CHLD 5 10.882812 1567445330.2733
MEM 711.980469 1567445330.3737
CHLD 0 601.093750 1567445330.3870
CHLD 1 601.101562 1567445330.3870
CHLD 2 601.101562 1567445330.3871
CHLD 3 601.101562 1567445330.3872
CHLD 4 676.859375 1567445330.3872
CHLD 5 10.882812 1567445330.3873
MEM 711.980469 1567445330.4878
CHLD 0 601.093750 1567445330.5018
CHLD 1 601.101562 1567445330.5018
CHLD 2 601.101562 1567445330.5019
CHLD 3 601.101562 1567445330.5019
CHLD 4 678.148438 1567445330.5019
CHLD 5 10.882812 1567445330.5020
MEM 711.980469 1567445330.6026
CHLD 0 601.093750 1567445330.6141
CHLD 1 601.101562 1567445330.6142
CHLD 2 601.101562 1567445330.6142
CHLD 3 601.101562 1567445330.6143
CHLD 4 678.148438 1567445330.6143
CHLD 5 10.882812 1567445330.6144
MEM 711.980469 1567445330.7148
CHLD 0 601.093750 1567445330.7266
CHLD 1 601.101562 1567445330.7267
CHLD 2 601.101562 1567445330.7267
CHLD 3 601.101562 1567445330.7268
CHLD 4 678.148438 1567445330.7268
CHLD 5 10.882812 1567445330.7269
MEM 711.980469 1567445330.8273
CHLD 0 601.093750 1567445330.8375
CHLD 1 601.101562 1567445330.8376
CHLD 2 601.101562 1567445330.8376
CHLD 3 601.101562 1567445330.8377
CHLD 4 678.148438 1567445330.8377
CHLD 5 10.882812 1567445330.8378
MEM 711.980469 1567445330.9385
CHLD 0 601.093750 1567445330.9510
CHLD 1 601.101562 1567445330.9511
CHLD 2 601.101562 1567445330.9511
CHLD 3 601.101562 1567445330.9512
CHLD 4 678.148438 1567445330.9512
CHLD 5 10.882812 1567445330.9513
MEM 711.980469 1567445331.0517
CHLD 0 601.093750 1567445331.0640
CHLD 1 601.101562 1567445331.0641
CHLD 2 601.101562 1567445331.0642
CHLD 3 601.101562 1567445331.0642
CHLD 4 678.148438 1567445331.0643
CHLD 5 10.882812 1567445331.0643
MEM 711.980469 1567445331.1648
CHLD 0 601.093750 1567445331.1738
CHLD 1 601.101562 1567445331.1738
CHLD 2 601.101562 1567445331.1739
CHLD 3 601.101562 1567445331.1739
CHLD 4 678.148438 1567445331.1739
CHLD 5 10.882812 1567445331.1740
MEM 711.980469 1567445331.2744
CHLD 0 601.093750 1567445331.2875
CHLD 1 601.101562 1567445331.2876
CHLD 2 601.101562 1567445331.2877
CHLD 3 601.101562 1567445331.2877
CHLD 4 678.148438 1567445331.2878
CHLD 5 10.882812 1567445331.2878
MEM 711.980469 1567445331.3883
CHLD 0 601.093750 1567445331.4129
CHLD 1 601.101562 1567445331.4130
CHLD 2 601.101562 1567445331.4137
CHLD 3 601.101562 1567445331.4138
CHLD 4 678.148438 1567445331.4160
CHLD 5 10.882812 1567445331.4161
MEM 711.980469 1567445331.5166
CHLD 0 601.093750 1567445331.5318
CHLD 1 601.101562 1567445331.5318
CHLD 2 601.101562 1567445331.5319
CHLD 3 601.101562 1567445331.5320
CHLD 4 678.148438 1567445331.5320
CHLD 5 10.882812 1567445331.5321
MEM 711.980469 1567445331.6326
CHLD 0 601.093750 1567445331.6445
CHLD 1 601.101562 1567445331.6446
CHLD 2 601.101562 1567445331.6446
CHLD 3 601.101562 1567445331.6447
CHLD 4 678.406250 1567445331.6447
CHLD 5 10.882812 1567445331.6447
MEM 711.980469 1567445331.7451
CHLD 0 601.093750 1567445331.7560
CHLD 1 601.101562 1567445331.7560
CHLD 2 601.101562 1567445331.7560
CHLD 3 601.101562 1567445331.7561
CHLD 4 679.179688 1567445331.7561
CHLD 5 10.882812 1567445331.7562
MEM 711.980469 1567445331.8566
CHLD 0 601.093750 1567445331.8697
CHLD 1 601.101562 1567445331.8698
CHLD 2 601.101562 1567445331.8699
CHLD 3 601.101562 1567445331.8699
CHLD 4 679.437500 1567445331.8700
CHLD 5 10.882812 1567445331.8700
MEM 711.980469 1567445331.9704
CHLD 0 601.093750 1567445331.9854
CHLD 1 601.101562 1567445331.9854
CHLD 2 601.101562 1567445331.9854
CHLD 3 601.101562 1567445331.9855
CHLD 4 679.437500 1567445331.9855
CHLD 5 10.882812 1567445331.9855
MEM 711.980469 1567445332.0860
CHLD 0 601.093750 1567445332.0991
CHLD 1 601.101562 1567445332.0992
CHLD 2 601.101562 1567445332.0992
CHLD 3 601.101562 1567445332.0993
CHLD 4 679.437500 1567445332.0994
CHLD 5 10.882812 1567445332.0994
MEM 711.980469 1567445332.1999
CHLD 0 601.093750 1567445332.2135
CHLD 1 601.101562 1567445332.2136
CHLD 2 601.101562 1567445332.2136
CHLD 3 601.101562 1567445332.2137
CHLD 4 679.437500 1567445332.2137
CHLD 5 10.882812 1567445332.2138
MEM 711.980469 1567445332.3146
CHLD 0 601.093750 1567445332.3288
CHLD 1 601.101562 1567445332.3288
CHLD 2 601.101562 1567445332.3289
CHLD 3 601.101562 1567445332.3289
CHLD 4 679.437500 1567445332.3290
CHLD 5 10.882812 1567445332.3291
MEM 711.980469 1567445332.4295
CHLD 0 601.093750 1567445332.4423
CHLD 1 601.101562 1567445332.4424
CHLD 2 601.101562 1567445332.4424
CHLD 3 601.101562 1567445332.4425
CHLD 4 679.437500 1567445332.4425
CHLD 5 10.882812 1567445332.4426
MEM 711.980469 1567445332.5431
CHLD 0 601.093750 1567445332.5588
CHLD 1 601.101562 1567445332.5589
CHLD 2 601.101562 1567445332.5589
CHLD 3 601.101562 1567445332.5590
CHLD 4 679.695312 1567445332.5590
CHLD 5 10.882812 1567445332.5591
MEM 711.980469 1567445332.6604
CHLD 0 601.093750 1567445332.6722
CHLD 1 601.101562 1567445332.6722
CHLD 2 601.101562 1567445332.6722
CHLD 3 601.101562 1567445332.6723
CHLD 4 679.695312 1567445332.6723
CHLD 5 10.882812 1567445332.6723
MEM 711.980469 1567445332.7728
CHLD 0 601.093750 1567445332.7867
CHLD 1 601.101562 1567445332.7868
CHLD 2 601.101562 1567445332.7869
CHLD 3 601.101562 1567445332.7869
CHLD 4 679.695312 1567445332.7870
CHLD 5 10.882812 1567445332.7870
MEM 711.980469 1567445332.8875
CHLD 0 601.093750 1567445332.9004
CHLD 1 601.101562 1567445332.9004
CHLD 2 601.101562 1567445332.9005
CHLD 3 601.101562 1567445332.9006
CHLD 4 679.695312 1567445332.9006
CHLD 5 10.882812 1567445332.9007
MEM 711.980469 1567445333.0011
CHLD 0 601.093750 1567445333.0139
CHLD 1 601.101562 1567445333.0140
CHLD 2 601.101562 1567445333.0141
CHLD 3 601.101562 1567445333.0141
CHLD 4 679.695312 1567445333.0142
CHLD 5 10.882812 1567445333.0142
MEM 711.980469 1567445333.1146
CHLD 0 601.093750 1567445333.1260
CHLD 1 601.101562 1567445333.1261
CHLD 2 601.101562 1567445333.1262
CHLD 3 601.101562 1567445333.1262
CHLD 4 679.695312 1567445333.1263
CHLD 5 10.882812 1567445333.1263
MEM 711.980469 1567445333.2268
CHLD 0 601.093750 1567445333.2377
CHLD 1 601.101562 1567445333.2377
CHLD 2 601.101562 1567445333.2377
CHLD 3 601.101562 1567445333.2378
CHLD 4 680.210938 1567445333.2378
CHLD 5 10.882812 1567445333.2378
MEM 711.980469 1567445333.3383
CHLD 0 601.093750 1567445333.3560
CHLD 1 601.101562 1567445333.3561
CHLD 2 601.101562 1567445333.3562
CHLD 3 601.101562 1567445333.3562
CHLD 4 680.210938 1567445333.3563
CHLD 5 10.882812 1567445333.3564
MEM 711.980469 1567445333.4568
CHLD 0 601.093750 1567445333.4698
CHLD 1 601.101562 1567445333.4698
CHLD 2 601.101562 1567445333.4699
CHLD 3 601.101562 1567445333.4699
CHLD 4 680.210938 1567445333.4700
CHLD 5 10.882812 1567445333.4700
MEM 711.980469 1567445333.5704
CHLD 0 601.093750 1567445333.5842
CHLD 1 601.101562 1567445333.5843
CHLD 2 601.101562 1567445333.5844
CHLD 3 601.101562 1567445333.5844
CHLD 4 680.210938 1567445333.5845
CHLD 5 10.882812 1567445333.5845
MEM 711.980469 1567445333.6853
CHLD 0 601.093750 1567445333.7060
CHLD 1 601.101562 1567445333.7061
CHLD 2 601.101562 1567445333.7061
CHLD 3 601.101562 1567445333.7062
CHLD 4 680.210938 1567445333.7063
CHLD 5 10.882812 1567445333.7064
MEM 711.980469 1567445333.8069
CHLD 0 601.093750 1567445333.8225
CHLD 1 601.101562 1567445333.8226
CHLD 2 601.101562 1567445333.8227
CHLD 3 601.101562 1567445333.8228
CHLD 4 680.210938 1567445333.8228
CHLD 5 10.882812 1567445333.8229
MEM 711.980469 1567445333.9232
CHLD 0 601.093750 1567445333.9359
CHLD 1 601.101562 1567445333.9360
CHLD 2 601.101562 1567445333.9360
CHLD 3 601.101562 1567445333.9361
CHLD 4 680.210938 1567445333.9361
CHLD 5 10.882812 1567445333.9362
MEM 711.980469 1567445334.0365
CHLD 0 601.093750 1567445334.0487
CHLD 1 601.101562 1567445334.0487
CHLD 2 601.101562 1567445334.0488
CHLD 3 601.101562 1567445334.0488
CHLD 4 680.210938 1567445334.0489
CHLD 5 10.882812 1567445334.0489
MEM 711.980469 1567445334.1494
CHLD 0 601.093750 1567445334.1627
CHLD 1 601.101562 1567445334.1627
CHLD 2 601.101562 1567445334.1628
CHLD 3 601.101562 1567445334.1628
CHLD 4 680.210938 1567445334.1629
CHLD 5 10.882812 1567445334.1630
MEM 711.980469 1567445334.2634
CHLD 0 601.093750 1567445334.2745
CHLD 1 601.101562 1567445334.2745
CHLD 2 601.101562 1567445334.2746
CHLD 3 601.101562 1567445334.2747
CHLD 4 680.210938 1567445334.2747
CHLD 5 10.882812 1567445334.2748
MEM 711.980469 1567445334.3752
CHLD 0 601.093750 1567445334.3891
CHLD 1 601.101562 1567445334.3892
CHLD 2 601.101562 1567445334.3892
CHLD 3 601.101562 1567445334.3892
CHLD 4 680.210938 1567445334.3893
CHLD 5 10.882812 1567445334.3893
MEM 711.980469 1567445334.4897
CHLD 0 601.093750 1567445334.5042
CHLD 1 601.101562 1567445334.5042
CHLD 2 601.101562 1567445334.5043
CHLD 3 601.101562 1567445334.5043
CHLD 4 680.210938 1567445334.5044
CHLD 5 10.882812 1567445334.5045
MEM 711.980469 1567445334.6049
CHLD 0 601.093750 1567445334.6204
CHLD 1 601.101562 1567445334.6204
CHLD 2 601.101562 1567445334.6205
CHLD 3 601.101562 1567445334.6206
CHLD 4 680.210938 1567445334.6206
CHLD 5 10.882812 1567445334.6207
MEM 711.980469 1567445334.7211
CHLD 0 601.093750 1567445334.7359
CHLD 1 601.101562 1567445334.7360
CHLD 2 601.101562 1567445334.7361
CHLD 3 601.101562 1567445334.7361
CHLD 4 680.210938 1567445334.7362
CHLD 5 10.882812 1567445334.7363
MEM 711.980469 1567445334.8367
CHLD 0 601.093750 1567445334.8493
CHLD 1 601.101562 1567445334.8494
CHLD 2 601.101562 1567445334.8494
CHLD 3 601.101562 1567445334.8494
CHLD 4 680.210938 1567445334.8495
CHLD 5 10.882812 1567445334.8495
MEM 711.980469 1567445334.9499
CHLD 0 601.093750 1567445334.9595
CHLD 1 601.101562 1567445334.9596
CHLD 2 601.101562 1567445334.9596
CHLD 3 601.101562 1567445334.9597
CHLD 4 680.210938 1567445334.9597
CHLD 5 10.882812 1567445334.9598
MEM 711.980469 1567445335.0602
CHLD 0 601.093750 1567445335.0745
CHLD 1 601.101562 1567445335.0746
CHLD 2 601.101562 1567445335.0746
CHLD 3 601.101562 1567445335.0747
CHLD 4 680.210938 1567445335.0747
CHLD 5 10.882812 1567445335.0748
MEM 711.980469 1567445335.1751
CHLD 0 601.093750 1567445335.1872
CHLD 1 601.101562 1567445335.1872
CHLD 2 601.101562 1567445335.1873
CHLD 3 601.101562 1567445335.1873
CHLD 4 680.210938 1567445335.1874
CHLD 5 10.882812 1567445335.1874
MEM 711.980469 1567445335.2879
CHLD 0 601.093750 1567445335.3016
CHLD 1 601.101562 1567445335.3017
CHLD 2 601.101562 1567445335.3017
CHLD 3 601.101562 1567445335.3018
CHLD 4 680.210938 1567445335.3018
CHLD 5 10.882812 1567445335.3019
MEM 711.980469 1567445335.4023
CHLD 0 601.093750 1567445335.4114
CHLD 1 601.101562 1567445335.4115
CHLD 2 601.101562 1567445335.4115
CHLD 3 601.101562 1567445335.4116
CHLD 4 680.210938 1567445335.4116
CHLD 5 10.882812 1567445335.4117
MEM 711.980469 1567445335.5121
CHLD 0 601.093750 1567445335.5252
CHLD 1 601.101562 1567445335.5253
CHLD 2 601.101562 1567445335.5253
CHLD 3 601.101562 1567445335.5253
CHLD 4 680.210938 1567445335.5254
CHLD 5 10.882812 1567445335.5254
MEM 711.980469 1567445335.6262
CHLD 0 601.093750 1567445335.6400
CHLD 1 601.101562 1567445335.6401
CHLD 2 601.101562 1567445335.6401
CHLD 3 601.101562 1567445335.6402
CHLD 4 680.210938 1567445335.6402
CHLD 5 10.882812 1567445335.6402
MEM 711.980469 1567445335.7407
CHLD 0 601.093750 1567445335.7548
CHLD 1 601.101562 1567445335.7548
CHLD 2 601.101562 1567445335.7549
CHLD 3 601.101562 1567445335.7550
CHLD 4 680.210938 1567445335.7550
CHLD 5 10.882812 1567445335.7551
MEM 711.980469 1567445335.8555
CHLD 0 601.093750 1567445335.8698
CHLD 1 601.101562 1567445335.8699
CHLD 2 601.101562 1567445335.8699
CHLD 3 601.101562 1567445335.8700
CHLD 4 680.210938 1567445335.8700
CHLD 5 10.882812 1567445335.8701
MEM 711.980469 1567445335.9705
CHLD 0 601.093750 1567445335.9846
CHLD 1 601.101562 1567445335.9846
CHLD 2 601.101562 1567445335.9847
CHLD 3 601.101562 1567445335.9848
CHLD 4 680.210938 1567445335.9848
CHLD 5 10.882812 1567445335.9849
MEM 711.980469 1567445336.0855
CHLD 0 601.093750 1567445336.0949
CHLD 1 601.101562 1567445336.0950
CHLD 2 601.101562 1567445336.0951
CHLD 3 601.101562 1567445336.0951
CHLD 4 680.210938 1567445336.0952
CHLD 5 10.882812 1567445336.0952
MEM 711.980469 1567445336.1957
CHLD 0 601.093750 1567445336.2082
CHLD 1 601.101562 1567445336.2082
CHLD 2 601.101562 1567445336.2083
CHLD 3 601.101562 1567445336.2083
CHLD 4 680.210938 1567445336.2084
CHLD 5 10.882812 1567445336.2085
MEM 711.980469 1567445336.3089
CHLD 0 601.093750 1567445336.3224
CHLD 1 601.101562 1567445336.3225
CHLD 2 601.101562 1567445336.3226
CHLD 3 601.101562 1567445336.3226
CHLD 4 680.210938 1567445336.3227
CHLD 5 10.882812 1567445336.3227
MEM 711.980469 1567445336.4233
CHLD 0 601.093750 1567445336.4440
CHLD 1 601.101562 1567445336.4441
CHLD 2 601.101562 1567445336.4441
CHLD 3 601.101562 1567445336.4442
CHLD 4 680.210938 1567445336.4443
CHLD 5 10.882812 1567445336.4443
MEM 711.980469 1567445336.5447
CHLD 0 601.093750 1567445336.5574
CHLD 1 601.101562 1567445336.5575
CHLD 2 601.101562 1567445336.5575
CHLD 3 601.101562 1567445336.5576
CHLD 4 680.210938 1567445336.5576
CHLD 5 10.882812 1567445336.5577
MEM 711.980469 1567445336.6581
CHLD 0 601.093750 1567445336.6707
CHLD 1 601.101562 1567445336.6708
CHLD 2 601.101562 1567445336.6709
CHLD 3 601.101562 1567445336.6709
CHLD 4 680.210938 1567445336.6709
CHLD 5 10.882812 1567445336.6710
MEM 711.980469 1567445336.7714
CHLD 0 601.093750 1567445336.7861
CHLD 1 601.101562 1567445336.7862
CHLD 2 601.101562 1567445336.7862
CHLD 3 601.101562 1567445336.7864
CHLD 4 680.210938 1567445336.7866
CHLD 5 10.882812 1567445336.7866
MEM 711.980469 1567445336.8871
CHLD 0 601.093750 1567445336.8981
CHLD 1 601.101562 1567445336.8982
CHLD 2 601.101562 1567445336.8983
CHLD 3 601.101562 1567445336.8983
CHLD 4 680.210938 1567445336.8984
CHLD 5 10.882812 1567445336.8984
MEM 711.980469 1567445336.9989
CHLD 0 601.093750 1567445337.0103
CHLD 1 601.101562 1567445337.0103
CHLD 2 601.101562 1567445337.0104
CHLD 3 601.101562 1567445337.0105
CHLD 4 680.210938 1567445337.0105
CHLD 5 10.882812 1567445337.0106
MEM 711.980469 1567445337.1110
CHLD 0 601.093750 1567445337.1262
CHLD 1 601.101562 1567445337.1263
CHLD 2 601.101562 1567445337.1264
CHLD 3 601.101562 1567445337.1264
CHLD 4 680.210938 1567445337.1264
CHLD 5 10.882812 1567445337.1265
MEM 711.980469 1567445337.2269
CHLD 0 601.093750 1567445337.2381
CHLD 1 601.101562 1567445337.2381
CHLD 2 601.101562 1567445337.2382
CHLD 3 601.101562 1567445337.2382
CHLD 4 680.210938 1567445337.2382
CHLD 5 10.882812 1567445337.2383
MEM 711.980469 1567445337.3388
CHLD 0 601.093750 1567445337.3517
CHLD 1 601.101562 1567445337.3518
CHLD 2 601.101562 1567445337.3518
CHLD 3 601.101562 1567445337.3518
CHLD 4 680.210938 1567445337.3519
CHLD 5 10.882812 1567445337.3519
MEM 711.980469 1567445337.4524
CHLD 0 601.093750 1567445337.4646
CHLD 1 601.101562 1567445337.4647
CHLD 2 601.101562 1567445337.4647
CHLD 3 601.101562 1567445337.4647
CHLD 4 680.210938 1567445337.4648
CHLD 5 10.882812 1567445337.4648
MEM 711.980469 1567445337.5652
CHLD 0 601.093750 1567445337.5771
CHLD 1 601.101562 1567445337.5772
CHLD 2 601.101562 1567445337.5772
CHLD 3 601.101562 1567445337.5772
CHLD 4 680.210938 1567445337.5773
CHLD 5 10.882812 1567445337.5773
MEM 711.980469 1567445337.6778
CHLD 0 601.093750 1567445337.6945
CHLD 1 601.101562 1567445337.6946
CHLD 2 601.101562 1567445337.6946
CHLD 3 601.101562 1567445337.6947
CHLD 4 680.210938 1567445337.6947
CHLD 5 10.882812 1567445337.6948
MEM 711.980469 1567445337.7951
CHLD 0 601.093750 1567445337.8082
CHLD 1 601.101562 1567445337.8083
CHLD 2 601.101562 1567445337.8084
CHLD 3 601.101562 1567445337.8084
CHLD 4 680.210938 1567445337.8085
CHLD 5 10.882812 1567445337.8085
MEM 711.980469 1567445337.9090
CHLD 0 601.093750 1567445337.9234
CHLD 1 601.101562 1567445337.9235
CHLD 2 601.101562 1567445337.9235
CHLD 3 601.101562 1567445337.9236
CHLD 4 680.210938 1567445337.9237
CHLD 5 10.882812 1567445337.9237
MEM 711.980469 1567445338.0241
CHLD 0 601.093750 1567445338.0386
CHLD 1 601.101562 1567445338.0387
CHLD 2 601.101562 1567445338.0387
CHLD 3 601.101562 1567445338.0387
CHLD 4 680.210938 1567445338.0388
CHLD 5 10.882812 1567445338.0388
MEM 711.980469 1567445338.1392
CHLD 0 601.093750 1567445338.1724
CHLD 1 601.101562 1567445338.1725
CHLD 2 601.101562 1567445338.1739
CHLD 3 601.101562 1567445338.1741
CHLD 4 680.210938 1567445338.1741
CHLD 5 10.882812 1567445338.1742
MEM 711.980469 1567445338.2749
CHLD 0 601.093750 1567445338.2908
CHLD 1 601.101562 1567445338.2909
CHLD 2 601.101562 1567445338.2910
CHLD 3 601.101562 1567445338.2910
CHLD 4 680.210938 1567445338.2911
CHLD 5 10.882812 1567445338.2911
MEM 711.992188 1567445338.3916
CHLD 0 601.093750 1567445338.4049
CHLD 1 601.101562 1567445338.4050
CHLD 2 601.101562 1567445338.4050
CHLD 3 601.101562 1567445338.4051
CHLD 4 680.210938 1567445338.4052
CHLD 5 10.882812 1567445338.4052
MEM 711.992188 1567445338.5057
CHLD 0 601.093750 1567445338.5176
CHLD 1 601.101562 1567445338.5177
CHLD 2 601.101562 1567445338.5177
CHLD 3 601.101562 1567445338.5178
CHLD 4 680.210938 1567445338.5178
CHLD 5 10.882812 1567445338.5179
MEM 711.992188 1567445338.6184
CHLD 0 601.093750 1567445338.6310
CHLD 1 601.101562 1567445338.6311
CHLD 2 601.101562 1567445338.6311
CHLD 3 601.101562 1567445338.6312
CHLD 4 680.343750 1567445338.6313
CHLD 5 10.882812 1567445338.6313
MEM 711.992188 1567445338.7318
CHLD 0 601.093750 1567445338.7451
CHLD 1 601.101562 1567445338.7451
CHLD 2 601.101562 1567445338.7452
CHLD 3 601.101562 1567445338.7453
CHLD 4 680.343750 1567445338.7453
CHLD 5 10.882812 1567445338.7454
MEM 711.992188 1567445338.8459
CHLD 0 601.093750 1567445338.8589
CHLD 1 601.101562 1567445338.8590
CHLD 2 601.101562 1567445338.8591
CHLD 3 601.101562 1567445338.8591
CHLD 4 680.343750 1567445338.8591
CHLD 5 10.882812 1567445338.8592
MEM 711.992188 1567445338.9595
CHLD 0 601.093750 1567445338.9721
CHLD 1 601.101562 1567445338.9721
CHLD 2 601.101562 1567445338.9722
CHLD 3 601.101562 1567445338.9723
CHLD 4 680.343750 1567445338.9723
CHLD 5 10.882812 1567445338.9724
MEM 711.992188 1567445339.0728
CHLD 0 601.093750 1567445339.0865
CHLD 1 601.101562 1567445339.0866
CHLD 2 601.101562 1567445339.0866
CHLD 3 601.101562 1567445339.0867
CHLD 4 680.343750 1567445339.0868
CHLD 5 10.882812 1567445339.0868
MEM 711.992188 1567445339.1872
CHLD 0 601.093750 1567445339.2008
CHLD 1 601.101562 1567445339.2009
CHLD 2 601.101562 1567445339.2009
CHLD 3 601.101562 1567445339.2010
CHLD 4 680.343750 1567445339.2010
CHLD 5 10.882812 1567445339.2011
MEM 711.992188 1567445339.3015
CHLD 0 601.093750 1567445339.3100
CHLD 1 601.101562 1567445339.3100
CHLD 2 601.101562 1567445339.3100
CHLD 3 601.101562 1567445339.3101
CHLD 4 680.347656 1567445339.3101
CHLD 5 10.882812 1567445339.3101
MEM 711.992188 1567445339.4106
CHLD 0 601.093750 1567445339.4240
CHLD 1 601.101562 1567445339.4241
CHLD 2 601.101562 1567445339.4241
CHLD 3 601.101562 1567445339.4242
CHLD 4 680.429688 1567445339.4242
CHLD 5 10.882812 1567445339.4242
MEM 711.992188 1567445339.5247
CHLD 0 601.093750 1567445339.5385
CHLD 1 601.101562 1567445339.5385
CHLD 2 601.101562 1567445339.5386
CHLD 3 601.101562 1567445339.5386
CHLD 4 680.429688 1567445339.5387
CHLD 5 10.882812 1567445339.5387
MEM 711.992188 1567445339.6391
CHLD 0 601.093750 1567445339.6539
CHLD 1 601.101562 1567445339.6540
CHLD 2 601.101562 1567445339.6541
CHLD 3 601.101562 1567445339.6541
CHLD 4 680.429688 1567445339.6542
CHLD 5 10.882812 1567445339.6542
MEM 711.992188 1567445339.7545
CHLD 0 601.093750 1567445339.7678
CHLD 1 601.101562 1567445339.7679
CHLD 2 601.101562 1567445339.7679
CHLD 3 601.101562 1567445339.7680
CHLD 4 680.429688 1567445339.7681
CHLD 5 10.882812 1567445339.7681
MEM 711.992188 1567445339.8686
CHLD 0 601.093750 1567445339.8830
CHLD 1 601.101562 1567445339.8831
CHLD 2 601.101562 1567445339.8831
CHLD 3 601.101562 1567445339.8832
CHLD 4 680.429688 1567445339.8832
CHLD 5 10.882812 1567445339.8833
MEM 712.000000 1567445339.9837
CHLD 0 601.093750 1567445339.9974
CHLD 1 601.101562 1567445339.9975
CHLD 2 601.101562 1567445339.9976
CHLD 3 601.101562 1567445339.9977
MEM 712.011719 1567445340.0980
CHLD 0 601.093750 1567445340.1078
CHLD 1 601.101562 1567445340.1079
CHLD 2 601.101562 1567445340.1079
CHLD 3 601.101562 1567445340.1080
CHLD 4 615.824219 1567445340.1092
CHLD 5 10.894531 1567445340.1093
MEM 712.011719 1567445340.2097
CHLD 0 601.093750 1567445340.2180
CHLD 1 601.101562 1567445340.2180
CHLD 2 601.101562 1567445340.2181
CHLD 3 601.101562 1567445340.2181
CHLD 4 619.605469 1567445340.2181
CHLD 5 10.894531 1567445340.2182
MEM 712.011719 1567445340.3185
CHLD 0 601.093750 1567445340.3269
CHLD 1 601.101562 1567445340.3270
CHLD 2 601.101562 1567445340.3270
CHLD 3 601.101562 1567445340.3270
CHLD 4 633.203125 1567445340.3271
CHLD 5 10.894531 1567445340.3271
MEM 712.011719 1567445340.4275
CHLD 0 601.093750 1567445340.4427
CHLD 1 601.101562 1567445340.4428
CHLD 2 601.101562 1567445340.4429
CHLD 3 601.101562 1567445340.4430
CHLD 4 636.050781 1567445340.4431
CHLD 5 10.894531 1567445340.4431
MEM 712.011719 1567445340.5435
CHLD 0 601.093750 1567445340.5562
CHLD 1 601.101562 1567445340.5563
CHLD 2 601.101562 1567445340.5564
CHLD 3 601.101562 1567445340.5564
CHLD 4 641.062500 1567445340.5565
CHLD 5 10.894531 1567445340.5565
MEM 712.011719 1567445340.6569
CHLD 0 601.093750 1567445340.6713
CHLD 1 601.101562 1567445340.6714
CHLD 2 601.101562 1567445340.6714
CHLD 3 601.101562 1567445340.6715
CHLD 4 642.390625 1567445340.6715
CHLD 5 10.894531 1567445340.6716
MEM 712.011719 1567445340.7720
CHLD 0 601.093750 1567445340.7804
CHLD 1 601.101562 1567445340.7804
CHLD 2 601.101562 1567445340.7805
CHLD 3 601.101562 1567445340.7805
CHLD 4 643.453125 1567445340.7805
CHLD 5 10.894531 1567445340.7806
MEM 712.011719 1567445340.8809
CHLD 0 601.093750 1567445340.8893
CHLD 1 601.101562 1567445340.8894
CHLD 2 601.101562 1567445340.8894
CHLD 3 601.101562 1567445340.8894
CHLD 4 652.355469 1567445340.8895
CHLD 5 10.894531 1567445340.8895
MEM 712.011719 1567445340.9899
CHLD 0 601.093750 1567445340.9999
CHLD 1 601.101562 1567445341.0000
CHLD 2 601.101562 1567445341.0000
CHLD 3 601.101562 1567445341.0000
CHLD 4 658.718750 1567445341.0001
CHLD 5 10.894531 1567445341.0001
MEM 712.011719 1567445341.1005
CHLD 0 601.093750 1567445341.1092
CHLD 1 601.101562 1567445341.1092
CHLD 2 601.101562 1567445341.1093
CHLD 3 601.101562 1567445341.1093
CHLD 4 661.171875 1567445341.1093
CHLD 5 10.894531 1567445341.1094
MEM 712.011719 1567445341.2098
CHLD 0 601.093750 1567445341.2225
CHLD 1 601.101562 1567445341.2225
CHLD 2 601.101562 1567445341.2226
CHLD 3 601.101562 1567445341.2227
CHLD 4 682.132812 1567445341.2228
CHLD 5 10.894531 1567445341.2228
MEM 712.011719 1567445341.3233
CHLD 0 601.093750 1567445341.3387
CHLD 1 601.101562 1567445341.3388
CHLD 2 601.101562 1567445341.3388
CHLD 3 601.101562 1567445341.3389
CHLD 4 683.937500 1567445341.3389
CHLD 5 10.894531 1567445341.3390
MEM 712.011719 1567445341.4394
CHLD 0 601.093750 1567445341.4522
CHLD 1 601.101562 1567445341.4523
CHLD 2 601.101562 1567445341.4523
CHLD 3 601.101562 1567445341.4524
CHLD 4 685.742188 1567445341.4525
CHLD 5 10.894531 1567445341.4525
MEM 712.011719 1567445341.5530
CHLD 0 601.093750 1567445341.5646
CHLD 1 601.101562 1567445341.5647
CHLD 2 601.101562 1567445341.5648
CHLD 3 601.101562 1567445341.5648
CHLD 4 685.742188 1567445341.5649
CHLD 5 10.894531 1567445341.5650
MEM 712.011719 1567445341.6654
CHLD 0 601.093750 1567445341.6783
CHLD 1 601.101562 1567445341.6784
CHLD 2 601.101562 1567445341.6784
CHLD 3 601.101562 1567445341.6785
CHLD 4 687.804688 1567445341.6785
CHLD 5 10.894531 1567445341.6786
MEM 712.011719 1567445341.7790
CHLD 0 601.093750 1567445341.7936
CHLD 1 601.101562 1567445341.7936
CHLD 2 601.101562 1567445341.7937
CHLD 3 601.101562 1567445341.7938
CHLD 4 689.351562 1567445341.7938
CHLD 5 10.894531 1567445341.7939
MEM 712.011719 1567445341.8942
CHLD 0 601.093750 1567445341.9071
CHLD 1 601.101562 1567445341.9071
CHLD 2 601.101562 1567445341.9072
CHLD 3 601.101562 1567445341.9072
CHLD 4 689.351562 1567445341.9073
CHLD 5 10.894531 1567445341.9073
MEM 712.011719 1567445342.0077
CHLD 0 601.093750 1567445342.0218
CHLD 1 601.101562 1567445342.0218
CHLD 2 601.101562 1567445342.0219
CHLD 3 601.101562 1567445342.0220
CHLD 4 690.640625 1567445342.0220
CHLD 5 10.894531 1567445342.0221
MEM 712.011719 1567445342.1226
CHLD 0 601.093750 1567445342.1351
CHLD 1 601.101562 1567445342.1352
CHLD 2 601.101562 1567445342.1352
CHLD 3 601.101562 1567445342.1353
CHLD 4 690.640625 1567445342.1353
CHLD 5 10.894531 1567445342.1353
MEM 712.011719 1567445342.2360
CHLD 0 601.093750 1567445342.2506
CHLD 1 601.101562 1567445342.2507
CHLD 2 601.101562 1567445342.2507
CHLD 3 601.101562 1567445342.2508
CHLD 4 690.640625 1567445342.2508
CHLD 5 10.894531 1567445342.2509
MEM 712.011719 1567445342.3513
CHLD 0 601.093750 1567445342.3640
CHLD 1 601.101562 1567445342.3640
CHLD 2 601.101562 1567445342.3640
CHLD 3 601.101562 1567445342.3641
CHLD 4 690.640625 1567445342.3641
CHLD 5 10.894531 1567445342.3641
MEM 712.011719 1567445342.4645
CHLD 0 601.093750 1567445342.4761
CHLD 1 601.101562 1567445342.4761
CHLD 2 601.101562 1567445342.4762
CHLD 3 601.101562 1567445342.4762
CHLD 4 691.671875 1567445342.4762
CHLD 5 10.894531 1567445342.4763
MEM 712.011719 1567445342.5768
CHLD 0 601.093750 1567445342.5897
CHLD 1 601.101562 1567445342.5897
CHLD 2 601.101562 1567445342.5898
CHLD 3 601.101562 1567445342.5899
CHLD 4 691.671875 1567445342.5899
CHLD 5 10.894531 1567445342.5900
MEM 712.011719 1567445342.6904
CHLD 0 601.093750 1567445342.7036
CHLD 1 601.101562 1567445342.7036
CHLD 2 601.101562 1567445342.7037
CHLD 3 601.101562 1567445342.7038
CHLD 4 691.671875 1567445342.7038
CHLD 5 10.894531 1567445342.7039
MEM 712.011719 1567445342.8044
CHLD 0 601.093750 1567445342.8208
CHLD 1 601.101562 1567445342.8209
CHLD 2 601.101562 1567445342.8210
CHLD 3 601.101562 1567445342.8210
CHLD 4 691.671875 1567445342.8211
CHLD 5 10.894531 1567445342.8211
MEM 712.011719 1567445342.9215
CHLD 0 601.093750 1567445342.9351
CHLD 1 601.101562 1567445342.9351
CHLD 2 601.101562 1567445342.9352
CHLD 3 601.101562 1567445342.9353
CHLD 4 691.671875 1567445342.9353
CHLD 5 10.894531 1567445342.9354
MEM 712.011719 1567445343.0358
CHLD 0 601.093750 1567445343.0502
CHLD 1 601.101562 1567445343.0503
CHLD 2 601.101562 1567445343.0504
CHLD 3 601.101562 1567445343.0504
CHLD 4 691.671875 1567445343.0505
CHLD 5 10.894531 1567445343.0506
MEM 712.011719 1567445343.1510
CHLD 0 601.093750 1567445343.1642
CHLD 1 601.101562 1567445343.1643
CHLD 2 601.101562 1567445343.1644
CHLD 3 601.101562 1567445343.1644
CHLD 4 691.671875 1567445343.1645
CHLD 5 10.894531 1567445343.1646
MEM 712.011719 1567445343.2650
CHLD 0 601.093750 1567445343.2772
CHLD 1 601.101562 1567445343.2773
CHLD 2 601.101562 1567445343.2773
CHLD 3 601.101562 1567445343.2774
CHLD 4 691.671875 1567445343.2774
CHLD 5 10.894531 1567445343.2775
MEM 712.011719 1567445343.3780
CHLD 0 601.093750 1567445343.3903
CHLD 1 601.101562 1567445343.3903
CHLD 2 601.101562 1567445343.3904
CHLD 3 601.101562 1567445343.3905
CHLD 4 691.929688 1567445343.3906
CHLD 5 10.894531 1567445343.3906
MEM 712.011719 1567445343.4911
CHLD 0 601.093750 1567445343.5044
CHLD 1 601.101562 1567445343.5045
CHLD 2 601.101562 1567445343.5045
CHLD 3 601.101562 1567445343.5046
CHLD 4 691.929688 1567445343.5047
CHLD 5 10.894531 1567445343.5047
MEM 712.011719 1567445343.6052
CHLD 0 601.093750 1567445343.6180
CHLD 1 601.101562 1567445343.6181
CHLD 2 601.101562 1567445343.6186
CHLD 3 601.101562 1567445343.6187
CHLD 4 691.929688 1567445343.6187
CHLD 5 10.894531 1567445343.6188
MEM 712.011719 1567445343.7193
CHLD 0 601.093750 1567445343.7327
CHLD 1 601.101562 1567445343.7327
CHLD 2 601.101562 1567445343.7328
CHLD 3 601.101562 1567445343.7328
CHLD 4 691.929688 1567445343.7329
CHLD 5 10.894531 1567445343.7329
MEM 712.011719 1567445343.8335
CHLD 0 601.093750 1567445343.8460
CHLD 1 601.101562 1567445343.8461
CHLD 2 601.101562 1567445343.8462
CHLD 3 601.101562 1567445343.8462
CHLD 4 692.960938 1567445343.8463
CHLD 5 10.894531 1567445343.8464
MEM 712.011719 1567445343.9468
CHLD 0 601.093750 1567445343.9586
CHLD 1 601.101562 1567445343.9587
CHLD 2 601.101562 1567445343.9587
CHLD 3 601.101562 1567445343.9588
CHLD 4 692.960938 1567445343.9588
CHLD 5 10.894531 1567445343.9589
MEM 712.011719 1567445344.0592
CHLD 0 601.093750 1567445344.0716
CHLD 1 601.101562 1567445344.0716
CHLD 2 601.101562 1567445344.0717
CHLD 3 601.101562 1567445344.0717
CHLD 4 692.960938 1567445344.0717
CHLD 5 10.894531 1567445344.0718
MEM 712.011719 1567445344.1722
CHLD 0 601.093750 1567445344.1857
CHLD 1 601.101562 1567445344.1858
CHLD 2 601.101562 1567445344.1858
CHLD 3 601.101562 1567445344.1858
CHLD 4 692.960938 1567445344.1859
CHLD 5 10.894531 1567445344.1859
MEM 712.011719 1567445344.2864
CHLD 0 601.093750 1567445344.2990
CHLD 1 601.101562 1567445344.2991
CHLD 2 601.101562 1567445344.2992
CHLD 3 601.101562 1567445344.2992
CHLD 4 692.960938 1567445344.2993
CHLD 5 10.894531 1567445344.2993
MEM 712.011719 1567445344.3998
CHLD 0 601.093750 1567445344.4140
CHLD 1 601.101562 1567445344.4141
CHLD 2 601.101562 1567445344.4141
CHLD 3 601.101562 1567445344.4141
CHLD 4 693.218750 1567445344.4142
CHLD 5 10.894531 1567445344.4142
MEM 712.011719 1567445344.5146
CHLD 0 601.093750 1567445344.5276
CHLD 1 601.101562 1567445344.5276
CHLD 2 601.101562 1567445344.5277
CHLD 3 601.101562 1567445344.5277
CHLD 4 693.218750 1567445344.5277
CHLD 5 10.894531 1567445344.5278
MEM 712.011719 1567445344.6282
CHLD 0 601.093750 1567445344.6402
CHLD 1 601.101562 1567445344.6403
CHLD 2 601.101562 1567445344.6403
CHLD 3 601.101562 1567445344.6404
CHLD 4 693.218750 1567445344.6405
CHLD 5 10.894531 1567445344.6406
MEM 712.011719 1567445344.7410
CHLD 0 601.093750 1567445344.7526
CHLD 1 601.101562 1567445344.7527
CHLD 2 601.101562 1567445344.7528
CHLD 3 601.101562 1567445344.7529
CHLD 4 693.218750 1567445344.7529
CHLD 5 10.894531 1567445344.7530
MEM 712.011719 1567445344.8534
CHLD 0 601.093750 1567445344.8649
CHLD 1 601.101562 1567445344.8650
CHLD 2 601.101562 1567445344.8651
CHLD 3 601.101562 1567445344.8651
CHLD 4 694.250000 1567445344.8652
CHLD 5 10.894531 1567445344.8652
MEM 712.011719 1567445344.9657
CHLD 0 601.093750 1567445344.9915
CHLD 1 601.101562 1567445344.9916
CHLD 2 601.101562 1567445344.9917
CHLD 3 601.101562 1567445344.9917
CHLD 4 694.250000 1567445344.9918
CHLD 5 10.894531 1567445344.9919
MEM 712.011719 1567445345.0924
CHLD 0 601.093750 1567445345.1077
CHLD 1 601.101562 1567445345.1078
CHLD 2 601.101562 1567445345.1079
CHLD 3 601.101562 1567445345.1079
CHLD 4 694.250000 1567445345.1080
CHLD 5 10.894531 1567445345.1081
MEM 712.011719 1567445345.2086
CHLD 0 601.093750 1567445345.2240
CHLD 1 601.101562 1567445345.2241
CHLD 2 601.101562 1567445345.2241
CHLD 3 601.101562 1567445345.2242
CHLD 4 694.250000 1567445345.2243
CHLD 5 10.894531 1567445345.2243
MEM 712.011719 1567445345.3248
CHLD 0 601.093750 1567445345.3378
CHLD 1 601.101562 1567445345.3379
CHLD 2 601.101562 1567445345.3379
CHLD 3 601.101562 1567445345.3380
CHLD 4 694.250000 1567445345.3380
CHLD 5 10.894531 1567445345.3381
MEM 712.011719 1567445345.4386
CHLD 0 601.093750 1567445345.4495
CHLD 1 601.101562 1567445345.4496
CHLD 2 601.101562 1567445345.4496
CHLD 3 601.101562 1567445345.4497
CHLD 4 694.250000 1567445345.4498
CHLD 5 10.894531 1567445345.4498
MEM 712.011719 1567445345.5504
CHLD 0 601.093750 1567445345.5631
CHLD 1 601.101562 1567445345.5631
CHLD 2 601.101562 1567445345.5632
CHLD 3 601.101562 1567445345.5632
CHLD 4 694.250000 1567445345.5633
CHLD 5 10.894531 1567445345.5633
MEM 712.011719 1567445345.6636
CHLD 0 601.093750 1567445345.6765
CHLD 1 601.101562 1567445345.6766
CHLD 2 601.101562 1567445345.6767
CHLD 3 601.101562 1567445345.6767
CHLD 4 695.023438 1567445345.6767
CHLD 5 10.894531 1567445345.6768
MEM 712.011719 1567445345.7772
CHLD 0 601.093750 1567445345.7897
CHLD 1 601.101562 1567445345.7898
CHLD 2 601.101562 1567445345.7898
CHLD 3 601.101562 1567445345.7898
CHLD 4 695.023438 1567445345.7899
CHLD 5 10.894531 1567445345.7899
MEM 712.011719 1567445345.8904
CHLD 0 601.093750 1567445345.9005
CHLD 1 601.101562 1567445345.9005
CHLD 2 601.101562 1567445345.9006
CHLD 3 601.101562 1567445345.9006
CHLD 4 695.023438 1567445345.9007
CHLD 5 10.894531 1567445345.9007
MEM 712.011719 1567445346.0011
CHLD 0 601.093750 1567445346.0149
CHLD 1 601.101562 1567445346.0149
CHLD 2 601.101562 1567445346.0150
CHLD 3 601.101562 1567445346.0150
CHLD 4 695.023438 1567445346.0150
CHLD 5 10.894531 1567445346.0151
MEM 712.011719 1567445346.1154
CHLD 0 601.093750 1567445346.1305
CHLD 1 601.101562 1567445346.1306
CHLD 2 601.101562 1567445346.1307
CHLD 3 601.101562 1567445346.1307
CHLD 4 695.023438 1567445346.1308
CHLD 5 10.894531 1567445346.1308
MEM 712.011719 1567445346.2313
CHLD 0 601.093750 1567445346.2441
CHLD 1 601.101562 1567445346.2442
CHLD 2 601.101562 1567445346.2443
CHLD 3 601.101562 1567445346.2443
CHLD 4 695.023438 1567445346.2444
CHLD 5 10.894531 1567445346.2444
MEM 712.011719 1567445346.3449
CHLD 0 601.093750 1567445346.3595
CHLD 1 601.101562 1567445346.3596
CHLD 2 601.101562 1567445346.3596
CHLD 3 601.101562 1567445346.3597
CHLD 4 695.023438 1567445346.3597
CHLD 5 10.894531 1567445346.3598
MEM 712.011719 1567445346.4601
CHLD 0 601.093750 1567445346.4725
CHLD 1 601.101562 1567445346.4725
CHLD 2 601.101562 1567445346.4726
CHLD 3 601.101562 1567445346.4727
CHLD 4 695.023438 1567445346.4727
CHLD 5 10.894531 1567445346.4728
MEM 712.011719 1567445346.5732
CHLD 0 601.093750 1567445346.5882
CHLD 1 601.101562 1567445346.5883
CHLD 2 601.101562 1567445346.5883
CHLD 3 601.101562 1567445346.5884
CHLD 4 695.023438 1567445346.5884
CHLD 5 10.894531 1567445346.5885
MEM 712.011719 1567445346.6889
CHLD 0 601.093750 1567445346.7020
CHLD 1 601.101562 1567445346.7020
CHLD 2 601.101562 1567445346.7021
CHLD 3 601.101562 1567445346.7021
CHLD 4 695.023438 1567445346.7021
CHLD 5 10.894531 1567445346.7022
MEM 712.011719 1567445346.8026
CHLD 0 601.093750 1567445346.8154
CHLD 1 601.101562 1567445346.8155
CHLD 2 601.101562 1567445346.8156
CHLD 3 601.101562 1567445346.8156
CHLD 4 695.023438 1567445346.8157
CHLD 5 10.894531 1567445346.8158
MEM 712.011719 1567445346.9162
CHLD 0 601.093750 1567445346.9288
CHLD 1 601.101562 1567445346.9289
CHLD 2 601.101562 1567445346.9290
CHLD 3 601.101562 1567445346.9290
CHLD 4 695.023438 1567445346.9291
CHLD 5 10.894531 1567445346.9292
MEM 712.011719 1567445347.0296
CHLD 0 601.093750 1567445347.0423
CHLD 1 601.101562 1567445347.0424
CHLD 2 601.101562 1567445347.0424
CHLD 3 601.101562 1567445347.0425
CHLD 4 695.023438 1567445347.0425
CHLD 5 10.894531 1567445347.0426
MEM 712.011719 1567445347.1431
CHLD 0 601.093750 1567445347.1561
CHLD 1 601.101562 1567445347.1562
CHLD 2 601.101562 1567445347.1562
CHLD 3 601.101562 1567445347.1563
CHLD 4 695.023438 1567445347.1563
CHLD 5 10.894531 1567445347.1564
MEM 712.011719 1567445347.2666
CHLD 0 601.093750 1567445347.3076
CHLD 1 601.101562 1567445347.3076
CHLD 2 601.101562 1567445347.3077
CHLD 3 601.101562 1567445347.3077
CHLD 4 695.023438 1567445347.3077
CHLD 5 10.894531 1567445347.3078
MEM 712.011719 1567445347.4082
CHLD 0 601.093750 1567445347.4301
CHLD 1 601.101562 1567445347.4302
CHLD 2 601.101562 1567445347.4303
CHLD 3 601.101562 1567445347.4304
CHLD 4 695.023438 1567445347.4305
CHLD 5 10.894531 1567445347.4305
MEM 712.011719 1567445347.5311
CHLD 0 601.093750 1567445347.5429
CHLD 1 601.101562 1567445347.5429
CHLD 2 601.101562 1567445347.5430
CHLD 3 601.101562 1567445347.5431
CHLD 4 695.023438 1567445347.5431
CHLD 5 10.894531 1567445347.5432
MEM 712.011719 1567445347.6437
CHLD 0 601.093750 1567445347.6551
CHLD 1 601.101562 1567445347.6552
CHLD 2 601.101562 1567445347.6552
CHLD 3 601.101562 1567445347.6553
CHLD 4 695.023438 1567445347.6553
CHLD 5 10.894531 1567445347.6554
MEM 712.011719 1567445347.7558
CHLD 0 601.093750 1567445347.7692
CHLD 1 601.101562 1567445347.7692
CHLD 2 601.101562 1567445347.7693
CHLD 3 601.101562 1567445347.7693
CHLD 4 695.023438 1567445347.7694
CHLD 5 10.894531 1567445347.7694
MEM 712.011719 1567445347.8699
CHLD 0 601.093750 1567445347.8834
CHLD 1 601.101562 1567445347.8835
CHLD 2 601.101562 1567445347.8835
CHLD 3 601.101562 1567445347.8836
CHLD 4 695.023438 1567445347.8836
CHLD 5 10.894531 1567445347.8837
MEM 712.011719 1567445347.9841
CHLD 0 601.093750 1567445347.9954
CHLD 1 601.101562 1567445347.9954
CHLD 2 601.101562 1567445347.9955
CHLD 3 601.101562 1567445347.9955
CHLD 4 695.023438 1567445347.9955
CHLD 5 10.894531 1567445347.9956
MEM 712.011719 1567445348.0961
CHLD 0 601.093750 1567445348.1084
CHLD 1 601.101562 1567445348.1085
CHLD 2 601.101562 1567445348.1085
CHLD 3 601.101562 1567445348.1086
CHLD 4 695.023438 1567445348.1086
CHLD 5 10.894531 1567445348.1086
MEM 712.011719 1567445348.2097
CHLD 0 601.093750 1567445348.2215
CHLD 1 601.101562 1567445348.2216
CHLD 2 601.101562 1567445348.2216
CHLD 3 601.101562 1567445348.2217
CHLD 4 695.023438 1567445348.2218
CHLD 5 10.894531 1567445348.2218
MEM 712.011719 1567445348.3223
CHLD 0 601.093750 1567445348.3341
CHLD 1 601.101562 1567445348.3342
CHLD 2 601.101562 1567445348.3342
CHLD 3 601.101562 1567445348.3343
CHLD 4 695.023438 1567445348.3344
CHLD 5 10.894531 1567445348.3344
MEM 712.011719 1567445348.4348
CHLD 0 601.093750 1567445348.4474
CHLD 1 601.101562 1567445348.4474
CHLD 2 601.101562 1567445348.4475
CHLD 3 601.101562 1567445348.4476
CHLD 4 695.023438 1567445348.4476
CHLD 5 10.894531 1567445348.4477
MEM 712.011719 1567445348.5482
CHLD 0 601.093750 1567445348.5621
CHLD 1 601.101562 1567445348.5621
CHLD 2 601.101562 1567445348.5622
CHLD 3 601.101562 1567445348.5622
CHLD 4 695.023438 1567445348.5622
CHLD 5 10.894531 1567445348.5623
MEM 712.011719 1567445348.6627
CHLD 0 601.093750 1567445348.6762
CHLD 1 601.101562 1567445348.6762
CHLD 2 601.101562 1567445348.6763
CHLD 3 601.101562 1567445348.6763
CHLD 4 695.023438 1567445348.6764
CHLD 5 10.894531 1567445348.6765
MEM 712.011719 1567445348.7769
CHLD 0 601.093750 1567445348.7908
CHLD 1 601.101562 1567445348.7909
CHLD 2 601.101562 1567445348.7909
CHLD 3 601.101562 1567445348.7910
CHLD 4 695.023438 1567445348.7910
CHLD 5 10.894531 1567445348.7910
MEM 712.011719 1567445348.8914
CHLD 0 601.093750 1567445348.9077
CHLD 1 601.101562 1567445348.9077
CHLD 2 601.101562 1567445348.9078
CHLD 3 601.101562 1567445348.9078
CHLD 4 695.023438 1567445348.9079
CHLD 5 10.894531 1567445348.9080
MEM 712.011719 1567445349.0084
CHLD 0 601.093750 1567445349.0219
CHLD 1 601.101562 1567445349.0220
CHLD 2 601.101562 1567445349.0221
CHLD 3 601.101562 1567445349.0221
CHLD 4 695.023438 1567445349.0222
CHLD 5 10.894531 1567445349.0223
MEM 712.011719 1567445349.1227
CHLD 0 601.093750 1567445349.1372
CHLD 1 601.101562 1567445349.1373
CHLD 2 601.101562 1567445349.1374
CHLD 3 601.101562 1567445349.1374
CHLD 4 695.023438 1567445349.1375
CHLD 5 10.894531 1567445349.1376
MEM 712.011719 1567445349.2380
CHLD 0 601.093750 1567445349.2522
CHLD 1 601.101562 1567445349.2522
CHLD 2 601.101562 1567445349.2523
CHLD 3 601.101562 1567445349.2523
CHLD 4 695.023438 1567445349.2523
CHLD 5 10.894531 1567445349.2524
MEM 712.011719 1567445349.3528
CHLD 0 601.093750 1567445349.3654
CHLD 1 601.101562 1567445349.3655
CHLD 2 601.101562 1567445349.3655
CHLD 3 601.101562 1567445349.3656
CHLD 4 695.023438 1567445349.3656
CHLD 5 10.894531 1567445349.3656
MEM 712.011719 1567445349.4660
CHLD 0 601.093750 1567445349.4790
CHLD 1 601.101562 1567445349.4791
CHLD 2 601.101562 1567445349.4792
CHLD 3 601.101562 1567445349.4792
CHLD 4 695.796875 1567445349.4793
CHLD 5 10.894531 1567445349.4794
MEM 712.011719 1567445349.5866
CHLD 0 601.093750 1567445349.6013
CHLD 1 601.101562 1567445349.6014
CHLD 2 601.101562 1567445349.6014
CHLD 3 601.101562 1567445349.6015
CHLD 4 695.796875 1567445349.6016
CHLD 5 10.894531 1567445349.6016
MEM 712.011719 1567445349.7021
CHLD 0 601.093750 1567445349.7199
CHLD 1 601.101562 1567445349.7199
CHLD 2 601.101562 1567445349.7200
CHLD 3 601.101562 1567445349.7200
CHLD 4 695.796875 1567445349.7200
CHLD 5 10.894531 1567445349.7201
MEM 712.011719 1567445349.8204
CHLD 0 601.093750 1567445349.8332
CHLD 1 601.101562 1567445349.8333
CHLD 2 601.101562 1567445349.8334
CHLD 3 601.101562 1567445349.8334
CHLD 4 695.796875 1567445349.8335
CHLD 5 10.894531 1567445349.8335
MEM 712.011719 1567445349.9340
CHLD 0 601.093750 1567445349.9453
CHLD 1 601.101562 1567445349.9454
CHLD 2 601.101562 1567445349.9455
CHLD 3 601.101562 1567445349.9455
CHLD 4 695.796875 1567445349.9455
CHLD 5 10.894531 1567445349.9456
MEM 712.011719 1567445350.0459
CHLD 0 601.093750 1567445350.0575
CHLD 1 601.101562 1567445350.0576
CHLD 2 601.101562 1567445350.0576
CHLD 3 601.101562 1567445350.0577
CHLD 4 695.796875 1567445350.0578
CHLD 5 10.894531 1567445350.0578
MEM 712.011719 1567445350.1583
CHLD 0 601.093750 1567445350.1700
CHLD 1 601.101562 1567445350.1701
CHLD 2 601.101562 1567445350.1701
CHLD 3 601.101562 1567445350.1701
CHLD 4 695.796875 1567445350.1702
CHLD 5 10.894531 1567445350.1702
MEM 712.011719 1567445350.2705
CHLD 0 601.093750 1567445350.2817
CHLD 1 601.101562 1567445350.2817
CHLD 2 601.101562 1567445350.2818
CHLD 3 601.101562 1567445350.2818
CHLD 4 695.796875 1567445350.2819
CHLD 5 10.894531 1567445350.2819
MEM 712.011719 1567445350.3824
CHLD 0 601.093750 1567445350.3953
CHLD 1 601.101562 1567445350.3954
CHLD 2 601.101562 1567445350.3954
CHLD 3 601.101562 1567445350.3955
CHLD 4 695.796875 1567445350.3955
CHLD 5 10.894531 1567445350.3956
MEM 712.011719 1567445350.4961
CHLD 0 601.093750 1567445350.5083
CHLD 1 601.101562 1567445350.5084
CHLD 2 601.101562 1567445350.5084
CHLD 3 601.101562 1567445350.5085
CHLD 4 695.796875 1567445350.5086
CHLD 5 10.894531 1567445350.5086
MEM 712.011719 1567445350.6090
CHLD 0 601.093750 1567445350.6211
CHLD 1 601.101562 1567445350.6211
CHLD 2 601.101562 1567445350.6212
CHLD 3 601.101562 1567445350.6212
CHLD 4 695.796875 1567445350.6212
CHLD 5 10.894531 1567445350.6213
MEM 712.011719 1567445350.7217
CHLD 0 601.093750 1567445350.7336
CHLD 1 601.101562 1567445350.7336
CHLD 2 601.101562 1567445350.7337
CHLD 3 601.101562 1567445350.7337
CHLD 4 695.796875 1567445350.7338
CHLD 5 10.894531 1567445350.7338
MEM 712.011719 1567445350.8343
CHLD 0 601.093750 1567445350.8470
CHLD 1 601.101562 1567445350.8470
CHLD 2 601.101562 1567445350.8471
CHLD 3 601.101562 1567445350.8472
CHLD 4 695.796875 1567445350.8472
CHLD 5 10.894531 1567445350.8473
MEM 712.011719 1567445350.9478
CHLD 0 601.093750 1567445350.9624
CHLD 1 601.101562 1567445350.9625
CHLD 2 601.101562 1567445350.9625
CHLD 3 601.101562 1567445350.9626
CHLD 4 697.042969 1567445350.9627
CHLD 5 10.894531 1567445350.9627
MEM 712.011719 1567445351.0632
CHLD 0 601.093750 1567445351.0780
CHLD 1 601.101562 1567445351.0780
CHLD 2 601.101562 1567445351.0781
CHLD 3 601.101562 1567445351.0781
CHLD 4 697.042969 1567445351.0782
CHLD 5 10.894531 1567445351.0783
MEM 712.011719 1567445351.1787
CHLD 0 601.093750 1567445351.1915
CHLD 1 601.101562 1567445351.1915
CHLD 2 601.101562 1567445351.1916
CHLD 3 601.101562 1567445351.1916
CHLD 4 697.042969 1567445351.1917
CHLD 5 10.894531 1567445351.1917
MEM 712.011719 1567445351.2922
CHLD 0 601.093750 1567445351.3070
CHLD 1 601.101562 1567445351.3071
CHLD 2 601.101562 1567445351.3071
CHLD 3 601.101562 1567445351.3072
CHLD 4 697.042969 1567445351.3072
CHLD 5 10.894531 1567445351.3073
MEM 712.011719 1567445351.4079
CHLD 0 601.093750 1567445351.4195
CHLD 1 601.101562 1567445351.4195
CHLD 2 601.101562 1567445351.4196
CHLD 3 601.101562 1567445351.4197
CHLD 4 697.042969 1567445351.4197
CHLD 5 10.894531 1567445351.4198
MEM 712.015625 1567445351.5202
CHLD 0 601.093750 1567445351.5338
CHLD 1 601.101562 1567445351.5339
CHLD 2 601.101562 1567445351.5339
CHLD 3 601.101562 1567445351.5340
MEM 712.015625 1567445351.6343
CHLD 0 601.093750 1567445351.6427
CHLD 1 601.101562 1567445351.6428
CHLD 2 601.101562 1567445351.6428
CHLD 3 601.101562 1567445351.6428
CHLD 4 615.281250 1567445351.6429
CHLD 5 10.875000 1567445351.6429
MEM 712.015625 1567445351.7433
CHLD 0 601.093750 1567445351.7516
CHLD 1 601.101562 1567445351.7516
CHLD 2 601.101562 1567445351.7517
CHLD 3 601.101562 1567445351.7517
CHLD 4 619.605469 1567445351.7517
CHLD 5 10.875000 1567445351.7518
MEM 712.015625 1567445351.8522
CHLD 0 601.093750 1567445351.8609
CHLD 1 601.101562 1567445351.8609
CHLD 2 601.101562 1567445351.8610
CHLD 3 601.101562 1567445351.8610
CHLD 4 633.261719 1567445351.8610
CHLD 5 10.875000 1567445351.8611
MEM 712.015625 1567445351.9614
CHLD 0 601.093750 1567445351.9699
CHLD 1 601.101562 1567445351.9699
CHLD 2 601.101562 1567445351.9700
CHLD 3 601.101562 1567445351.9700
CHLD 4 635.738281 1567445351.9700
CHLD 5 10.875000 1567445351.9701
MEM 712.015625 1567445352.0705
CHLD 0 601.093750 1567445352.0850
CHLD 1 601.101562 1567445352.0850
CHLD 2 601.101562 1567445352.0852
CHLD 3 601.101562 1567445352.0852
CHLD 4 638.308594 1567445352.0853
CHLD 5 10.875000 1567445352.0854
MEM 712.015625 1567445352.1858
CHLD 0 601.093750 1567445352.2001
CHLD 1 601.101562 1567445352.2002
CHLD 2 601.101562 1567445352.2002
CHLD 3 601.101562 1567445352.2003
CHLD 4 641.804688 1567445352.2004
CHLD 5 10.875000 1567445352.2004
MEM 712.015625 1567445352.3008
CHLD 0 601.093750 1567445352.3151
CHLD 1 601.101562 1567445352.3152
CHLD 2 601.101562 1567445352.3153
CHLD 3 601.101562 1567445352.3153
CHLD 4 643.125000 1567445352.3154
CHLD 5 10.875000 1567445352.3155
MEM 712.015625 1567445352.4159
CHLD 0 601.093750 1567445352.4301
CHLD 1 601.101562 1567445352.4302
CHLD 2 601.101562 1567445352.4303
CHLD 3 601.101562 1567445352.4304
CHLD 4 644.144531 1567445352.4304
CHLD 5 10.875000 1567445352.4305
MEM 712.015625 1567445352.5309
CHLD 0 601.093750 1567445352.5452
CHLD 1 601.101562 1567445352.5453
CHLD 2 601.101562 1567445352.5453
CHLD 3 601.101562 1567445352.5454
CHLD 4 645.703125 1567445352.5455
CHLD 5 10.875000 1567445352.5455
MEM 712.015625 1567445352.6459
CHLD 0 601.093750 1567445352.6597
CHLD 1 601.101562 1567445352.6598
CHLD 2 601.101562 1567445352.6598
CHLD 3 601.101562 1567445352.6599
CHLD 4 654.542969 1567445352.6599
CHLD 5 10.875000 1567445352.6600
MEM 712.015625 1567445352.7604
CHLD 0 601.093750 1567445352.7733
CHLD 1 601.101562 1567445352.7734
CHLD 2 601.101562 1567445352.7735
CHLD 3 601.101562 1567445352.7735
CHLD 4 659.980469 1567445352.7736
CHLD 5 10.875000 1567445352.7736
MEM 712.015625 1567445352.8740
CHLD 0 601.093750 1567445352.8823
CHLD 1 601.101562 1567445352.8823
CHLD 2 601.101562 1567445352.8824
CHLD 3 601.101562 1567445352.8824
CHLD 4 660.105469 1567445352.8824
CHLD 5 10.875000 1567445352.8825
MEM 712.015625 1567445352.9829
CHLD 0 601.093750 1567445352.9961
CHLD 1 601.101562 1567445352.9962
CHLD 2 601.101562 1567445352.9963
CHLD 3 601.101562 1567445352.9963
CHLD 4 662.789062 1567445352.9964
CHLD 5 10.875000 1567445352.9964
MEM 712.015625 1567445353.0970
CHLD 0 601.093750 1567445353.1088
CHLD 1 601.101562 1567445353.1089
CHLD 2 601.101562 1567445353.1089
CHLD 3 601.101562 1567445353.1090
CHLD 4 676.441406 1567445353.1090
CHLD 5 10.875000 1567445353.1091
MEM 712.015625 1567445353.2094
CHLD 0 601.093750 1567445353.2204
CHLD 1 601.101562 1567445353.2205
CHLD 2 601.101562 1567445353.2205
CHLD 3 601.101562 1567445353.2206
CHLD 4 678.503906 1567445353.2207
CHLD 5 10.875000 1567445353.2207
MEM 712.015625 1567445353.3215
CHLD 0 601.093750 1567445353.3361
CHLD 1 601.101562 1567445353.3362
CHLD 2 601.101562 1567445353.3363
CHLD 3 601.101562 1567445353.3363
CHLD 4 679.535156 1567445353.3364
CHLD 5 10.875000 1567445353.3365
