CMDLINE /home/dn16382/anaconda3/bin/python mnist_example.py
MEM 1.957031 1567440023.2272
MEM 17.789062 1567440023.3352
MEM 34.945312 1567440023.4520
MEM 42.656250 1567440023.5596
MEM 64.781250 1567440023.6675
MEM 74.183594 1567440023.7752
MEM 82.347656 1567440023.8828
MEM 123.847656 1567440023.9904
MEM 164.234375 1567440024.0980
MEM 165.289062 1567440024.2057
MEM 172.648438 1567440024.3139
MEM 181.085938 1567440024.4215
MEM 186.410156 1567440024.5292
MEM 194.648438 1567440024.6382
MEM 206.343750 1567440024.7460
MEM 215.292969 1567440024.8554
MEM 218.558594 1567440024.9631
MEM 230.253906 1567440025.0748
MEM 236.980469 1567440025.1886
MEM 255.199219 1567440025.2963
MEM 259.437500 1567440025.4044
MEM 266.386719 1567440025.5126
MEM 276.558594 1567440025.6203
MEM 293.058594 1567440025.7280
MEM 309.558594 1567440025.8357
MEM 346.808594 1567440025.9433
MEM 367.355469 1567440026.0519
MEM 479.503906 1567440026.1598
MEM 637.285156 1567440026.2676
MEM 681.437500 1567440026.3756
MEM 648.632812 1567440026.4844
MEM 712.636719 1567440026.5923
CHLD 0 601.160156 1567440026.6032
CHLD 1 601.167969 1567440026.6032
MEM 868.761719 1567440026.7036
CHLD 0 601.160156 1567440026.7130
CHLD 1 601.167969 1567440026.7130
CHLD 2 601.167969 1567440026.7131
CHLD 3 601.167969 1567440026.7131
MEM 1074.714844 1567440026.8136
CHLD 0 601.160156 1567440026.8246
CHLD 1 601.167969 1567440026.8246
CHLD 2 601.167969 1567440026.8247
CHLD 3 601.167969 1567440026.8247
MEM 1272.457031 1567440026.9251
CHLD 0 601.160156 1567440026.9330
CHLD 1 601.167969 1567440026.9331
CHLD 2 601.167969 1567440026.9331
CHLD 3 601.167969 1567440026.9331
MEM 1458.265625 1567440027.0335
CHLD 0 601.160156 1567440027.0414
CHLD 1 601.167969 1567440027.0415
CHLD 2 601.167969 1567440027.0415
CHLD 3 601.167969 1567440027.0415
MEM 1136.812500 1567440027.1420
CHLD 0 665.277344 1567440027.1568
CHLD 1 601.167969 1567440027.1569
CHLD 2 601.167969 1567440027.1570
CHLD 3 601.167969 1567440027.1570
MEM 1136.812500 1567440027.2575
CHLD 0 811.714844 1567440027.2680
CHLD 1 601.167969 1567440027.2681
CHLD 2 601.167969 1567440027.2681
CHLD 3 601.167969 1567440027.2682
MEM 1136.812500 1567440027.3686
CHLD 0 943.457031 1567440027.3794
CHLD 1 601.167969 1567440027.3795
CHLD 2 601.167969 1567440027.3795
CHLD 3 601.167969 1567440027.3796
MEM 745.316406 1567440027.4801
CHLD 0 1111.035156 1567440027.4943
CHLD 1 601.167969 1567440027.4943
CHLD 2 601.167969 1567440027.4944
CHLD 3 601.167969 1567440027.4945
MEM 944.347656 1567440027.5950
CHLD 0 1320.121094 1567440027.6096
CHLD 1 601.167969 1567440027.6097
CHLD 2 601.167969 1567440027.6097
CHLD 3 601.167969 1567440027.6098
MEM 1143.378906 1567440027.7103
CHLD 0 1069.011719 1567440027.7246
CHLD 1 601.167969 1567440027.7247
CHLD 2 601.167969 1567440027.7248
CHLD 3 601.167969 1567440027.7248
MEM 1339.574219 1567440027.8253
CHLD 0 1271.394531 1567440027.8394
CHLD 1 601.167969 1567440027.8395
CHLD 2 601.167969 1567440027.8396
CHLD 3 601.167969 1567440027.8396
MEM 1526.273438 1567440027.9402
CHLD 0 1177.277344 1567440027.9550
CHLD 1 601.167969 1567440027.9551
CHLD 2 601.167969 1567440027.9551
CHLD 3 601.167969 1567440027.9552
MEM 1136.824219 1567440028.0586
CHLD 0 1029.914062 1567440028.0745
CHLD 1 711.710938 1567440028.0745
CHLD 2 601.167969 1567440028.0746
CHLD 3 601.167969 1567440028.0746
CHLD 4 10.699219 1567440028.0747
MEM 1136.824219 1567440028.1751
CHLD 0 1037.312500 1567440028.1897
CHLD 1 874.648438 1567440028.1897
CHLD 2 601.167969 1567440028.1898
CHLD 3 601.167969 1567440028.1899
CHLD 4 10.699219 1567440028.1899
MEM 1136.824219 1567440028.2903
CHLD 0 1040.402344 1567440028.3044
CHLD 1 1022.375000 1567440028.3045
CHLD 2 601.167969 1567440028.3046
CHLD 3 601.167969 1567440028.3046
CHLD 4 10.699219 1567440028.3047
MEM 856.199219 1567440028.4051
CHLD 0 1043.683594 1567440028.4198
CHLD 1 1189.953125 1567440028.4199
CHLD 2 601.167969 1567440028.4200
CHLD 3 601.167969 1567440028.4200
CHLD 4 10.699219 1567440028.4201
MEM 1053.941406 1567440028.5208
CHLD 0 1053.906250 1567440028.5354
CHLD 1 1354.179688 1567440028.5397
CHLD 2 601.167969 1567440028.5398
CHLD 3 601.167969 1567440028.5399
CHLD 4 10.699219 1567440028.5400
MEM 1255.292969 1567440028.6405
CHLD 0 1054.613281 1567440028.6562
CHLD 1 1068.761719 1567440028.6563
CHLD 2 601.167969 1567440028.6564
CHLD 3 601.167969 1567440028.6564
CHLD 4 10.699219 1567440028.6565
MEM 1442.496094 1567440028.7570
CHLD 0 1056.796875 1567440028.7716
CHLD 1 1231.183594 1567440028.7716
CHLD 2 601.167969 1567440028.7717
CHLD 3 601.167969 1567440028.7718
CHLD 4 10.699219 1567440028.7718
MEM 1136.832031 1567440028.8723
CHLD 0 1058.742188 1567440028.8970
CHLD 1 1397.519531 1567440028.8972
CHLD 2 657.312500 1567440028.8972
CHLD 3 601.167969 1567440028.8973
CHLD 4 10.699219 1567440028.8974
MEM 1136.832031 1567440028.9979
CHLD 0 1060.976562 1567440029.0128
CHLD 1 1024.550781 1567440029.0129
CHLD 2 805.812500 1567440029.0129
CHLD 3 601.167969 1567440029.0130
CHLD 4 10.699219 1567440029.0131
MEM 1136.832031 1567440029.1135
CHLD 0 1061.332031 1567440029.1316
CHLD 1 1033.539062 1567440029.1316
CHLD 2 932.656250 1567440029.1317
CHLD 3 601.167969 1567440029.1317
CHLD 4 10.695312 1567440029.1318
CHLD 5 10.699219 1567440029.1319
MEM 785.300781 1567440029.2323
CHLD 0 1061.835938 1567440029.2536
CHLD 1 1037.394531 1567440029.2537
CHLD 2 1097.398438 1567440029.2538
CHLD 3 601.167969 1567440029.2538
CHLD 4 10.695312 1567440029.2539
CHLD 5 10.699219 1567440029.2540
MEM 855.691406 1567440029.3544
CHLD 0 1062.332031 1567440029.3803
CHLD 1 1040.234375 1567440029.3804
CHLD 2 1261.109375 1567440029.3805
CHLD 3 601.167969 1567440029.3805
CHLD 4 10.695312 1567440029.3806
CHLD 5 10.699219 1567440029.3807
MEM 949.019531 1567440029.4811
CHLD 0 1062.996094 1567440029.5003
CHLD 1 1043.160156 1567440029.5004
CHLD 2 1364.750000 1567440029.5004
CHLD 3 601.167969 1567440029.5005
CHLD 4 10.695312 1567440029.5006
CHLD 5 10.699219 1567440029.5006
MEM 1038.480469 1567440029.6010
CHLD 0 1072.386719 1567440029.6358
CHLD 1 1053.179688 1567440029.6358
CHLD 2 1032.152344 1567440029.6359
CHLD 3 601.167969 1567440029.6360
CHLD 4 10.695312 1567440029.6361
CHLD 5 10.699219 1567440029.6361
MEM 1178.472656 1567440029.7366
CHLD 0 1076.171875 1567440029.7748
CHLD 1 1054.328125 1567440029.7748
CHLD 2 1207.207031 1567440029.7749
CHLD 3 601.167969 1567440029.7749
CHLD 4 10.695312 1567440029.7750
CHLD 5 10.699219 1567440029.7750
MEM 1339.347656 1567440029.8756
CHLD 0 1076.546875 1567440029.9017
CHLD 1 1054.601562 1567440029.9018
CHLD 2 1379.683594 1567440029.9018
CHLD 3 601.167969 1567440029.9019
CHLD 4 10.695312 1567440029.9020
CHLD 5 10.699219 1567440029.9020
MEM 1514.691406 1567440030.0025
CHLD 0 1076.855469 1567440030.0182
CHLD 1 1056.687500 1567440030.0183
CHLD 2 1024.449219 1567440030.0183
CHLD 3 601.167969 1567440030.0184
CHLD 4 10.695312 1567440030.0184
CHLD 5 10.699219 1567440030.0185
MEM 1136.843750 1567440030.1189
CHLD 0 1077.085938 1567440030.1467
CHLD 1 1058.808594 1567440030.1468
CHLD 2 1030.632812 1567440030.1469
CHLD 3 641.589844 1567440030.1469
CHLD 4 8.156250 1567440030.1470
CHLD 5 10.695312 1567440030.1471
CHLD 6 10.699219 1567440030.1471
MEM 1136.843750 1567440030.2475
CHLD 0 1087.703125 1567440030.3045
CHLD 1 1060.789062 1567440030.3046
CHLD 2 1036.976562 1567440030.3046
CHLD 3 753.222656 1567440030.3047
CHLD 4 10.804688 1567440030.3048
CHLD 5 10.695312 1567440030.3048
CHLD 6 10.699219 1567440030.3049
MEM 1136.843750 1567440030.4053
CHLD 0 1089.503906 1567440030.4294
CHLD 1 1061.371094 1567440030.4295
CHLD 2 1037.394531 1567440030.4295
CHLD 3 838.816406 1567440030.4296
CHLD 4 10.804688 1567440030.4296
CHLD 5 10.695312 1567440030.4297
CHLD 6 10.699219 1567440030.4298
MEM 1136.843750 1567440030.5305
CHLD 0 1089.761719 1567440030.5506
CHLD 1 1061.714844 1567440030.5507
CHLD 2 1039.902344 1567440030.5508
CHLD 3 914.355469 1567440030.5508
CHLD 4 10.804688 1567440030.5509
CHLD 5 10.695312 1567440030.5509
CHLD 6 10.699219 1567440030.5510
MEM 1136.843750 1567440030.6514
CHLD 0 1091.191406 1567440030.6724
CHLD 1 1070.968750 1567440030.6724
CHLD 2 1043.687500 1567440030.6725
CHLD 3 972.878906 1567440030.6726
CHLD 4 10.804688 1567440030.6726
CHLD 5 10.695312 1567440030.6727
CHLD 6 10.699219 1567440030.6727
MEM 871.312500 1567440030.7732
CHLD 0 1091.449219 1567440030.7892
CHLD 1 1074.964844 1567440030.7893
CHLD 2 1052.320312 1567440030.7894
CHLD 3 1069.042969 1567440030.7894
CHLD 4 10.804688 1567440030.7895
CHLD 5 10.695312 1567440030.7895
CHLD 6 10.699219 1567440030.7896
MEM 750.257812 1567440030.8906
CHLD 0 1091.449219 1567440030.9256
CHLD 1 1076.453125 1567440030.9257
CHLD 2 1053.437500 1567440030.9258
CHLD 3 1236.363281 1567440030.9258
CHLD 4 10.804688 1567440030.9259
CHLD 5 10.695312 1567440030.9260
CHLD 6 10.699219 1567440030.9260
MEM 874.007812 1567440031.0270
CHLD 0 1091.964844 1567440031.0820
CHLD 1 1084.242188 1567440031.0820
CHLD 2 1054.378906 1567440031.0821
CHLD 3 1327.886719 1567440031.0822
CHLD 4 10.804688 1567440031.0822
CHLD 5 10.695312 1567440031.0823
CHLD 6 10.699219 1567440031.0823
MEM 957.023438 1567440031.1835
CHLD 0 1091.964844 1567440031.2499
CHLD 1 1091.378906 1567440031.2500
CHLD 2 1054.625000 1567440031.2768
CHLD 3 1405.746094 1567440031.2778
CHLD 4 10.804688 1567440031.2779
CHLD 5 10.695312 1567440031.2780
CHLD 6 10.699219 1567440031.2781
MEM 1060.921875 1567440031.3785
CHLD 0 1091.964844 1567440031.4049
CHLD 1 1094.988281 1567440031.4050
CHLD 2 1054.625000 1567440031.4050
CHLD 3 1064.593750 1567440031.4051
CHLD 4 10.804688 1567440031.4052
CHLD 5 10.695312 1567440031.4052
CHLD 6 10.699219 1567440031.4053
MEM 1111.195312 1567440031.5057
CHLD 0 1091.964844 1567440031.5258
CHLD 1 1095.503906 1567440031.5259
CHLD 2 1054.863281 1567440031.5260
CHLD 3 1130.894531 1567440031.5260
CHLD 4 10.804688 1567440031.5261
CHLD 5 10.695312 1567440031.5261
CHLD 6 10.699219 1567440031.5262
MEM 1167.914062 1567440031.6266
CHLD 0 1091.964844 1567440031.6590
CHLD 1 1095.503906 1567440031.6591
CHLD 2 1057.082031 1567440031.6592
CHLD 3 1203.082031 1567440031.6593
CHLD 4 10.804688 1567440031.6593
CHLD 5 10.695312 1567440031.6594
CHLD 6 10.699219 1567440031.6594
MEM 1210.968750 1567440031.7599
CHLD 0 1091.964844 1567440031.8137
CHLD 1 1095.503906 1567440031.8138
CHLD 2 1057.312500 1567440031.8139
CHLD 3 1293.574219 1567440031.8140
CHLD 4 10.804688 1567440031.8140
CHLD 5 10.695312 1567440031.8141
CHLD 6 10.699219 1567440031.8141
MEM 1265.625000 1567440031.9146
CHLD 0 1091.964844 1567440031.9953
CHLD 1 1095.761719 1567440031.9954
CHLD 2 1058.750000 1567440031.9955
CHLD 3 1334.308594 1567440031.9955
CHLD 4 10.804688 1567440031.9956
CHLD 5 10.695312 1567440031.9956
CHLD 6 10.699219 1567440031.9957
MEM 1300.687500 1567440032.1026
CHLD 0 1091.964844 1567440032.2130
CHLD 1 1096.535156 1567440032.2131
CHLD 2 1060.574219 1567440032.2131
CHLD 3 1389.527344 1567440032.2132
CHLD 4 10.804688 1567440032.2132
CHLD 5 10.695312 1567440032.2133
CHLD 6 10.699219 1567440032.2133
MEM 1388.601562 1567440032.3267
CHLD 0 1091.964844 1567440032.3664
CHLD 1 1096.535156 1567440032.3665
CHLD 2 1060.781250 1567440032.3666
CHLD 3 1024.824219 1567440032.3666
CHLD 4 10.804688 1567440032.3667
CHLD 5 10.695312 1567440032.3668
CHLD 6 10.699219 1567440032.3668
MEM 1456.953125 1567440032.4672
CHLD 0 1091.964844 1567440032.5084
CHLD 1 1097.050781 1567440032.5085
CHLD 2 1061.039062 1567440032.5142
CHLD 3 1028.101562 1567440032.5175
CHLD 4 6.765625 1567440032.5176
CHLD 5 10.804688 1567440032.5177
CHLD 6 10.695312 1567440032.5177
CHLD 7 10.699219 1567440032.5178
MEM 1519.085938 1567440032.6182
CHLD 0 1091.964844 1567440032.6536
CHLD 1 1097.050781 1567440032.6537
CHLD 2 1061.156250 1567440032.6537
CHLD 3 1031.613281 1567440032.6538
CHLD 4 9.261719 1567440032.6599
CHLD 5 10.804688 1567440032.6600
CHLD 6 10.695312 1567440032.6600
CHLD 7 10.699219 1567440032.6601
MEM 1136.843750 1567440032.7605
CHLD 0 1091.964844 1567440032.7756
CHLD 1 1097.050781 1567440032.7756
CHLD 2 1061.406250 1567440032.7757
CHLD 3 1036.894531 1567440032.7758
CHLD 4 10.835938 1567440032.7758
CHLD 5 10.804688 1567440032.7759
CHLD 6 10.695312 1567440032.7759
CHLD 7 10.699219 1567440032.7760
MEM 1136.843750 1567440032.8764
CHLD 0 1091.964844 1567440032.9017
CHLD 1 1097.050781 1567440032.9018
CHLD 2 1061.574219 1567440032.9018
CHLD 3 1037.308594 1567440032.9019
CHLD 4 10.835938 1567440032.9019
CHLD 5 10.804688 1567440032.9020
CHLD 6 10.695312 1567440032.9020
CHLD 7 10.699219 1567440032.9021
MEM 1136.843750 1567440033.0025
CHLD 0 1091.964844 1567440033.0212
CHLD 1 1097.050781 1567440033.0212
CHLD 2 1061.910156 1567440033.0240
CHLD 3 1037.867188 1567440033.0273
CHLD 4 10.835938 1567440033.0274
CHLD 5 10.804688 1567440033.0275
CHLD 6 10.695312 1567440033.0275
CHLD 7 10.699219 1567440033.0296
MEM 1136.843750 1567440033.1300
CHLD 0 1091.964844 1567440033.1490
CHLD 1 1097.050781 1567440033.1493
CHLD 2 1062.082031 1567440033.1494
CHLD 3 1042.210938 1567440033.1495
CHLD 4 10.835938 1567440033.1495
CHLD 5 10.804688 1567440033.1496
CHLD 6 10.695312 1567440033.1497
CHLD 7 10.699219 1567440033.1497
MEM 1136.843750 1567440033.2505
CHLD 0 1091.964844 1567440033.2717
CHLD 1 1097.050781 1567440033.2718
CHLD 2 1062.253906 1567440033.2718
CHLD 3 1052.250000 1567440033.2719
CHLD 4 10.835938 1567440033.2719
CHLD 5 10.804688 1567440033.2720
CHLD 6 10.695312 1567440033.2721
CHLD 7 10.699219 1567440033.2721
MEM 1136.843750 1567440033.3726
CHLD 0 1091.964844 1567440033.4124
CHLD 1 1097.562500 1567440033.4125
CHLD 2 1062.750000 1567440033.4125
CHLD 3 1054.187500 1567440033.4126
CHLD 4 10.835938 1567440033.4127
CHLD 5 10.804688 1567440033.4127
CHLD 6 10.695312 1567440033.4128
CHLD 7 10.699219 1567440033.4134
MEM 1136.843750 1567440033.5139
CHLD 0 1091.964844 1567440033.5260
CHLD 1 1097.562500 1567440033.5260
CHLD 2 1063.156250 1567440033.5261
CHLD 3 1054.601562 1567440033.5261
CHLD 4 10.835938 1567440033.5262
CHLD 5 10.804688 1567440033.5263
CHLD 6 10.695312 1567440033.5263
CHLD 7 10.699219 1567440033.5264
MEM 1136.843750 1567440033.6268
CHLD 0 1091.964844 1567440033.6403
CHLD 1 1097.562500 1567440033.6404
CHLD 2 1073.457031 1567440033.6404
CHLD 3 1054.863281 1567440033.6405
CHLD 4 10.835938 1567440033.6406
CHLD 5 10.804688 1567440033.6406
CHLD 6 10.695312 1567440033.6407
CHLD 7 10.699219 1567440033.6407
MEM 1136.843750 1567440033.7411
CHLD 0 1091.964844 1567440033.7777
CHLD 1 1097.562500 1567440033.7778
CHLD 2 1076.308594 1567440033.7779
CHLD 3 1057.292969 1567440033.7779
CHLD 4 10.835938 1567440033.7780
CHLD 5 10.804688 1567440033.7781
CHLD 6 10.695312 1567440033.7781
CHLD 7 10.699219 1567440033.7782
MEM 1136.843750 1567440033.8789
CHLD 0 1092.222656 1567440033.8960
CHLD 1 1097.562500 1567440033.8961
CHLD 2 1076.433594 1567440033.8974
CHLD 3 1059.285156 1567440033.8975
CHLD 4 10.835938 1567440033.8976
CHLD 5 10.804688 1567440033.8976
CHLD 6 10.695312 1567440033.8977
CHLD 7 10.699219 1567440033.8977
MEM 1136.843750 1567440033.9982
CHLD 0 1092.222656 1567440034.0261
CHLD 1 1097.562500 1567440034.0261
CHLD 2 1076.683594 1567440034.0262
CHLD 3 1060.593750 1567440034.0262
CHLD 4 10.835938 1567440034.0284
CHLD 5 10.804688 1567440034.0285
CHLD 6 10.695312 1567440034.0286
CHLD 7 10.699219 1567440034.0286
MEM 1136.843750 1567440034.1290
CHLD 0 1092.222656 1567440034.1463
CHLD 1 1097.562500 1567440034.1464
CHLD 2 1076.914062 1567440034.1465
CHLD 3 1061.156250 1567440034.1465
CHLD 4 10.835938 1567440034.1466
CHLD 5 10.804688 1567440034.1467
CHLD 6 10.695312 1567440034.1467
CHLD 7 10.699219 1567440034.1468
MEM 1136.843750 1567440034.2506
CHLD 0 1092.222656 1567440034.3682
CHLD 1 1097.562500 1567440034.3683
CHLD 2 1076.914062 1567440034.3684
CHLD 3 1061.578125 1567440034.3684
CHLD 4 10.835938 1567440034.3685
CHLD 5 10.804688 1567440034.3686
CHLD 6 10.695312 1567440034.3686
CHLD 7 10.699219 1567440034.3687
MEM 1136.843750 1567440034.4694
CHLD 0 1092.222656 1567440034.5184
CHLD 1 1097.562500 1567440034.5209
CHLD 2 1076.914062 1567440034.5210
CHLD 3 1062.156250 1567440034.5210
CHLD 4 10.835938 1567440034.5211
CHLD 5 10.804688 1567440034.5212
CHLD 6 10.695312 1567440034.5212
CHLD 7 10.699219 1567440034.5213
MEM 1136.843750 1567440034.6218
CHLD 0 1092.222656 1567440034.6600
CHLD 1 1097.820312 1567440034.6600
CHLD 2 1088.140625 1567440034.6601
CHLD 3 1062.328125 1567440034.6601
CHLD 4 10.835938 1567440034.6602
CHLD 5 10.804688 1567440034.6603
CHLD 6 10.695312 1567440034.6603
CHLD 7 10.699219 1567440034.6604
MEM 1136.843750 1567440034.7614
CHLD 0 1092.222656 1567440034.7816
CHLD 1 1097.820312 1567440034.7816
CHLD 2 1089.425781 1567440034.7817
CHLD 3 1062.660156 1567440034.7817
CHLD 4 10.835938 1567440034.7818
CHLD 5 10.804688 1567440034.7818
CHLD 6 10.695312 1567440034.7819
CHLD 7 10.699219 1567440034.7820
MEM 1136.843750 1567440034.8825
CHLD 0 1092.222656 1567440034.9656
CHLD 1 1097.820312 1567440034.9657
CHLD 2 1090.710938 1567440034.9657
CHLD 3 1062.984375 1567440034.9658
CHLD 4 10.835938 1567440034.9658
CHLD 5 10.804688 1567440034.9659
CHLD 6 10.695312 1567440034.9659
CHLD 7 10.699219 1567440034.9660
MEM 1136.843750 1567440035.0665
CHLD 0 1092.222656 1567440035.0919
CHLD 1 1097.820312 1567440035.0920
CHLD 2 1090.710938 1567440035.0920
CHLD 3 1063.476562 1567440035.0921
CHLD 4 10.835938 1567440035.0922
CHLD 5 10.804688 1567440035.0922
CHLD 6 10.695312 1567440035.0923
CHLD 7 10.699219 1567440035.0923
MEM 1136.843750 1567440035.1930
CHLD 0 1092.222656 1567440035.2280
CHLD 1 1097.820312 1567440035.2281
CHLD 2 1090.710938 1567440035.2281
CHLD 3 1073.519531 1567440035.2282
CHLD 4 10.835938 1567440035.2283
CHLD 5 10.804688 1567440035.2283
CHLD 6 10.695312 1567440035.2284
CHLD 7 10.699219 1567440035.2284
MEM 1136.843750 1567440035.3289
CHLD 0 1092.480469 1567440035.3542
CHLD 1 1097.820312 1567440035.3543
CHLD 2 1090.968750 1567440035.3580
CHLD 3 1074.066406 1567440035.3581
CHLD 4 10.835938 1567440035.3584
CHLD 5 10.804688 1567440035.3585
CHLD 6 10.695312 1567440035.3585
CHLD 7 10.699219 1567440035.3586
MEM 1136.843750 1567440035.4591
CHLD 0 1092.480469 1567440035.4751
CHLD 1 1097.820312 1567440035.4752
CHLD 2 1090.968750 1567440035.4753
CHLD 3 1076.613281 1567440035.4753
CHLD 4 10.835938 1567440035.4754
CHLD 5 10.804688 1567440035.4754
CHLD 6 10.695312 1567440035.4755
CHLD 7 10.699219 1567440035.4755
MEM 1136.843750 1567440035.5760
CHLD 0 1092.480469 1567440035.6040
CHLD 1 1097.820312 1567440035.6041
CHLD 2 1090.968750 1567440035.6059
CHLD 3 1077.242188 1567440035.6060
CHLD 4 10.835938 1567440035.6060
CHLD 5 10.804688 1567440035.6061
CHLD 6 10.695312 1567440035.6062
CHLD 7 10.699219 1567440035.6062
MEM 1136.843750 1567440035.7095
CHLD 0 1092.480469 1567440035.7307
CHLD 1 1097.820312 1567440035.7307
CHLD 2 1090.968750 1567440035.7308
CHLD 3 1077.242188 1567440035.7309
CHLD 4 10.835938 1567440035.7309
CHLD 5 10.804688 1567440035.7310
CHLD 6 10.695312 1567440035.7311
CHLD 7 10.699219 1567440035.7311
MEM 1136.843750 1567440035.8317
CHLD 0 1092.480469 1567440035.8578
CHLD 1 1097.820312 1567440035.8578
CHLD 2 1090.968750 1567440035.8579
CHLD 3 1077.242188 1567440035.8579
CHLD 4 10.835938 1567440035.8580
CHLD 5 10.804688 1567440035.8581
CHLD 6 10.695312 1567440035.8581
CHLD 7 10.699219 1567440035.8582
MEM 1136.843750 1567440035.9590
CHLD 0 1092.480469 1567440035.9915
CHLD 1 1097.820312 1567440035.9916
CHLD 2 1090.968750 1567440035.9916
CHLD 3 1077.781250 1567440035.9917
CHLD 4 10.835938 1567440035.9918
CHLD 5 10.804688 1567440035.9918
CHLD 6 10.695312 1567440035.9919
CHLD 7 10.699219 1567440035.9919
MEM 1136.843750 1567440036.0924
CHLD 0 1092.480469 1567440036.1273
CHLD 1 1097.820312 1567440036.1273
CHLD 2 1090.968750 1567440036.1274
CHLD 3 1079.894531 1567440036.1275
CHLD 4 10.835938 1567440036.1275
CHLD 5 10.804688 1567440036.1276
CHLD 6 10.695312 1567440036.1276
CHLD 7 10.699219 1567440036.1277
MEM 1136.843750 1567440036.2294
CHLD 0 1092.480469 1567440036.2470
CHLD 1 1097.820312 1567440036.2470
CHLD 2 1090.968750 1567440036.2471
CHLD 3 1089.839844 1567440036.2471
CHLD 4 10.835938 1567440036.2472
CHLD 5 10.804688 1567440036.2472
CHLD 6 10.695312 1567440036.2473
CHLD 7 10.699219 1567440036.2474
MEM 1136.843750 1567440036.3478
CHLD 0 1092.480469 1567440036.3702
CHLD 1 1097.820312 1567440036.3703
CHLD 2 1091.226562 1567440036.3704
CHLD 3 1092.781250 1567440036.3704
CHLD 4 10.835938 1567440036.3705
CHLD 5 10.804688 1567440036.3706
CHLD 6 10.695312 1567440036.3706
CHLD 7 10.699219 1567440036.3707
MEM 1136.843750 1567440036.4712
CHLD 0 1092.480469 1567440036.4997
CHLD 1 1097.820312 1567440036.4998
CHLD 2 1091.226562 1567440036.4999
CHLD 3 1093.296875 1567440036.4999
CHLD 4 10.835938 1567440036.5000
CHLD 5 10.804688 1567440036.5001
CHLD 6 10.695312 1567440036.5001
CHLD 7 10.699219 1567440036.5002
MEM 1136.843750 1567440036.6006
CHLD 0 1092.480469 1567440036.6573
CHLD 1 1097.820312 1567440036.6574
CHLD 2 1091.226562 1567440036.6575
CHLD 3 1094.585938 1567440036.6576
CHLD 4 10.835938 1567440036.6576
CHLD 5 10.804688 1567440036.6577
CHLD 6 10.695312 1567440036.6577
CHLD 7 10.699219 1567440036.6578
MEM 1136.843750 1567440036.7586
CHLD 0 1092.738281 1567440036.8541
CHLD 1 1097.820312 1567440036.8542
CHLD 2 1091.226562 1567440036.8559
CHLD 3 1094.585938 1567440036.8560
CHLD 4 10.835938 1567440036.8561
CHLD 5 10.804688 1567440036.8561
CHLD 6 10.695312 1567440036.8562
CHLD 7 10.699219 1567440036.8562
MEM 1136.843750 1567440036.9567
CHLD 0 1092.738281 1567440036.9772
CHLD 1 1097.820312 1567440036.9772
CHLD 2 1091.226562 1567440036.9773
CHLD 3 1094.585938 1567440036.9773
CHLD 4 10.835938 1567440036.9774
CHLD 5 10.804688 1567440036.9774
CHLD 6 10.695312 1567440036.9775
CHLD 7 10.699219 1567440036.9776
MEM 1136.843750 1567440037.0783
CHLD 0 1092.738281 1567440037.0971
CHLD 1 1097.820312 1567440037.0971
CHLD 2 1091.226562 1567440037.0971
CHLD 3 1094.585938 1567440037.0972
CHLD 4 10.835938 1567440037.0972
CHLD 5 10.804688 1567440037.0972
CHLD 6 10.695312 1567440037.0973
CHLD 7 10.699219 1567440037.0973
MEM 1136.843750 1567440037.1977
CHLD 0 1092.738281 1567440037.2242
CHLD 1 1097.820312 1567440037.2242
CHLD 2 1091.226562 1567440037.2243
CHLD 3 1094.585938 1567440037.2243
CHLD 4 10.835938 1567440037.2243
CHLD 5 10.804688 1567440037.2244
CHLD 6 10.695312 1567440037.2244
CHLD 7 10.699219 1567440037.2245
MEM 1136.843750 1567440037.3249
CHLD 0 1092.738281 1567440037.3551
CHLD 1 1097.820312 1567440037.3551
CHLD 2 1091.226562 1567440037.3566
CHLD 3 1094.585938 1567440037.3567
CHLD 4 10.835938 1567440037.3568
CHLD 5 10.804688 1567440037.3568
CHLD 6 10.695312 1567440037.3569
CHLD 7 10.699219 1567440037.3569
MEM 1136.843750 1567440037.4575
CHLD 0 1092.738281 1567440037.4780
CHLD 1 1097.820312 1567440037.4781
CHLD 2 1091.226562 1567440037.4782
CHLD 3 1094.585938 1567440037.4782
CHLD 4 10.835938 1567440037.4812
CHLD 5 10.804688 1567440037.4814
CHLD 6 10.695312 1567440037.4815
CHLD 7 10.699219 1567440037.4815
MEM 1136.843750 1567440037.5820
CHLD 0 1092.996094 1567440037.6031
CHLD 1 1097.820312 1567440037.6033
CHLD 2 1091.226562 1567440037.6033
CHLD 3 1094.585938 1567440037.6034
CHLD 4 10.835938 1567440037.6035
CHLD 5 10.804688 1567440037.6035
CHLD 6 10.695312 1567440037.6036
CHLD 7 10.699219 1567440037.6037
MEM 1136.843750 1567440037.7041
CHLD 0 1092.996094 1567440037.7166
CHLD 1 1097.820312 1567440037.7167
CHLD 2 1091.226562 1567440037.7167
CHLD 3 1094.585938 1567440037.7168
CHLD 4 10.835938 1567440037.7168
CHLD 5 10.804688 1567440037.7169
CHLD 6 10.695312 1567440037.7170
CHLD 7 10.699219 1567440037.7170
MEM 1136.843750 1567440037.8174
CHLD 0 1092.996094 1567440037.8340
CHLD 1 1097.820312 1567440037.8340
CHLD 2 1091.226562 1567440037.8341
CHLD 3 1094.585938 1567440037.8342
CHLD 4 10.835938 1567440037.8342
CHLD 5 10.804688 1567440037.8343
CHLD 6 10.695312 1567440037.8343
CHLD 7 10.699219 1567440037.8344
MEM 1136.843750 1567440037.9368
CHLD 0 1093.929688 1567440037.9639
CHLD 1 1097.820312 1567440037.9640
CHLD 2 1091.226562 1567440037.9641
CHLD 3 1094.585938 1567440037.9641
CHLD 4 10.835938 1567440037.9642
CHLD 5 10.804688 1567440037.9642
CHLD 6 10.695312 1567440037.9643
CHLD 7 10.699219 1567440037.9644
MEM 1136.843750 1567440038.0648
CHLD 0 1093.929688 1567440038.0840
CHLD 1 1097.820312 1567440038.0845
CHLD 2 1091.226562 1567440038.0845
CHLD 3 1094.843750 1567440038.0846
CHLD 4 10.835938 1567440038.0847
CHLD 5 10.804688 1567440038.0848
CHLD 6 10.695312 1567440038.0848
CHLD 7 10.699219 1567440038.0849
MEM 1136.843750 1567440038.1853
CHLD 0 1093.929688 1567440038.2165
CHLD 1 1097.820312 1567440038.2166
CHLD 2 1091.226562 1567440038.2167
CHLD 3 1094.843750 1567440038.2167
CHLD 4 10.835938 1567440038.2168
CHLD 5 10.804688 1567440038.2169
CHLD 6 10.695312 1567440038.2169
CHLD 7 10.699219 1567440038.2170
MEM 1136.843750 1567440038.3174
CHLD 0 1094.187500 1567440038.3501
CHLD 1 1097.820312 1567440038.3502
CHLD 2 1091.226562 1567440038.3502
CHLD 3 1094.843750 1567440038.3503
CHLD 4 10.835938 1567440038.3504
CHLD 5 10.804688 1567440038.3505
CHLD 6 10.695312 1567440038.3505
CHLD 7 10.699219 1567440038.3506
MEM 1136.843750 1567440038.4510
CHLD 0 1094.187500 1567440038.4810
CHLD 1 1097.820312 1567440038.4810
CHLD 2 1091.226562 1567440038.4815
CHLD 3 1094.843750 1567440038.4815
CHLD 4 10.835938 1567440038.4816
CHLD 5 10.804688 1567440038.4817
CHLD 6 10.695312 1567440038.4817
CHLD 7 10.699219 1567440038.4818
MEM 1136.843750 1567440038.5822
CHLD 0 1094.187500 1567440038.6048
CHLD 1 1097.820312 1567440038.6049
CHLD 2 1091.226562 1567440038.6049
CHLD 3 1094.843750 1567440038.6050
CHLD 4 10.835938 1567440038.6050
CHLD 5 10.804688 1567440038.6051
CHLD 6 10.695312 1567440038.6051
CHLD 7 10.699219 1567440038.6052
MEM 1136.843750 1567440038.7056
CHLD 0 1094.187500 1567440038.7346
CHLD 1 1097.820312 1567440038.7346
CHLD 2 1091.226562 1567440038.7347
CHLD 3 1094.843750 1567440038.7348
CHLD 4 10.835938 1567440038.7348
CHLD 5 10.804688 1567440038.7349
CHLD 6 10.695312 1567440038.7349
CHLD 7 10.699219 1567440038.7350
MEM 1136.843750 1567440038.8360
CHLD 0 1094.437500 1567440038.8724
CHLD 1 1097.820312 1567440038.8725
CHLD 2 1091.226562 1567440038.8725
CHLD 3 1094.843750 1567440038.8726
CHLD 4 10.835938 1567440038.8726
CHLD 5 10.804688 1567440038.8727
CHLD 6 10.695312 1567440038.8728
CHLD 7 10.699219 1567440038.8728
MEM 1136.843750 1567440038.9732
CHLD 0 1094.437500 1567440039.0663
CHLD 1 1098.593750 1567440039.0664
CHLD 2 1091.226562 1567440039.0664
CHLD 3 1094.843750 1567440039.0665
CHLD 4 10.835938 1567440039.0666
CHLD 5 10.804688 1567440039.0666
CHLD 6 10.695312 1567440039.0667
CHLD 7 10.699219 1567440039.0667
MEM 1136.843750 1567440039.1746
CHLD 0 1094.437500 1567440039.2742
CHLD 1 1098.593750 1567440039.2743
CHLD 2 1091.226562 1567440039.2743
CHLD 3 1095.101562 1567440039.2744
CHLD 4 10.835938 1567440039.2745
CHLD 5 10.804688 1567440039.2745
CHLD 6 10.695312 1567440039.2746
CHLD 7 10.699219 1567440039.2746
MEM 1136.843750 1567440039.3753
CHLD 0 1094.437500 1567440039.4365
CHLD 1 1098.593750 1567440039.4366
CHLD 2 1091.226562 1567440039.4367
CHLD 3 1095.101562 1567440039.4367
CHLD 4 10.835938 1567440039.4368
CHLD 5 10.804688 1567440039.4369
CHLD 6 10.695312 1567440039.4369
CHLD 7 10.699219 1567440039.4370
MEM 1136.843750 1567440039.5395
CHLD 0 1094.437500 1567440039.5643
CHLD 1 1098.593750 1567440039.5659
CHLD 2 1091.226562 1567440039.5660
CHLD 3 1095.101562 1567440039.5661
CHLD 4 10.835938 1567440039.5661
CHLD 5 10.804688 1567440039.5662
CHLD 6 10.695312 1567440039.5662
CHLD 7 10.699219 1567440039.5663
MEM 1136.843750 1567440039.6667
CHLD 0 1094.492188 1567440039.6789
CHLD 1 1098.593750 1567440039.6790
CHLD 2 1091.226562 1567440039.6790
CHLD 3 1095.101562 1567440039.6790
CHLD 4 10.835938 1567440039.6791
CHLD 5 10.804688 1567440039.6791
CHLD 6 10.695312 1567440039.6791
CHLD 7 10.699219 1567440039.6792
MEM 1136.843750 1567440039.7801
CHLD 0 1094.492188 1567440039.8166
CHLD 1 1098.593750 1567440039.8167
CHLD 2 1091.226562 1567440039.8167
CHLD 3 1095.617188 1567440039.8168
CHLD 4 10.835938 1567440039.8169
CHLD 5 10.804688 1567440039.8169
CHLD 6 10.695312 1567440039.8170
CHLD 7 10.699219 1567440039.8170
MEM 1136.843750 1567440039.9225
CHLD 0 1094.492188 1567440039.9371
CHLD 1 1098.593750 1567440039.9372
CHLD 2 1091.226562 1567440039.9372
CHLD 3 1095.617188 1567440039.9373
CHLD 4 10.835938 1567440039.9373
CHLD 5 10.804688 1567440039.9374
CHLD 6 10.695312 1567440039.9375
CHLD 7 10.699219 1567440039.9375
MEM 1136.843750 1567440040.0425
CHLD 0 1094.492188 1567440040.1106
CHLD 1 1098.593750 1567440040.1107
CHLD 2 1091.226562 1567440040.1108
CHLD 3 1095.617188 1567440040.1108
CHLD 4 10.835938 1567440040.1109
CHLD 5 10.804688 1567440040.1109
CHLD 6 10.695312 1567440040.1110
CHLD 7 10.699219 1567440040.1110
MEM 1136.843750 1567440040.2115
CHLD 0 1094.492188 1567440040.2579
CHLD 1 1098.593750 1567440040.2580
CHLD 2 1091.484375 1567440040.2581
CHLD 3 1096.906250 1567440040.2582
CHLD 4 10.835938 1567440040.2582
CHLD 5 10.804688 1567440040.2583
CHLD 6 10.695312 1567440040.2584
CHLD 7 10.699219 1567440040.2584
MEM 1136.843750 1567440040.3588
CHLD 0 1094.492188 1567440040.4021
CHLD 1 1098.593750 1567440040.4021
CHLD 2 1091.484375 1567440040.4022
CHLD 3 1097.421875 1567440040.4023
CHLD 4 10.835938 1567440040.4023
CHLD 5 10.804688 1567440040.4024
CHLD 6 10.695312 1567440040.4025
CHLD 7 10.699219 1567440040.4025
MEM 1136.843750 1567440040.5035
CHLD 0 1094.492188 1567440040.5199
CHLD 1 1098.593750 1567440040.5376
CHLD 2 1091.484375 1567440040.5378
CHLD 3 1097.421875 1567440040.5378
CHLD 4 10.835938 1567440040.5379
CHLD 5 10.804688 1567440040.5379
CHLD 6 10.695312 1567440040.5380
CHLD 7 10.699219 1567440040.5380
MEM 1136.843750 1567440040.6385
CHLD 0 1094.492188 1567440040.6522
CHLD 1 1098.593750 1567440040.6523
CHLD 2 1091.484375 1567440040.6523
CHLD 3 1097.421875 1567440040.6524
CHLD 4 10.835938 1567440040.6524
CHLD 5 10.804688 1567440040.6525
CHLD 6 10.695312 1567440040.6526
CHLD 7 10.699219 1567440040.6526
MEM 1136.843750 1567440040.7531
CHLD 0 1094.492188 1567440040.8062
CHLD 1 1098.593750 1567440040.8145
CHLD 2 1091.484375 1567440040.8146
CHLD 3 1097.421875 1567440040.8146
CHLD 4 10.835938 1567440040.8147
CHLD 5 10.804688 1567440040.8148
CHLD 6 10.695312 1567440040.8148
CHLD 7 10.699219 1567440040.8149
MEM 1136.843750 1567440040.9153
CHLD 0 1118.863281 1567440040.9323
CHLD 1 1098.593750 1567440040.9324
CHLD 2 1091.484375 1567440040.9325
CHLD 3 1097.421875 1567440040.9325
CHLD 4 10.835938 1567440040.9326
CHLD 5 10.804688 1567440040.9326
CHLD 6 10.695312 1567440040.9327
CHLD 7 10.699219 1567440040.9328
MEM 1136.843750 1567440041.0336
CHLD 0 1142.066406 1567440041.0541
CHLD 1 1098.593750 1567440041.0542
CHLD 2 1091.484375 1567440041.0543
CHLD 3 1097.421875 1567440041.0543
CHLD 4 10.835938 1567440041.0544
CHLD 5 10.804688 1567440041.0545
CHLD 6 10.695312 1567440041.0545
CHLD 7 10.699219 1567440041.0546
MEM 1136.843750 1567440041.1550
CHLD 0 1168.105469 1567440041.1696
CHLD 1 1098.593750 1567440041.1697
CHLD 2 1091.484375 1567440041.1697
CHLD 3 1097.421875 1567440041.1698
CHLD 4 10.835938 1567440041.1699
CHLD 5 10.804688 1567440041.1699
CHLD 6 10.695312 1567440041.1700
CHLD 7 10.699219 1567440041.1700
MEM 1136.843750 1567440041.2705
CHLD 0 1193.371094 1567440041.3331
CHLD 1 1098.593750 1567440041.3331
CHLD 2 1091.484375 1567440041.3332
CHLD 3 1098.195312 1567440041.3333
CHLD 4 10.835938 1567440041.3333
CHLD 5 10.804688 1567440041.3334
CHLD 6 10.695312 1567440041.3335
CHLD 7 10.699219 1567440041.3335
MEM 1136.843750 1567440041.4375
CHLD 0 1214.769531 1567440041.4669
CHLD 1 1098.593750 1567440041.4670
CHLD 2 1091.484375 1567440041.4671
CHLD 3 1098.195312 1567440041.4673
CHLD 4 10.835938 1567440041.4674
CHLD 5 10.804688 1567440041.4686
CHLD 6 10.695312 1567440041.4687
CHLD 7 10.699219 1567440041.4687
MEM 1136.843750 1567440041.5697
CHLD 0 1235.136719 1567440041.6049
CHLD 1 1098.593750 1567440041.6050
CHLD 2 1091.484375 1567440041.6051
CHLD 3 1098.195312 1567440041.6051
CHLD 4 10.835938 1567440041.6052
CHLD 5 10.804688 1567440041.6052
CHLD 6 10.695312 1567440041.6053
CHLD 7 10.699219 1567440041.6053
MEM 1136.843750 1567440041.7058
CHLD 0 1265.042969 1567440041.7437
CHLD 1 1098.593750 1567440041.7438
CHLD 2 1091.484375 1567440041.7439
CHLD 3 1098.195312 1567440041.7439
CHLD 4 10.835938 1567440041.7440
CHLD 5 10.804688 1567440041.7441
CHLD 6 10.695312 1567440041.7441
CHLD 7 10.699219 1567440041.7444
MEM 1136.843750 1567440041.8449
CHLD 0 1289.277344 1567440041.8573
CHLD 1 1098.593750 1567440041.8573
CHLD 2 1091.484375 1567440041.8574
CHLD 3 1098.195312 1567440041.8574
CHLD 4 10.835938 1567440041.8575
CHLD 5 10.804688 1567440041.8575
CHLD 6 10.695312 1567440041.8576
CHLD 7 10.699219 1567440041.8576
MEM 1136.843750 1567440041.9581
CHLD 0 1311.707031 1567440041.9737
CHLD 1 1098.593750 1567440041.9737
CHLD 2 1091.484375 1567440041.9738
CHLD 3 1098.195312 1567440041.9739
CHLD 4 10.835938 1567440041.9739
CHLD 5 10.804688 1567440041.9740
CHLD 6 10.695312 1567440041.9740
CHLD 7 10.699219 1567440041.9741
MEM 1136.843750 1567440042.0761
CHLD 0 1333.363281 1567440042.0893
CHLD 1 1098.593750 1567440042.0894
CHLD 2 1091.484375 1567440042.0894
CHLD 3 1098.195312 1567440042.0895
CHLD 4 10.835938 1567440042.0896
CHLD 5 10.804688 1567440042.0896
CHLD 6 10.695312 1567440042.0897
CHLD 7 10.699219 1567440042.0897
MEM 1136.843750 1567440042.1901
CHLD 0 1364.816406 1567440042.2048
CHLD 1 1098.593750 1567440042.2048
CHLD 2 1091.742188 1567440042.2049
CHLD 3 1098.195312 1567440042.2050
CHLD 4 10.835938 1567440042.2050
CHLD 5 10.804688 1567440042.2051
CHLD 6 10.695312 1567440042.2051
CHLD 7 10.699219 1567440042.2052
MEM 1136.843750 1567440042.3056
CHLD 0 1400.394531 1567440042.3208
CHLD 1 1098.593750 1567440042.3208
CHLD 2 1091.742188 1567440042.3209
CHLD 3 1098.195312 1567440042.3209
CHLD 4 10.835938 1567440042.3210
CHLD 5 10.804688 1567440042.3210
CHLD 6 10.695312 1567440042.3210
CHLD 7 10.699219 1567440042.3211
MEM 1136.843750 1567440042.4215
CHLD 0 1440.097656 1567440042.4362
CHLD 1 1098.593750 1567440042.4362
CHLD 2 1091.742188 1567440042.4363
CHLD 3 1098.195312 1567440042.4364
CHLD 4 10.835938 1567440042.4364
CHLD 5 10.804688 1567440042.4365
CHLD 6 10.695312 1567440042.4366
CHLD 7 10.699219 1567440042.4366
MEM 1136.843750 1567440042.5370
CHLD 0 1516.410156 1567440042.5538
CHLD 1 1098.593750 1567440042.5538
CHLD 2 1091.742188 1567440042.5539
CHLD 3 1098.195312 1567440042.5539
CHLD 4 10.835938 1567440042.5540
CHLD 5 10.804688 1567440042.5540
CHLD 6 10.695312 1567440042.5541
CHLD 7 10.699219 1567440042.5542
MEM 754.382812 1567440042.6547
CHLD 0 1612.316406 1567440042.6689
CHLD 1 1098.593750 1567440042.6689
CHLD 2 1091.742188 1567440042.6690
CHLD 3 1098.195312 1567440042.6691
CHLD 4 10.835938 1567440042.6691
CHLD 5 10.804688 1567440042.6692
CHLD 6 10.695312 1567440042.6692
CHLD 7 10.699219 1567440042.6693
MEM 833.015625 1567440042.7698
CHLD 0 1691.980469 1567440042.7860
CHLD 1 1098.593750 1567440042.7861
CHLD 2 1091.742188 1567440042.7861
CHLD 3 1098.195312 1567440042.7862
CHLD 4 10.835938 1567440042.7863
CHLD 5 10.804688 1567440042.7863
CHLD 6 10.695312 1567440042.7864
CHLD 7 10.699219 1567440042.7864
MEM 991.054688 1567440042.8870
CHLD 0 1741.480469 1567440042.9116
CHLD 1 1098.593750 1567440042.9116
CHLD 2 1091.742188 1567440042.9117
CHLD 3 1098.195312 1567440042.9118
CHLD 4 10.835938 1567440042.9118
CHLD 5 10.804688 1567440042.9119
CHLD 6 10.695312 1567440042.9119
CHLD 7 10.699219 1567440042.9120
MEM 1107.585938 1567440043.0125
CHLD 0 1838.933594 1567440043.0383
CHLD 1 1098.593750 1567440043.0383
CHLD 2 1091.742188 1567440043.0384
CHLD 3 1098.195312 1567440043.0384
CHLD 4 10.835938 1567440043.0385
CHLD 5 10.804688 1567440043.0386
CHLD 6 10.695312 1567440043.0386
CHLD 7 10.699219 1567440043.0387
MEM 1237.523438 1567440043.1391
CHLD 0 1923.238281 1567440043.1596
CHLD 1 1098.593750 1567440043.1597
CHLD 2 1091.742188 1567440043.1598
CHLD 3 1098.195312 1567440043.1598
CHLD 4 10.835938 1567440043.1599
CHLD 5 10.804688 1567440043.1599
CHLD 6 10.695312 1567440043.1600
CHLD 7 10.699219 1567440043.1601
MEM 1383.187500 1567440043.2605
CHLD 0 1580.207031 1567440043.3032
CHLD 1 1098.593750 1567440043.3033
CHLD 2 1091.742188 1567440043.3033
CHLD 3 1098.195312 1567440043.3034
CHLD 4 10.835938 1567440043.3035
CHLD 5 10.804688 1567440043.3035
CHLD 6 10.695312 1567440043.3042
CHLD 7 10.699219 1567440043.3043
MEM 1488.406250 1567440043.4048
CHLD 0 1685.394531 1567440043.4445
CHLD 1 1098.593750 1567440043.4446
CHLD 2 1091.742188 1567440043.4455
CHLD 3 1098.195312 1567440043.4456
CHLD 4 10.835938 1567440043.4511
CHLD 5 10.804688 1567440043.4514
CHLD 6 10.695312 1567440043.4515
CHLD 7 10.699219 1567440043.4521
MEM 1136.863281 1567440043.5526
CHLD 0 1811.980469 1567440043.5693
CHLD 1 1150.425781 1567440043.5694
CHLD 2 1091.742188 1567440043.5695
CHLD 3 1098.195312 1567440043.5695
CHLD 4 10.835938 1567440043.5696
CHLD 5 10.804688 1567440043.5697
CHLD 6 10.695312 1567440043.5697
CHLD 7 10.699219 1567440043.5698
MEM 1136.863281 1567440043.6702
CHLD 0 1909.433594 1567440043.7154
CHLD 1 1249.425781 1567440043.7155
CHLD 2 1093.195312 1567440043.7155
CHLD 3 1098.195312 1567440043.7156
CHLD 4 10.835938 1567440043.7157
CHLD 5 10.804688 1567440043.7157
CHLD 6 10.695312 1567440043.7158
CHLD 7 10.699219 1567440043.7159
MEM 1136.863281 1567440043.8180
CHLD 0 1514.820312 1567440043.8747
CHLD 1 1345.074219 1567440043.8748
CHLD 2 1093.453125 1567440043.8748
CHLD 3 1098.195312 1567440043.8749
CHLD 4 10.835938 1567440043.8750
CHLD 5 10.804688 1567440043.8750
CHLD 6 10.695312 1567440043.8751
CHLD 7 10.699219 1567440043.8752
MEM 1136.863281 1567440043.9755
CHLD 0 1515.332031 1567440043.9967
CHLD 1 1371.371094 1567440043.9968
CHLD 2 1093.453125 1567440043.9968
CHLD 3 1098.195312 1567440043.9969
CHLD 4 10.835938 1567440043.9970
CHLD 5 10.804688 1567440043.9970
CHLD 6 10.695312 1567440043.9971
CHLD 7 10.699219 1567440043.9973
MEM 1136.863281 1567440044.0986
CHLD 0 1515.730469 1567440044.1157
CHLD 1 1398.183594 1567440044.1158
CHLD 2 1093.453125 1567440044.1159
CHLD 3 1098.195312 1567440044.1159
CHLD 4 10.835938 1567440044.1160
CHLD 5 10.804688 1567440044.1160
CHLD 6 10.695312 1567440044.1161
CHLD 7 10.699219 1567440044.1162
MEM 1136.863281 1567440044.2166
CHLD 0 1516.242188 1567440044.2321
CHLD 1 1440.980469 1567440044.2322
CHLD 2 1093.453125 1567440044.2323
CHLD 3 1098.195312 1567440044.2323
CHLD 4 10.835938 1567440044.2324
CHLD 5 10.804688 1567440044.2325
CHLD 6 10.695312 1567440044.2326
CHLD 7 10.699219 1567440044.2327
MEM 1136.863281 1567440044.3341
CHLD 0 1517.226562 1567440044.3914
CHLD 1 1514.457031 1567440044.3914
CHLD 2 1093.453125 1567440044.3915
CHLD 3 1098.195312 1567440044.3915
CHLD 4 10.835938 1567440044.3915
CHLD 5 10.804688 1567440044.3916
CHLD 6 10.695312 1567440044.3916
CHLD 7 10.699219 1567440044.3916
MEM 726.558594 1567440044.4922
CHLD 0 1517.476562 1567440044.5060
CHLD 1 1550.035156 1567440044.5061
CHLD 2 1093.453125 1567440044.5062
CHLD 3 1098.195312 1567440044.5062
CHLD 4 10.835938 1567440044.5157
CHLD 5 10.804688 1567440044.5231
CHLD 6 10.695312 1567440044.5234
CHLD 7 10.699219 1567440044.5235
MEM 846.441406 1567440044.6239
CHLD 0 1517.730469 1567440044.6635
CHLD 1 1632.792969 1567440044.6635
CHLD 2 1093.453125 1567440044.6636
CHLD 3 1098.195312 1567440044.6636
CHLD 4 10.835938 1567440044.6637
CHLD 5 10.804688 1567440044.6637
CHLD 6 10.695312 1567440044.6638
CHLD 7 10.699219 1567440044.6638
MEM 1010.152344 1567440044.7643
CHLD 0 1518.226562 1567440044.7895
CHLD 1 1717.871094 1567440044.7896
CHLD 2 1093.453125 1567440044.7896
CHLD 3 1098.195312 1567440044.7898
CHLD 4 10.835938 1567440044.7899
CHLD 5 10.804688 1567440044.7899
CHLD 6 10.695312 1567440044.7900
CHLD 7 10.699219 1567440044.7901
MEM 1139.574219 1567440044.8905
CHLD 0 1519.238281 1567440044.9143
CHLD 1 1806.300781 1567440044.9144
CHLD 2 1093.453125 1567440044.9145
CHLD 3 1098.195312 1567440044.9145
CHLD 4 10.835938 1567440044.9146
CHLD 5 10.804688 1567440044.9147
CHLD 6 10.695312 1567440044.9147
CHLD 7 10.699219 1567440044.9148
MEM 1256.363281 1567440045.0152
CHLD 0 1523.046875 1567440045.0415
CHLD 1 1788.757812 1567440045.0416
CHLD 2 1093.453125 1567440045.0416
CHLD 3 1098.195312 1567440045.0417
CHLD 4 10.835938 1567440045.0418
CHLD 5 10.804688 1567440045.0418
CHLD 6 10.695312 1567440045.0419
CHLD 7 10.699219 1567440045.0419
MEM 1390.941406 1567440045.1424
CHLD 0 1525.109375 1567440045.1624
CHLD 1 1644.503906 1567440045.1625
CHLD 2 1093.453125 1567440045.1626
CHLD 3 1098.453125 1567440045.1626
CHLD 4 10.835938 1567440045.1627
CHLD 5 10.804688 1567440045.1627
CHLD 6 10.695312 1567440045.1628
CHLD 7 10.699219 1567440045.1628
MEM 1512.917969 1567440045.2633
CHLD 0 1526.398438 1567440045.2854
CHLD 1 1783.980469 1567440045.2855
CHLD 2 1093.453125 1567440045.2856
CHLD 3 1098.453125 1567440045.2856
CHLD 4 10.835938 1567440045.2857
CHLD 5 10.804688 1567440045.2857
CHLD 6 10.695312 1567440045.2858
CHLD 7 10.699219 1567440045.2858
MEM 1136.871094 1567440045.3863
CHLD 0 1526.398438 1567440045.3994
CHLD 1 1917.425781 1567440045.3994
CHLD 2 1138.304688 1567440045.3995
CHLD 3 1098.453125 1567440045.3996
CHLD 4 10.835938 1567440045.3996
CHLD 5 10.804688 1567440045.3997
CHLD 6 10.695312 1567440045.3997
CHLD 7 10.699219 1567440045.3998
MEM 1136.871094 1567440045.5003
CHLD 0 1527.429688 1567440045.5152
CHLD 1 1518.371094 1567440045.5153
CHLD 2 1217.968750 1567440045.5154
CHLD 3 1098.453125 1567440045.5155
CHLD 4 10.835938 1567440045.5156
CHLD 5 10.804688 1567440045.5157
CHLD 6 10.695312 1567440045.5158
CHLD 7 10.699219 1567440045.5158
MEM 1136.871094 1567440045.6163
CHLD 0 1531.671875 1567440045.6302
CHLD 1 1518.621094 1567440045.6302
CHLD 2 1277.781250 1567440045.6303
CHLD 3 1098.453125 1567440045.6304
CHLD 4 10.835938 1567440045.6304
CHLD 5 10.804688 1567440045.6305
CHLD 6 10.695312 1567440045.6305
CHLD 7 10.699219 1567440045.6306
MEM 1136.871094 1567440045.7310
CHLD 0 1531.671875 1567440045.7886
CHLD 1 1519.136719 1567440045.7887
CHLD 2 1387.093750 1567440045.7887
CHLD 3 1098.453125 1567440045.7888
CHLD 4 10.835938 1567440045.7888
CHLD 5 10.804688 1567440045.7889
CHLD 6 10.695312 1567440045.7890
CHLD 7 10.699219 1567440045.7890
MEM 1136.871094 1567440045.8895
CHLD 0 1531.671875 1567440045.9127
CHLD 1 1519.652344 1567440045.9127
CHLD 2 1490.734375 1567440045.9128
CHLD 3 1098.453125 1567440045.9129
CHLD 4 10.835938 1567440045.9129
CHLD 5 10.804688 1567440045.9161
CHLD 6 10.695312 1567440045.9169
CHLD 7 10.699219 1567440045.9170
MEM 721.152344 1567440046.0175
CHLD 0 1531.671875 1567440046.0632
CHLD 1 1519.910156 1567440046.0633
CHLD 2 1554.414062 1567440046.0633
CHLD 3 1098.453125 1567440046.0634
CHLD 4 10.835938 1567440046.0635
CHLD 5 10.804688 1567440046.0635
CHLD 6 10.695312 1567440046.0636
CHLD 7 10.699219 1567440046.0711
MEM 784.316406 1567440046.1719
CHLD 0 1531.671875 1567440046.2019
CHLD 1 1520.164062 1567440046.2020
CHLD 2 1610.875000 1567440046.2020
CHLD 3 1099.957031 1567440046.2021
CHLD 4 10.835938 1567440046.2022
CHLD 5 10.804688 1567440046.2022
CHLD 6 10.695312 1567440046.2023
CHLD 7 10.699219 1567440046.2024
MEM 865.785156 1567440046.3028
CHLD 0 1531.671875 1567440046.3298
CHLD 1 1520.601562 1567440046.3299
CHLD 2 1682.804688 1567440046.3299
CHLD 3 1099.957031 1567440046.3300
CHLD 4 10.835938 1567440046.3301
CHLD 5 10.804688 1567440046.3301
CHLD 6 10.695312 1567440046.3302
CHLD 7 10.699219 1567440046.3303
MEM 956.019531 1567440046.4309
CHLD 0 1532.671875 1567440046.4577
CHLD 1 1521.359375 1567440046.4577
CHLD 2 1807.585938 1567440046.4578
CHLD 3 1099.957031 1567440046.4578
CHLD 4 10.835938 1567440046.4579
CHLD 5 10.804688 1567440046.4580
CHLD 6 10.695312 1567440046.4580
CHLD 7 10.699219 1567440046.4581
MEM 1077.191406 1567440046.5586
CHLD 0 1532.671875 1567440046.6001
CHLD 1 1521.667969 1567440046.6002
CHLD 2 1528.175781 1567440046.6002
CHLD 3 1099.957031 1567440046.6003
CHLD 4 10.835938 1567440046.6007
CHLD 5 10.804688 1567440046.6017
CHLD 6 10.695312 1567440046.6018
CHLD 7 10.699219 1567440046.6019
MEM 1176.964844 1567440046.7024
CHLD 0 1532.671875 1567440046.7169
CHLD 1 1522.699219 1567440046.7170
CHLD 2 1678.480469 1567440046.7171
CHLD 3 1099.957031 1567440046.7171
CHLD 4 10.835938 1567440046.7172
CHLD 5 10.804688 1567440046.7172
CHLD 6 10.695312 1567440046.7173
CHLD 7 10.699219 1567440046.7174
MEM 1261.785156 1567440046.8179
CHLD 0 1532.671875 1567440046.8558
CHLD 1 1523.988281 1567440046.8559
CHLD 2 1850.699219 1567440046.8559
CHLD 3 1099.957031 1567440046.8560
CHLD 4 10.835938 1567440046.8560
CHLD 5 10.804688 1567440046.8561
CHLD 6 10.695312 1567440046.8561
CHLD 7 10.699219 1567440046.8562
MEM 1363.363281 1567440046.9566
CHLD 0 1532.671875 1567440046.9934
CHLD 1 1524.070312 1567440046.9935
CHLD 2 1514.089844 1567440046.9936
CHLD 3 1099.957031 1567440046.9936
CHLD 4 10.835938 1567440046.9941
CHLD 5 10.804688 1567440046.9942
CHLD 6 10.695312 1567440046.9942
CHLD 7 10.699219 1567440046.9944
MEM 1455.691406 1567440047.0947
CHLD 0 1532.671875 1567440047.1350
CHLD 1 1524.070312 1567440047.1362
CHLD 2 1514.503906 1567440047.1363
CHLD 3 1099.957031 1567440047.1368
CHLD 4 10.835938 1567440047.1369
CHLD 5 10.804688 1567440047.1369
CHLD 6 10.695312 1567440047.1370
CHLD 7 10.699219 1567440047.1371
MEM 1416.871094 1567440047.2375
CHLD 0 1532.671875 1567440047.2673
CHLD 1 1524.070312 1567440047.2674
CHLD 2 1515.015625 1567440047.2675
CHLD 3 1099.957031 1567440047.2675
CHLD 4 10.835938 1567440047.2676
CHLD 5 10.804688 1567440047.2677
CHLD 6 10.695312 1567440047.2677
CHLD 7 10.699219 1567440047.2678
MEM 1136.871094 1567440047.3682
CHLD 0 1532.671875 1567440047.3995
CHLD 1 1524.070312 1567440047.3995
CHLD 2 1515.531250 1567440047.3996
CHLD 3 1167.148438 1567440047.3996
CHLD 4 10.835938 1567440047.3997
CHLD 5 10.804688 1567440047.3998
CHLD 6 10.695312 1567440047.3998
CHLD 7 10.699219 1567440047.4024
MEM 1136.871094 1567440047.5028
CHLD 0 1532.671875 1567440047.5182
CHLD 1 1524.070312 1567440047.5182
CHLD 2 1516.257812 1567440047.5230
CHLD 3 1222.835938 1567440047.5231
CHLD 4 10.835938 1567440047.5232
CHLD 5 10.804688 1567440047.5232
CHLD 6 10.695312 1567440047.5233
CHLD 7 10.699219 1567440047.5233
MEM 1136.871094 1567440047.6241
CHLD 0 1532.671875 1567440047.6468
CHLD 1 1524.070312 1567440047.6468
CHLD 2 1516.757812 1567440047.6469
CHLD 3 1287.289062 1567440047.6474
CHLD 4 10.835938 1567440047.6476
CHLD 5 10.804688 1567440047.6476
CHLD 6 10.695312 1567440047.6477
CHLD 7 10.699219 1567440047.6477
MEM 1136.871094 1567440047.7482
CHLD 0 1532.671875 1567440047.7777
CHLD 1 1524.070312 1567440047.7804
CHLD 2 1517.261719 1567440047.7807
CHLD 3 1373.398438 1567440047.7808
CHLD 4 10.835938 1567440047.7809
CHLD 5 10.804688 1567440047.7809
CHLD 6 10.695312 1567440047.7810
CHLD 7 10.699219 1567440047.7810
MEM 1136.871094 1567440047.8815
CHLD 0 1532.671875 1567440047.9070
CHLD 1 1524.070312 1567440047.9070
CHLD 2 1519.566406 1567440047.9071
CHLD 3 1431.148438 1567440047.9071
CHLD 4 10.835938 1567440047.9072
CHLD 5 10.804688 1567440047.9073
CHLD 6 10.695312 1567440047.9073
CHLD 7 10.699219 1567440047.9074
MEM 1136.871094 1567440048.0147
CHLD 0 1532.671875 1567440048.0404
CHLD 1 1524.070312 1567440048.0404
CHLD 2 1528.589844 1567440048.0405
CHLD 3 1461.054688 1567440048.0406
CHLD 4 10.835938 1567440048.0406
CHLD 5 10.804688 1567440048.0407
CHLD 6 10.695312 1567440048.0407
CHLD 7 10.699219 1567440048.0408
MEM 1136.871094 1567440048.1414
CHLD 0 1532.671875 1567440048.1524
CHLD 1 1524.070312 1567440048.1525
CHLD 2 1528.589844 1567440048.1526
CHLD 3 1500.757812 1567440048.1526
CHLD 4 10.835938 1567440048.1527
CHLD 5 10.804688 1567440048.1527
CHLD 6 10.695312 1567440048.1528
CHLD 7 10.699219 1567440048.1529
MEM 747.339844 1567440048.2535
CHLD 0 1532.671875 1567440048.2660
CHLD 1 1524.070312 1567440048.2661
CHLD 2 1528.589844 1567440048.2662
CHLD 3 1559.539062 1567440048.2662
CHLD 4 10.835938 1567440048.2663
CHLD 5 10.804688 1567440048.2664
CHLD 6 10.695312 1567440048.2664
CHLD 7 10.699219 1567440048.2665
MEM 715.484375 1567440048.3675
CHLD 0 1532.671875 1567440048.4151
CHLD 1 1524.070312 1567440048.4152
CHLD 2 1559.746094 1567440048.4153
CHLD 3 1629.406250 1567440048.4154
CHLD 4 10.835938 1567440048.4154
CHLD 5 10.804688 1567440048.4155
CHLD 6 10.695312 1567440048.4156
CHLD 7 10.699219 1567440048.4156
MEM 715.484375 1567440048.5162
CHLD 0 1532.671875 1567440048.5499
CHLD 1 1524.070312 1567440048.5500
CHLD 2 1567.332031 1567440048.5500
CHLD 3 1680.968750 1567440048.5501
CHLD 4 10.835938 1567440048.5502
CHLD 5 10.804688 1567440048.5502
CHLD 6 10.695312 1567440048.5534
CHLD 7 10.699219 1567440048.5535
MEM 715.484375 1567440048.6540
CHLD 0 1532.671875 1567440048.6686
CHLD 1 1524.070312 1567440048.6687
CHLD 2 1567.332031 1567440048.6687
CHLD 3 1735.625000 1567440048.6688
CHLD 4 10.835938 1567440048.6689
CHLD 5 10.804688 1567440048.6690
CHLD 6 10.695312 1567440048.6691
CHLD 7 10.699219 1567440048.6706
MEM 715.484375 1567440048.7711
CHLD 0 1532.671875 1567440048.7865
CHLD 1 1524.070312 1567440048.7866
CHLD 2 1568.363281 1567440048.7866
CHLD 3 1816.062500 1567440048.7867
CHLD 4 10.835938 1567440048.7867
CHLD 5 10.804688 1567440048.7868
CHLD 6 10.695312 1567440048.7869
CHLD 7 10.699219 1567440048.7869
MEM 715.484375 1567440048.8874
CHLD 0 1532.671875 1567440048.9003
CHLD 1 1524.070312 1567440048.9003
CHLD 2 1570.167969 1567440048.9004
CHLD 3 1881.289062 1567440048.9005
CHLD 4 10.835938 1567440048.9005
CHLD 5 10.804688 1567440048.9006
CHLD 6 10.695312 1567440048.9007
CHLD 7 10.699219 1567440048.9007
MEM 715.484375 1567440049.0012
CHLD 0 1532.671875 1567440049.0338
CHLD 1 1524.070312 1567440049.0339
CHLD 2 1571.714844 1567440049.0340
CHLD 3 1561.039062 1567440049.0340
CHLD 4 10.835938 1567440049.0341
CHLD 5 10.804688 1567440049.0342
CHLD 6 10.695312 1567440049.0342
CHLD 7 10.699219 1567440049.0345
MEM 715.484375 1567440049.1350
CHLD 0 1532.671875 1567440049.1549
CHLD 1 1524.070312 1567440049.1550
CHLD 2 1571.714844 1567440049.1550
CHLD 3 1659.265625 1567440049.1551
CHLD 4 10.835938 1567440049.1551
CHLD 5 10.804688 1567440049.1552
CHLD 6 10.695312 1567440049.1553
CHLD 7 10.699219 1567440049.1554
MEM 715.484375 1567440049.2562
CHLD 0 1532.671875 1567440049.2731
CHLD 1 1524.070312 1567440049.2733
CHLD 2 1571.714844 1567440049.2734
CHLD 3 1773.218750 1567440049.2734
CHLD 4 10.835938 1567440049.2735
CHLD 5 10.804688 1567440049.2736
CHLD 6 10.695312 1567440049.2737
CHLD 7 10.699219 1567440049.2738
MEM 715.484375 1567440049.3743
CHLD 0 1532.671875 1567440049.3936
CHLD 1 1524.070312 1567440049.3937
CHLD 2 1572.230469 1567440049.3938
CHLD 3 1826.585938 1567440049.3939
CHLD 4 10.835938 1567440049.3939
CHLD 5 10.804688 1567440049.3940
CHLD 6 10.695312 1567440049.3940
CHLD 7 10.699219 1567440049.3941
MEM 715.484375 1567440049.4948
CHLD 0 1532.671875 1567440049.5176
CHLD 1 1524.070312 1567440049.5177
CHLD 2 1574.292969 1567440049.5177
CHLD 3 1905.050781 1567440049.5177
CHLD 4 10.835938 1567440049.5178
CHLD 5 10.804688 1567440049.5178
CHLD 6 10.695312 1567440049.5178
CHLD 7 10.699219 1567440049.5179
MEM 715.484375 1567440049.6184
CHLD 0 1532.671875 1567440049.6380
CHLD 1 1524.070312 1567440049.6380
CHLD 2 1574.292969 1567440049.6381
CHLD 3 1675.402344 1567440049.6382
CHLD 4 10.835938 1567440049.6382
CHLD 5 10.804688 1567440049.6383
CHLD 6 10.695312 1567440049.6384
CHLD 7 10.699219 1567440049.6384
MEM 715.484375 1567440049.7389
CHLD 0 1532.671875 1567440049.7544
CHLD 1 1524.070312 1567440049.7545
CHLD 2 1574.808594 1567440049.7545
CHLD 3 1521.031250 1567440049.7546
CHLD 4 10.835938 1567440049.7547
CHLD 5 10.804688 1567440049.7547
CHLD 6 10.695312 1567440049.7548
CHLD 7 10.699219 1567440049.7548
MEM 715.484375 1567440049.8559
CHLD 0 1532.671875 1567440049.8710
CHLD 1 1524.070312 1567440049.8711
CHLD 2 1574.808594 1567440049.8711
CHLD 3 1521.289062 1567440049.8712
CHLD 4 10.835938 1567440049.8712
CHLD 5 10.804688 1567440049.8713
CHLD 6 10.695312 1567440049.8713
CHLD 7 10.699219 1567440049.8714
MEM 715.484375 1567440049.9718
CHLD 0 1532.671875 1567440049.9886
CHLD 1 1524.070312 1567440049.9886
CHLD 2 1574.808594 1567440049.9887
CHLD 3 1521.546875 1567440049.9887
CHLD 4 10.835938 1567440049.9888
CHLD 5 10.804688 1567440049.9888
CHLD 6 10.695312 1567440049.9889
CHLD 7 10.699219 1567440049.9889
MEM 715.484375 1567440050.0909
CHLD 0 1532.671875 1567440050.1045
CHLD 1 1524.070312 1567440050.1045
CHLD 2 1577.902344 1567440050.1046
CHLD 3 1522.062500 1567440050.1046
CHLD 4 10.835938 1567440050.1047
CHLD 5 10.804688 1567440050.1047
CHLD 6 10.695312 1567440050.1048
CHLD 7 10.699219 1567440050.1049
MEM 715.484375 1567440050.2054
CHLD 0 1532.671875 1567440050.2205
CHLD 1 1524.070312 1567440050.2206
CHLD 2 1583.316406 1567440050.2206
CHLD 3 1522.320312 1567440050.2207
CHLD 4 10.835938 1567440050.2207
CHLD 5 10.804688 1567440050.2208
CHLD 6 10.695312 1567440050.2208
CHLD 7 10.699219 1567440050.2209
MEM 715.484375 1567440050.3228
CHLD 0 1532.671875 1567440050.3380
CHLD 1 1524.070312 1567440050.3380
CHLD 2 1583.316406 1567440050.3381
CHLD 3 1522.578125 1567440050.3381
CHLD 4 10.835938 1567440050.3381
CHLD 5 10.804688 1567440050.3382
CHLD 6 10.695312 1567440050.3382
CHLD 7 10.699219 1567440050.3382
MEM 715.484375 1567440050.4395
CHLD 0 1532.671875 1567440050.4888
CHLD 1 1524.070312 1567440050.4888
CHLD 2 1583.316406 1567440050.4889
CHLD 3 1523.089844 1567440050.4889
CHLD 4 10.835938 1567440050.4890
CHLD 5 10.804688 1567440050.4891
CHLD 6 10.695312 1567440050.4891
CHLD 7 10.699219 1567440050.4892
MEM 715.484375 1567440050.5896
CHLD 0 1532.671875 1567440050.6065
CHLD 1 1524.070312 1567440050.6065
CHLD 2 1583.316406 1567440050.6066
CHLD 3 1523.347656 1567440050.6067
CHLD 4 10.835938 1567440050.6067
CHLD 5 10.804688 1567440050.6068
CHLD 6 10.695312 1567440050.6068
CHLD 7 10.699219 1567440050.6069
MEM 715.484375 1567440050.7073
CHLD 0 1532.671875 1567440050.7476
CHLD 1 1524.070312 1567440050.7477
CHLD 2 1571.820312 1567440050.7478
CHLD 3 1523.605469 1567440050.7479
CHLD 4 10.835938 1567440050.7479
CHLD 5 10.804688 1567440050.7547
CHLD 6 10.695312 1567440050.7548
CHLD 7 10.699219 1567440050.7549
MEM 715.484375 1567440050.8553
CHLD 0 1532.671875 1567440050.8896
CHLD 1 1524.070312 1567440050.8897
CHLD 2 1575.687500 1567440050.8897
CHLD 3 1523.863281 1567440050.8898
CHLD 4 10.835938 1567440050.8899
CHLD 5 10.804688 1567440050.8899
CHLD 6 10.695312 1567440050.8900
CHLD 7 10.699219 1567440050.8900
MEM 715.484375 1567440050.9906
CHLD 0 1532.671875 1567440051.0317
CHLD 1 1524.070312 1567440051.0318
CHLD 2 1575.687500 1567440051.0318
CHLD 3 1524.113281 1567440051.0319
CHLD 4 10.835938 1567440051.0320
CHLD 5 10.804688 1567440051.0321
CHLD 6 10.695312 1567440051.0321
CHLD 7 10.699219 1567440051.0322
MEM 715.484375 1567440051.1327
CHLD 0 1532.671875 1567440051.1589
CHLD 1 1524.070312 1567440051.1590
CHLD 2 1577.750000 1567440051.1591
CHLD 3 1524.371094 1567440051.1591
CHLD 4 10.835938 1567440051.1592
CHLD 5 10.804688 1567440051.1593
CHLD 6 10.695312 1567440051.1593
CHLD 7 10.699219 1567440051.1594
MEM 715.484375 1567440051.2598
CHLD 0 1532.671875 1567440051.2931
CHLD 1 1524.070312 1567440051.2931
CHLD 2 1577.750000 1567440051.2932
CHLD 3 1524.886719 1567440051.2932
CHLD 4 10.835938 1567440051.2932
CHLD 5 10.804688 1567440051.2933
CHLD 6 10.695312 1567440051.2933
CHLD 7 10.699219 1567440051.2933
MEM 715.484375 1567440051.3947
CHLD 0 1532.671875 1567440051.4225
CHLD 1 1524.070312 1567440051.4226
CHLD 2 1577.750000 1567440051.4226
CHLD 3 1525.144531 1567440051.4227
CHLD 4 10.835938 1567440051.4227
CHLD 5 10.804688 1567440051.4228
CHLD 6 10.695312 1567440051.4229
CHLD 7 10.699219 1567440051.4229
MEM 715.484375 1567440051.5240
CHLD 0 1532.671875 1567440051.5599
CHLD 1 1524.070312 1567440051.5599
CHLD 2 1582.132812 1567440051.5600
CHLD 3 1525.402344 1567440051.5600
CHLD 4 10.835938 1567440051.5601
CHLD 5 10.804688 1567440051.5602
CHLD 6 10.695312 1567440051.5614
CHLD 7 10.699219 1567440051.5615
MEM 715.484375 1567440051.6619
CHLD 0 1532.671875 1567440051.6848
CHLD 1 1524.070312 1567440051.6849
CHLD 2 1582.132812 1567440051.6849
CHLD 3 1525.917969 1567440051.6850
CHLD 4 10.835938 1567440051.6851
CHLD 5 10.804688 1567440051.6851
CHLD 6 10.695312 1567440051.6852
CHLD 7 10.699219 1567440051.6852
MEM 715.484375 1567440051.7858
CHLD 0 1532.671875 1567440051.8132
CHLD 1 1524.070312 1567440051.8133
CHLD 2 1582.132812 1567440051.8134
CHLD 3 1526.433594 1567440051.8134
CHLD 4 10.835938 1567440051.8135
CHLD 5 10.804688 1567440051.8135
CHLD 6 10.695312 1567440051.8136
CHLD 7 10.699219 1567440051.8136
MEM 715.484375 1567440051.9146
CHLD 0 1532.671875 1567440051.9290
CHLD 1 1524.070312 1567440051.9291
CHLD 2 1582.132812 1567440051.9291
CHLD 3 1527.457031 1567440051.9292
CHLD 4 10.835938 1567440051.9292
CHLD 5 10.804688 1567440051.9293
CHLD 6 10.695312 1567440051.9294
CHLD 7 10.699219 1567440051.9294
MEM 715.484375 1567440052.0302
CHLD 0 1532.671875 1567440052.0609
CHLD 1 1524.070312 1567440052.0610
CHLD 2 1582.132812 1567440052.0611
CHLD 3 1532.609375 1567440052.0612
CHLD 4 10.835938 1567440052.0613
CHLD 5 10.804688 1567440052.0613
CHLD 6 10.695312 1567440052.0614
CHLD 7 10.699219 1567440052.0615
MEM 715.484375 1567440052.1619
CHLD 0 1532.671875 1567440052.1957
CHLD 1 1524.070312 1567440052.1958
CHLD 2 1582.132812 1567440052.1959
CHLD 3 1533.113281 1567440052.1960
CHLD 4 10.835938 1567440052.1961
CHLD 5 10.804688 1567440052.1962
CHLD 6 10.695312 1567440052.1962
CHLD 7 10.699219 1567440052.1963
MEM 715.484375 1567440052.2969
CHLD 0 1532.671875 1567440052.3106
CHLD 1 1524.070312 1567440052.3107
CHLD 2 1582.132812 1567440052.3107
CHLD 3 1533.371094 1567440052.3108
CHLD 4 10.835938 1567440052.3109
CHLD 5 10.804688 1567440052.3109
CHLD 6 10.695312 1567440052.3110
CHLD 7 10.699219 1567440052.3110
MEM 715.484375 1567440052.4120
CHLD 0 1532.671875 1567440052.4313
CHLD 1 1524.070312 1567440052.4313
CHLD 2 1582.132812 1567440052.4314
CHLD 3 1533.371094 1567440052.4315
CHLD 4 10.835938 1567440052.4315
CHLD 5 10.804688 1567440052.4316
CHLD 6 10.695312 1567440052.4317
CHLD 7 10.699219 1567440052.4317
MEM 715.484375 1567440052.5338
CHLD 0 1532.671875 1567440052.5477
CHLD 1 1524.070312 1567440052.5478
CHLD 2 1582.132812 1567440052.5479
CHLD 3 1535.691406 1567440052.5479
CHLD 4 10.835938 1567440052.5480
CHLD 5 10.804688 1567440052.5480
CHLD 6 10.695312 1567440052.5481
CHLD 7 10.699219 1567440052.5482
MEM 715.484375 1567440052.6486
CHLD 0 1532.671875 1567440052.6780
CHLD 1 1524.070312 1567440052.6781
CHLD 2 1582.132812 1567440052.6781
CHLD 3 1535.949219 1567440052.6782
CHLD 4 10.835938 1567440052.6782
CHLD 5 10.804688 1567440052.6823
CHLD 6 10.695312 1567440052.6824
CHLD 7 10.699219 1567440052.6824
MEM 715.484375 1567440052.7829
CHLD 0 1532.671875 1567440052.8207
CHLD 1 1524.070312 1567440052.8207
CHLD 2 1582.132812 1567440052.8208
CHLD 3 1536.722656 1567440052.8208
CHLD 4 10.835938 1567440052.8209
CHLD 5 10.804688 1567440052.8209
CHLD 6 10.695312 1567440052.8210
CHLD 7 10.699219 1567440052.8210
MEM 715.484375 1567440052.9227
CHLD 0 1532.671875 1567440052.9378
CHLD 1 1524.070312 1567440052.9379
CHLD 2 1583.937500 1567440052.9379
CHLD 3 1539.042969 1567440052.9380
CHLD 4 10.835938 1567440052.9381
CHLD 5 10.804688 1567440052.9381
CHLD 6 10.695312 1567440052.9382
CHLD 7 10.699219 1567440052.9382
MEM 715.484375 1567440053.0466
CHLD 0 1532.671875 1567440053.0956
CHLD 1 1524.070312 1567440053.0957
CHLD 2 1584.968750 1567440053.0991
CHLD 3 1539.042969 1567440053.0993
CHLD 4 10.835938 1567440053.0994
CHLD 5 10.804688 1567440053.0994
CHLD 6 10.695312 1567440053.0995
CHLD 7 10.699219 1567440053.0995
MEM 715.484375 1567440053.2001
CHLD 0 1532.671875 1567440053.2169
CHLD 1 1524.070312 1567440053.2170
CHLD 2 1584.968750 1567440053.2170
CHLD 3 1539.042969 1567440053.2171
CHLD 4 10.835938 1567440053.2172
CHLD 5 10.804688 1567440053.2172
CHLD 6 10.695312 1567440053.2173
CHLD 7 10.699219 1567440053.2173
MEM 715.484375 1567440053.3179
CHLD 0 1532.671875 1567440053.3719
CHLD 1 1524.070312 1567440053.3720
CHLD 2 1584.968750 1567440053.3721
CHLD 3 1539.042969 1567440053.3721
CHLD 4 10.835938 1567440053.3722
CHLD 5 10.804688 1567440053.3723
CHLD 6 10.695312 1567440053.3723
CHLD 7 10.699219 1567440053.3724
MEM 715.484375 1567440053.4728
CHLD 0 1532.671875 1567440053.4926
CHLD 1 1524.070312 1567440053.4927
CHLD 2 1584.968750 1567440053.4928
CHLD 3 1539.042969 1567440053.4928
CHLD 4 10.835938 1567440053.4929
CHLD 5 10.804688 1567440053.4929
CHLD 6 10.695312 1567440053.4930
CHLD 7 10.699219 1567440053.4930
MEM 715.484375 1567440053.5935
CHLD 0 1532.671875 1567440053.6088
CHLD 1 1524.070312 1567440053.6088
CHLD 2 1572.269531 1567440053.6089
CHLD 3 1539.042969 1567440053.6089
CHLD 4 10.835938 1567440053.6089
CHLD 5 10.804688 1567440053.6090
CHLD 6 10.695312 1567440053.6090
CHLD 7 10.699219 1567440053.6090
MEM 715.484375 1567440053.7094
CHLD 0 1532.671875 1567440053.7726
CHLD 1 1524.070312 1567440053.7726
CHLD 2 1579.746094 1567440053.7727
CHLD 3 1539.042969 1567440053.7727
CHLD 4 10.835938 1567440053.7728
CHLD 5 10.804688 1567440053.7729
CHLD 6 10.695312 1567440053.7729
CHLD 7 10.699219 1567440053.7730
MEM 715.484375 1567440053.8735
CHLD 0 1532.671875 1567440053.9067
CHLD 1 1524.070312 1567440053.9068
CHLD 2 1579.746094 1567440053.9068
CHLD 3 1539.042969 1567440053.9069
CHLD 4 10.835938 1567440053.9070
CHLD 5 10.804688 1567440053.9070
CHLD 6 10.695312 1567440053.9071
CHLD 7 10.699219 1567440053.9072
MEM 715.484375 1567440054.0093
CHLD 0 1532.671875 1567440054.0307
CHLD 1 1524.070312 1567440054.0308
CHLD 2 1581.035156 1567440054.0309
CHLD 3 1539.042969 1567440054.0309
CHLD 4 10.835938 1567440054.0310
CHLD 5 10.804688 1567440054.0310
CHLD 6 10.695312 1567440054.0311
CHLD 7 10.699219 1567440054.0312
MEM 715.484375 1567440054.1320
CHLD 0 1532.671875 1567440054.1459
CHLD 1 1524.070312 1567440054.1460
CHLD 2 1581.035156 1567440054.1461
CHLD 3 1539.042969 1567440054.1461
CHLD 4 10.835938 1567440054.1462
CHLD 5 10.804688 1567440054.1462
CHLD 6 10.695312 1567440054.1544
CHLD 7 10.699219 1567440054.1545
MEM 715.484375 1567440054.2550
CHLD 0 1532.671875 1567440054.2935
CHLD 1 1524.070312 1567440054.2936
CHLD 2 1582.066406 1567440054.2937
CHLD 3 1539.042969 1567440054.2937
CHLD 4 10.835938 1567440054.2938
CHLD 5 10.804688 1567440054.2939
CHLD 6 10.695312 1567440054.2939
CHLD 7 10.699219 1567440054.2940
MEM 715.484375 1567440054.3961
CHLD 0 1532.671875 1567440054.4327
CHLD 1 1524.070312 1567440054.4328
CHLD 2 1582.066406 1567440054.4328
CHLD 3 1539.042969 1567440054.4329
CHLD 4 10.835938 1567440054.4329
CHLD 5 10.804688 1567440054.4330
CHLD 6 10.695312 1567440054.4330
CHLD 7 10.699219 1567440054.4331
MEM 715.484375 1567440054.5335
CHLD 0 1532.671875 1567440054.5509
CHLD 1 1524.070312 1567440054.5510
CHLD 2 1582.066406 1567440054.5511
CHLD 3 1539.042969 1567440054.5511
CHLD 4 10.835938 1567440054.5512
CHLD 5 10.804688 1567440054.5513
CHLD 6 10.695312 1567440054.5513
CHLD 7 10.699219 1567440054.5514
MEM 715.484375 1567440054.6518
CHLD 0 1532.671875 1567440054.6661
CHLD 1 1524.070312 1567440054.6662
CHLD 2 1583.613281 1567440054.6904
CHLD 3 1539.042969 1567440054.6905
CHLD 4 10.835938 1567440054.6906
CHLD 5 10.804688 1567440054.6907
CHLD 6 10.695312 1567440054.6908
CHLD 7 10.699219 1567440054.6908
MEM 715.484375 1567440054.7912
CHLD 0 1532.671875 1567440054.8083
CHLD 1 1524.070312 1567440054.8084
CHLD 2 1583.613281 1567440054.8085
CHLD 3 1539.042969 1567440054.8085
CHLD 4 10.835938 1567440054.8086
CHLD 5 10.804688 1567440054.8086
CHLD 6 10.695312 1567440054.8087
CHLD 7 10.699219 1567440054.8088
MEM 715.484375 1567440054.9092
CHLD 0 1532.671875 1567440054.9248
CHLD 1 1524.070312 1567440054.9249
CHLD 2 1583.613281 1567440054.9249
CHLD 3 1539.042969 1567440054.9250
CHLD 4 10.835938 1567440054.9251
CHLD 5 10.804688 1567440054.9251
CHLD 6 10.695312 1567440054.9252
CHLD 7 10.699219 1567440054.9252
MEM 715.484375 1567440055.0257
CHLD 0 1532.671875 1567440055.0466
CHLD 1 1524.070312 1567440055.0467
CHLD 2 1583.613281 1567440055.0468
CHLD 3 1539.042969 1567440055.0468
CHLD 4 10.835938 1567440055.0469
CHLD 5 10.804688 1567440055.0470
CHLD 6 10.695312 1567440055.0470
CHLD 7 10.699219 1567440055.0471
MEM 715.484375 1567440055.1475
CHLD 0 1532.671875 1567440055.1922
CHLD 1 1524.070312 1567440055.1922
CHLD 2 1583.613281 1567440055.1923
CHLD 3 1539.042969 1567440055.1923
CHLD 4 10.835938 1567440055.1924
CHLD 5 10.804688 1567440055.1925
CHLD 6 10.695312 1567440055.1925
CHLD 7 10.699219 1567440055.1926
MEM 715.484375 1567440055.2932
CHLD 0 1532.671875 1567440055.3333
CHLD 1 1524.070312 1567440055.3333
CHLD 2 1583.613281 1567440055.3334
CHLD 3 1539.042969 1567440055.3334
CHLD 4 10.835938 1567440055.3335
CHLD 5 10.804688 1567440055.3335
CHLD 6 10.695312 1567440055.3336
CHLD 7 10.699219 1567440055.3337
MEM 715.484375 1567440055.4345
CHLD 0 1532.671875 1567440055.4741
CHLD 1 1524.070312 1567440055.4742
CHLD 2 1572.117188 1567440055.4743
CHLD 3 1539.042969 1567440055.4744
CHLD 4 10.835938 1567440055.4745
CHLD 5 10.804688 1567440055.4746
CHLD 6 10.695312 1567440055.4747
CHLD 7 10.699219 1567440055.4749
MEM 715.484375 1567440055.5776
CHLD 0 1532.671875 1567440055.6752
CHLD 1 1524.070312 1567440055.6753
CHLD 2 1579.078125 1567440055.6754
CHLD 3 1539.042969 1567440055.6754
CHLD 4 10.835938 1567440055.6755
CHLD 5 10.804688 1567440055.6755
CHLD 6 10.695312 1567440055.6756
CHLD 7 10.699219 1567440055.6757
MEM 715.484375 1567440055.7765
CHLD 0 1532.671875 1567440055.8073
CHLD 1 1524.070312 1567440055.8073
CHLD 2 1582.429688 1567440055.8074
CHLD 3 1539.042969 1567440055.8074
CHLD 4 10.835938 1567440055.8075
CHLD 5 10.804688 1567440055.8075
CHLD 6 10.695312 1567440055.8076
CHLD 7 10.699219 1567440055.8077
MEM 715.484375 1567440055.9086
CHLD 0 1532.671875 1567440055.9329
CHLD 1 1524.070312 1567440055.9329
CHLD 2 1582.429688 1567440055.9330
CHLD 3 1539.042969 1567440055.9331
CHLD 4 10.835938 1567440055.9331
CHLD 5 10.804688 1567440055.9332
CHLD 6 10.695312 1567440055.9332
CHLD 7 10.699219 1567440055.9333
MEM 715.484375 1567440056.0357
CHLD 0 1532.671875 1567440056.0503
CHLD 1 1524.070312 1567440056.0526
CHLD 2 1582.429688 1567440056.0528
CHLD 3 1539.042969 1567440056.0528
CHLD 4 10.835938 1567440056.0529
CHLD 5 10.804688 1567440056.0530
CHLD 6 10.695312 1567440056.0530
CHLD 7 10.699219 1567440056.0531
MEM 715.484375 1567440056.1555
CHLD 0 1532.671875 1567440056.1980
CHLD 1 1524.070312 1567440056.1981
CHLD 2 1585.523438 1567440056.1982
CHLD 3 1539.042969 1567440056.1983
CHLD 4 10.835938 1567440056.1984
CHLD 5 10.804688 1567440056.1984
CHLD 6 10.695312 1567440056.1985
CHLD 7 10.699219 1567440056.1985
MEM 715.484375 1567440056.2990
CHLD 0 1532.671875 1567440056.3217
CHLD 1 1524.070312 1567440056.3218
CHLD 2 1585.523438 1567440056.3219
CHLD 3 1539.042969 1567440056.3219
CHLD 4 10.835938 1567440056.3220
CHLD 5 10.804688 1567440056.3221
CHLD 6 10.695312 1567440056.3221
CHLD 7 10.699219 1567440056.3226
MEM 715.484375 1567440056.4347
CHLD 0 1532.671875 1567440056.4628
CHLD 1 1524.070312 1567440056.4629
CHLD 2 1585.523438 1567440056.4629
CHLD 3 1539.042969 1567440056.4630
CHLD 4 10.835938 1567440056.4631
CHLD 5 10.804688 1567440056.4631
CHLD 6 10.695312 1567440056.4632
CHLD 7 10.699219 1567440056.4633
MEM 715.484375 1567440056.5638
CHLD 0 1532.671875 1567440056.5852
CHLD 1 1524.070312 1567440056.5853
CHLD 2 1585.523438 1567440056.5853
CHLD 3 1539.042969 1567440056.5854
CHLD 4 10.835938 1567440056.5854
CHLD 5 10.804688 1567440056.5855
CHLD 6 10.695312 1567440056.5855
CHLD 7 10.699219 1567440056.5856
MEM 715.484375 1567440056.6860
CHLD 0 1532.671875 1567440056.7092
CHLD 1 1524.070312 1567440056.7092
CHLD 2 1585.523438 1567440056.7093
CHLD 3 1539.042969 1567440056.7094
CHLD 4 10.835938 1567440056.7094
CHLD 5 10.804688 1567440056.7095
CHLD 6 10.695312 1567440056.7095
CHLD 7 10.699219 1567440056.7095
MEM 715.484375 1567440056.8100
CHLD 0 1532.671875 1567440056.8257
CHLD 1 1524.070312 1567440056.8258
CHLD 2 1585.523438 1567440056.8258
CHLD 3 1539.042969 1567440056.8259
CHLD 4 10.835938 1567440056.8259
CHLD 5 10.804688 1567440056.8260
CHLD 6 10.695312 1567440056.8260
CHLD 7 10.699219 1567440056.8261
MEM 715.484375 1567440056.9268
CHLD 0 1532.671875 1567440056.9545
CHLD 1 1524.070312 1567440056.9546
CHLD 2 1585.523438 1567440056.9579
CHLD 3 1539.042969 1567440056.9580
CHLD 4 10.835938 1567440056.9581
CHLD 5 10.804688 1567440056.9581
CHLD 6 10.695312 1567440056.9582
CHLD 7 10.699219 1567440056.9582
MEM 715.484375 1567440057.0588
CHLD 0 1532.671875 1567440057.0726
CHLD 1 1524.070312 1567440057.0727
CHLD 2 1585.523438 1567440057.0727
CHLD 3 1539.042969 1567440057.0728
CHLD 4 10.835938 1567440057.0728
CHLD 5 10.804688 1567440057.0729
CHLD 6 10.695312 1567440057.0729
CHLD 7 10.699219 1567440057.0730
MEM 715.484375 1567440057.1737
CHLD 0 1532.671875 1567440057.1895
CHLD 1 1524.070312 1567440057.1896
CHLD 2 1585.523438 1567440057.1897
CHLD 3 1539.042969 1567440057.1897
CHLD 4 10.835938 1567440057.1898
CHLD 5 10.804688 1567440057.1898
CHLD 6 10.695312 1567440057.1899
CHLD 7 10.699219 1567440057.1900
MEM 715.484375 1567440057.2904
CHLD 0 1532.671875 1567440057.3008
CHLD 1 1524.070312 1567440057.3009
CHLD 2 1587.843750 1567440057.3010
CHLD 3 1539.042969 1567440057.3010
CHLD 4 10.835938 1567440057.3011
CHLD 5 10.804688 1567440057.3011
CHLD 6 10.695312 1567440057.3012
CHLD 7 10.699219 1567440057.3012
MEM 715.484375 1567440057.4017
CHLD 0 1532.671875 1567440057.4150
CHLD 1 1524.070312 1567440057.4151
CHLD 2 1581.304688 1567440057.4152
CHLD 3 1539.042969 1567440057.4153
CHLD 4 10.835938 1567440057.4154
CHLD 5 10.804688 1567440057.4154
CHLD 6 10.695312 1567440057.4157
CHLD 7 10.699219 1567440057.4158
MEM 715.484375 1567440057.5162
CHLD 0 1532.671875 1567440057.5314
CHLD 1 1524.070312 1567440057.5315
CHLD 2 1581.304688 1567440057.5316
CHLD 3 1539.042969 1567440057.5316
CHLD 4 10.835938 1567440057.5317
CHLD 5 10.804688 1567440057.5318
CHLD 6 10.695312 1567440057.5318
CHLD 7 10.699219 1567440057.5319
MEM 715.484375 1567440057.6323
CHLD 0 1532.671875 1567440057.6527
CHLD 1 1524.070312 1567440057.6528
CHLD 2 1582.851562 1567440057.6529
CHLD 3 1539.042969 1567440057.6530
CHLD 4 10.835938 1567440057.6531
CHLD 5 10.804688 1567440057.6531
CHLD 6 10.695312 1567440057.6532
CHLD 7 10.699219 1567440057.6533
MEM 715.484375 1567440057.7539
CHLD 0 1532.671875 1567440057.7673
CHLD 1 1524.070312 1567440057.7674
CHLD 2 1582.851562 1567440057.7675
CHLD 3 1539.042969 1567440057.7675
CHLD 4 10.835938 1567440057.7676
CHLD 5 10.804688 1567440057.7677
CHLD 6 10.695312 1567440057.7677
CHLD 7 10.699219 1567440057.7678
MEM 715.484375 1567440057.8746
CHLD 0 1532.671875 1567440057.9234
CHLD 1 1524.070312 1567440057.9234
CHLD 2 1583.109375 1567440057.9235
CHLD 3 1539.042969 1567440057.9260
CHLD 4 10.835938 1567440057.9261
CHLD 5 10.804688 1567440057.9261
CHLD 6 10.695312 1567440057.9262
CHLD 7 10.699219 1567440057.9273
MEM 715.484375 1567440058.0278
CHLD 0 1532.671875 1567440058.0529
CHLD 1 1524.070312 1567440058.0530
CHLD 2 1583.109375 1567440058.0531
CHLD 3 1539.042969 1567440058.0531
CHLD 4 10.835938 1567440058.0531
CHLD 5 10.804688 1567440058.0532
CHLD 6 10.695312 1567440058.0532
CHLD 7 10.699219 1567440058.0532
MEM 715.484375 1567440058.1536
CHLD 0 1532.671875 1567440058.1664
CHLD 1 1524.070312 1567440058.1665
CHLD 2 1583.109375 1567440058.1666
CHLD 3 1539.042969 1567440058.1666
CHLD 4 10.835938 1567440058.1667
CHLD 5 10.804688 1567440058.1667
CHLD 6 10.695312 1567440058.1668
CHLD 7 10.699219 1567440058.1668
MEM 715.484375 1567440058.2673
CHLD 0 1532.671875 1567440058.2813
CHLD 1 1524.070312 1567440058.2814
CHLD 2 1583.109375 1567440058.2815
CHLD 3 1539.042969 1567440058.2815
CHLD 4 10.835938 1567440058.2816
CHLD 5 10.804688 1567440058.2816
CHLD 6 10.695312 1567440058.2817
CHLD 7 10.699219 1567440058.2817
MEM 715.484375 1567440058.3822
CHLD 0 1532.671875 1567440058.4054
CHLD 1 1524.070312 1567440058.4055
CHLD 2 1583.109375 1567440058.4055
CHLD 3 1539.042969 1567440058.4056
CHLD 4 10.835938 1567440058.4056
CHLD 5 10.804688 1567440058.4057
CHLD 6 10.695312 1567440058.4057
CHLD 7 10.699219 1567440058.4058
MEM 715.484375 1567440058.5064
CHLD 0 1532.671875 1567440058.5192
CHLD 1 1524.070312 1567440058.5193
CHLD 2 1583.109375 1567440058.5194
CHLD 3 1539.042969 1567440058.5194
CHLD 4 10.835938 1567440058.5195
CHLD 5 10.804688 1567440058.5195
CHLD 6 10.695312 1567440058.5196
CHLD 7 10.699219 1567440058.5196
MEM 715.484375 1567440058.6201
CHLD 0 1532.671875 1567440058.6340
CHLD 1 1524.070312 1567440058.6341
CHLD 2 1583.109375 1567440058.6342
CHLD 3 1539.042969 1567440058.6342
CHLD 4 10.835938 1567440058.6343
CHLD 5 10.804688 1567440058.6344
CHLD 6 10.695312 1567440058.6344
CHLD 7 10.699219 1567440058.6345
MEM 715.484375 1567440058.7349
CHLD 0 1532.671875 1567440058.7511
CHLD 1 1524.070312 1567440058.7512
CHLD 2 1583.109375 1567440058.7512
CHLD 3 1539.042969 1567440058.7513
CHLD 4 10.835938 1567440058.7513
CHLD 5 10.804688 1567440058.7514
CHLD 6 10.695312 1567440058.7515
CHLD 7 10.699219 1567440058.7515
MEM 715.484375 1567440058.8520
CHLD 0 1532.671875 1567440058.8676
CHLD 1 1524.070312 1567440058.8677
CHLD 2 1583.109375 1567440058.8677
CHLD 3 1539.042969 1567440058.8678
CHLD 4 10.835938 1567440058.8678
CHLD 5 10.804688 1567440058.8679
CHLD 6 10.695312 1567440058.8679
CHLD 7 10.699219 1567440058.8680
MEM 715.484375 1567440058.9683
CHLD 0 1532.671875 1567440058.9808
CHLD 1 1524.070312 1567440058.9809
CHLD 2 1583.109375 1567440058.9809
CHLD 3 1539.042969 1567440058.9810
CHLD 4 10.835938 1567440058.9811
CHLD 5 10.804688 1567440058.9811
CHLD 6 10.695312 1567440058.9812
CHLD 7 10.699219 1567440058.9812
MEM 715.484375 1567440059.0817
CHLD 0 1532.671875 1567440059.0986
CHLD 1 1524.070312 1567440059.0987
CHLD 2 1583.109375 1567440059.0987
CHLD 3 1539.042969 1567440059.0988
CHLD 4 10.835938 1567440059.0989
CHLD 5 10.804688 1567440059.0989
CHLD 6 10.695312 1567440059.0990
CHLD 7 10.699219 1567440059.0990
MEM 715.484375 1567440059.1996
CHLD 0 1532.671875 1567440059.2138
CHLD 1 1524.070312 1567440059.2139
CHLD 2 1583.109375 1567440059.2140
CHLD 3 1539.042969 1567440059.2140
CHLD 4 10.835938 1567440059.2141
CHLD 5 10.804688 1567440059.2142
CHLD 6 10.695312 1567440059.2142
CHLD 7 10.699219 1567440059.2149
MEM 715.484375 1567440059.3157
CHLD 0 1532.671875 1567440059.3274
CHLD 1 1524.070312 1567440059.3274
CHLD 2 1583.109375 1567440059.3275
CHLD 3 1539.042969 1567440059.3275
CHLD 4 10.835938 1567440059.3276
CHLD 5 10.804688 1567440059.3291
CHLD 6 10.695312 1567440059.3291
CHLD 7 10.699219 1567440059.3292
MEM 715.484375 1567440059.4296
CHLD 0 1532.671875 1567440059.4419
CHLD 1 1524.070312 1567440059.4420
CHLD 2 1583.109375 1567440059.4421
CHLD 3 1539.042969 1567440059.4421
CHLD 4 10.835938 1567440059.4422
CHLD 5 10.804688 1567440059.4423
CHLD 6 10.695312 1567440059.4423
CHLD 7 10.699219 1567440059.4424
MEM 715.484375 1567440059.5428
CHLD 0 1532.671875 1567440059.5681
CHLD 1 1524.070312 1567440059.5682
CHLD 2 1583.109375 1567440059.5683
CHLD 3 1539.042969 1567440059.5683
CHLD 4 10.835938 1567440059.5684
CHLD 5 10.804688 1567440059.5685
CHLD 6 10.695312 1567440059.5685
CHLD 7 10.699219 1567440059.5686
MEM 715.484375 1567440059.6690
CHLD 0 1532.671875 1567440059.6799
CHLD 1 1524.070312 1567440059.6800
CHLD 2 1583.109375 1567440059.6800
CHLD 3 1539.042969 1567440059.6801
CHLD 4 10.835938 1567440059.6801
CHLD 5 10.804688 1567440059.6801
CHLD 6 10.695312 1567440059.6802
CHLD 7 10.699219 1567440059.6802
MEM 715.484375 1567440059.7807
CHLD 0 1532.671875 1567440059.7922
CHLD 1 1524.070312 1567440059.7923
CHLD 2 1583.109375 1567440059.7923
CHLD 3 1539.042969 1567440059.7924
CHLD 4 10.835938 1567440059.7924
CHLD 5 10.804688 1567440059.7924
CHLD 6 10.695312 1567440059.7925
CHLD 7 10.699219 1567440059.7925
MEM 715.484375 1567440059.8930
CHLD 0 1532.671875 1567440059.9066
CHLD 1 1524.070312 1567440059.9066
CHLD 2 1583.109375 1567440059.9067
CHLD 3 1539.042969 1567440059.9067
CHLD 4 10.835938 1567440059.9068
CHLD 5 10.804688 1567440059.9069
CHLD 6 10.695312 1567440059.9070
CHLD 7 10.699219 1567440059.9070
MEM 715.484375 1567440060.0091
CHLD 0 1532.671875 1567440060.0261
CHLD 1 1524.070312 1567440060.0261
CHLD 2 1583.109375 1567440060.0262
CHLD 3 1539.042969 1567440060.0263
CHLD 4 10.835938 1567440060.0263
CHLD 5 10.804688 1567440060.0264
CHLD 6 10.695312 1567440060.0265
CHLD 7 10.699219 1567440060.0265
MEM 715.484375 1567440060.1270
CHLD 0 1532.671875 1567440060.1416
CHLD 1 1524.070312 1567440060.1417
CHLD 2 1583.109375 1567440060.1418
CHLD 3 1539.042969 1567440060.1419
CHLD 4 10.835938 1567440060.1419
CHLD 5 10.804688 1567440060.1420
CHLD 6 10.695312 1567440060.1420
CHLD 7 10.699219 1567440060.1421
MEM 715.484375 1567440060.2426
CHLD 0 1532.671875 1567440060.2645
CHLD 1 1524.070312 1567440060.2645
CHLD 2 1583.109375 1567440060.2646
CHLD 3 1539.042969 1567440060.2646
CHLD 4 10.835938 1567440060.2646
CHLD 5 10.804688 1567440060.2647
CHLD 6 10.695312 1567440060.2647
CHLD 7 10.699219 1567440060.2647
MEM 715.484375 1567440060.3652
CHLD 0 1532.671875 1567440060.3914
CHLD 1 1524.070312 1567440060.3915
CHLD 2 1583.109375 1567440060.3915
CHLD 3 1539.042969 1567440060.3916
CHLD 4 10.835938 1567440060.3917
CHLD 5 10.804688 1567440060.3917
CHLD 6 10.695312 1567440060.3918
CHLD 7 10.699219 1567440060.3918
MEM 715.484375 1567440060.4923
CHLD 0 1532.671875 1567440060.5074
CHLD 1 1524.070312 1567440060.5075
CHLD 2 1583.109375 1567440060.5075
CHLD 3 1539.042969 1567440060.5075
CHLD 4 10.835938 1567440060.5076
CHLD 5 10.804688 1567440060.5076
CHLD 6 10.695312 1567440060.5076
CHLD 7 10.699219 1567440060.5077
MEM 715.484375 1567440060.6080
CHLD 0 1532.671875 1567440060.6213
CHLD 1 1524.070312 1567440060.6213
CHLD 2 1583.109375 1567440060.6214
CHLD 3 1539.042969 1567440060.6214
CHLD 4 10.835938 1567440060.6215
CHLD 5 10.804688 1567440060.6216
CHLD 6 10.695312 1567440060.6216
CHLD 7 10.699219 1567440060.6217
MEM 715.484375 1567440060.7221
CHLD 0 1532.671875 1567440060.7357
CHLD 1 1524.070312 1567440060.7357
CHLD 2 1583.109375 1567440060.7358
CHLD 3 1539.042969 1567440060.7358
CHLD 4 10.835938 1567440060.7359
CHLD 5 10.804688 1567440060.7359
CHLD 6 10.695312 1567440060.7359
CHLD 7 10.699219 1567440060.7360
MEM 715.484375 1567440060.8364
CHLD 0 1532.671875 1567440060.8499
CHLD 1 1524.070312 1567440060.8500
CHLD 2 1583.109375 1567440060.8501
CHLD 3 1539.042969 1567440060.8501
CHLD 4 10.835938 1567440060.8502
CHLD 5 10.804688 1567440060.8503
CHLD 6 10.695312 1567440060.8504
CHLD 7 10.699219 1567440060.8504
MEM 715.484375 1567440060.9509
CHLD 0 1532.671875 1567440060.9625
CHLD 1 1524.070312 1567440060.9626
CHLD 2 1583.109375 1567440060.9626
CHLD 3 1539.042969 1567440060.9627
CHLD 4 10.835938 1567440060.9628
CHLD 5 10.804688 1567440060.9629
CHLD 6 10.695312 1567440060.9630
CHLD 7 10.699219 1567440060.9630
MEM 715.484375 1567440061.0636
CHLD 0 1532.671875 1567440061.0772
CHLD 1 1524.070312 1567440061.0773
CHLD 2 1583.109375 1567440061.0775
CHLD 3 1539.042969 1567440061.0776
CHLD 4 10.835938 1567440061.0777
CHLD 5 10.804688 1567440061.0777
CHLD 6 10.695312 1567440061.0778
CHLD 7 10.699219 1567440061.0778
MEM 715.484375 1567440061.1782
CHLD 0 1532.671875 1567440061.1898
CHLD 1 1524.070312 1567440061.1899
CHLD 2 1583.109375 1567440061.1899
CHLD 3 1539.042969 1567440061.1900
CHLD 4 10.835938 1567440061.1900
CHLD 5 10.804688 1567440061.1900
CHLD 6 10.695312 1567440061.1901
CHLD 7 10.699219 1567440061.1901
MEM 715.484375 1567440061.2905
CHLD 0 1532.671875 1567440061.3016
CHLD 1 1524.070312 1567440061.3016
CHLD 2 1583.109375 1567440061.3017
CHLD 3 1539.042969 1567440061.3017
CHLD 4 10.835938 1567440061.3017
CHLD 5 10.804688 1567440061.3018
CHLD 6 10.695312 1567440061.3018
CHLD 7 10.699219 1567440061.3019
MEM 715.484375 1567440061.4023
CHLD 0 1532.671875 1567440061.4123
CHLD 1 1524.070312 1567440061.4124
CHLD 2 1583.109375 1567440061.4125
CHLD 3 1539.042969 1567440061.4125
CHLD 4 10.835938 1567440061.4126
CHLD 5 10.804688 1567440061.4127
CHLD 6 10.695312 1567440061.4127
CHLD 7 10.699219 1567440061.4128
MEM 715.484375 1567440061.5133
CHLD 0 1532.671875 1567440061.5275
CHLD 1 1524.070312 1567440061.5275
CHLD 2 1583.109375 1567440061.5276
CHLD 3 1539.042969 1567440061.5277
CHLD 4 10.835938 1567440061.5277
CHLD 5 10.804688 1567440061.5278
CHLD 6 10.695312 1567440061.5278
CHLD 7 10.699219 1567440061.5278
MEM 715.484375 1567440061.6299
CHLD 0 1532.671875 1567440061.6509
CHLD 1 1524.070312 1567440061.6510
CHLD 2 1583.109375 1567440061.6511
CHLD 3 1539.042969 1567440061.6511
CHLD 4 10.835938 1567440061.6512
CHLD 5 10.804688 1567440061.6513
CHLD 6 10.695312 1567440061.6513
CHLD 7 10.699219 1567440061.6514
MEM 715.484375 1567440061.7519
CHLD 0 1532.671875 1567440061.7664
CHLD 1 1524.070312 1567440061.7664
CHLD 2 1583.109375 1567440061.7665
CHLD 3 1539.042969 1567440061.7665
CHLD 4 10.835938 1567440061.7665
CHLD 5 10.804688 1567440061.7666
CHLD 6 10.695312 1567440061.7666
CHLD 7 10.699219 1567440061.7666
MEM 715.484375 1567440061.8680
CHLD 0 1532.671875 1567440061.8862
CHLD 1 1524.070312 1567440061.8863
CHLD 2 1583.109375 1567440061.8864
CHLD 3 1539.042969 1567440061.8864
CHLD 4 10.835938 1567440061.8865
CHLD 5 10.804688 1567440061.8865
CHLD 6 10.695312 1567440061.8866
CHLD 7 10.699219 1567440061.8866
MEM 715.484375 1567440061.9871
CHLD 0 1532.671875 1567440061.9955
CHLD 1 1524.070312 1567440061.9955
CHLD 2 1583.109375 1567440061.9956
CHLD 3 1539.042969 1567440061.9956
CHLD 4 10.835938 1567440061.9956
CHLD 5 10.804688 1567440061.9957
CHLD 6 10.695312 1567440061.9957
CHLD 7 10.699219 1567440061.9957
MEM 715.484375 1567440062.0962
CHLD 0 1532.671875 1567440062.1154
CHLD 1 1524.070312 1567440062.1155
CHLD 2 1583.109375 1567440062.1156
CHLD 3 1539.042969 1567440062.1156
CHLD 4 10.835938 1567440062.1157
CHLD 5 10.804688 1567440062.1157
CHLD 6 10.695312 1567440062.1177
CHLD 7 10.699219 1567440062.1179
MEM 715.484375 1567440062.2183
CHLD 0 1532.671875 1567440062.2315
CHLD 1 1524.070312 1567440062.2316
CHLD 2 1583.109375 1567440062.2316
CHLD 3 1539.042969 1567440062.2317
CHLD 4 10.835938 1567440062.2318
CHLD 5 10.804688 1567440062.2319
CHLD 6 10.695312 1567440062.2320
CHLD 7 10.699219 1567440062.2320
MEM 715.484375 1567440062.3325
CHLD 0 1532.671875 1567440062.3442
CHLD 1 1524.070312 1567440062.3452
CHLD 2 1583.109375 1567440062.3453
CHLD 3 1539.042969 1567440062.3453
CHLD 4 10.835938 1567440062.3454
CHLD 5 10.804688 1567440062.3455
CHLD 6 10.695312 1567440062.3455
CHLD 7 10.699219 1567440062.3456
MEM 715.714844 1567440062.4726
CHLD 0 0.000000 1567440062.4932
CHLD 1 0.000000 1567440062.4933
CHLD 2 0.000000 1567440062.4934
CHLD 3 0.000000 1567440062.4934
CHLD 4 0.000000 1567440062.4935
CHLD 5 10.695312 1567440062.4936
CHLD 6 10.699219 1567440062.4936
MEM 728.558594 1567440062.5941
MEM 732.613281 1567440062.7085
MEM 733.093750 1567440062.8217
MEM 733.414062 1567440062.9322
MEM 733.414062 1567440063.0445
MEM 733.476562 1567440063.1636
MEM 733.230469 1567440063.2765
